53877 20020101  1.006  -82.61   35.49     2.3    -9.9    -3.8    -5.2 -9999.0     9.41 R -9999.0 -9999.0    -4.4 -9999.0 -9999.0 -9999.0 -99.000 -99.000 -99.000 -99.000 -99.000 -9999.0 -9999.0 -9999.0 -9999.0 -9999.0
53877 20020102  1.006  -82.61   35.49    -1.5    -9.7    -5.6    -4.7 -9999.0     3.63 R -9999.0 -9999.0    -2.9 -9999.0 -9999.0 -9999.0 -99.000 -99.000 -99.000 -99.000 -99.000 -9999.0 -9999.0 -9999.0 -9999.0 -9999.0
53877 20020103  1.006  -82.61   35.49    -0.5    -5.5    -3.0    -3.2 -9999.0     5.95 R -9999.0 -9999.0    -2.8 -9999.0 -9999.0 -9999.0 -99.000 -99.000 -99.000 -99.000 -99.000 -9999.0 -9999.0 -9999.0 -9999.0 -9999.0
53877 20020104  1.006  -82.61   35.49     5.2    -9.3    -2.0    -3.4 -9999.0     9.91 R -9999.0 -9999.0    -3.0 -9999.0 -9999.0 -9999.0 -99.000 -99.000 -99.000 -99.000 -99.000 -9999.0 -9999.0 -9999.0 -9999.0 -9999.0
53877 20020105  1.006  -82.61   35.49    10.2   -12.2    -1.0    -2.9 -9999.0     9.58 R -9999.0 -9999.0    -2.0 -9999.0 -9999.0 -9999.0 -99.000 -99.000 -99.000 -99.000 -99.000 -9999.0 -9999.0 -9999.0 -9999.0 -9999.0
53877 20020106  1.006  -82.61   35.49     4.3    -1.9     1.2     1.1 -9999.0     3.50 R -9999.0 -9999.0     0.5 -9999.0 -9999.0 -9999.0 -99.000 -99.000 -99.000 -99.000 -99.000 -9999.0 -9999.0 -9999.0 -9999.0 -9999.0
53877 20020107  1.006  -82.61   35.49     1.1    -3.9    -1.4    -0.8 -9999.0     2.75 R -9999.0 -9999.0    -1.2 -9999.0 -9999.0 -9999.0 -99.000 -99.000 -99.000 -99.000 -99.000 -9999.0 -9999.0 -9999.0 -9999.0 -9999.0
53877 20020108  1.006  -82.61   35.49     3.6    -7.3    -1.8    -3.1 -9999.0    10.29 R -9999.0 -9999.0    -2.7 -9999.0 -9999.0 -9999.0 -99.000 -99.000 -99.000 -99.000 -99.000 -9999.0 -9999.0 -9999.0 -9999.0 -9999.0
53877 20020109  1.006  -82.61   35.49    17.0    -8.5     4.3     1.6 -9999.0     9.79 R -9999.0 -9999.0     1.5 -9999.0 -9999.0 -9999.0 -99.000 -99.000 -99.000 -99.000 -99.000 -9999.0 -9999.0 -9999.0 -9999.0 -9999.0
53877 20020110  1.006  -82.61   35.49    17.1    -2.3     7.4     8.0 -9999.0     9.24 R -9999.0 -9999.0     6.3 -9999.0 -9999.0 -9999.0 -99.000 -99.000 -99.000 -99.000 -99.000 -9999.0 -9999.0 -9999.0 -9999.0 -9999.0
53877 20020111  1.006  -82.61   35.49    12.6    -4.0     4.3     5.7 -9999.0     8.59 R -9999.0 -9999.0     4.9 -9999.0 -9999.0 -9999.0 -99.000 -99.000 -99.000 -99.000 -99.000 -9999.0 -9999.0 -9999.0 -9999.0 -9999.0
53877 20020112  1.006  -82.61   35.49     9.3    -8.3     0.5    -0.2 -9999.0     5.15 R -9999.0 -9999.0    -0.6 -9999.0 -9999.0 -9999.0 -99.000 -99.000 -99.000 -99.000 -99.000 -9999.0 -9999.0 -9999.0 -9999.0 -9999.0
53877 20020113  1.006  -82.61   35.49     9.8    -5.9     2.0     2.4 -9999.0    10.62 R -9999.0 -9999.0     1.3 -9999.0 -9999.0 -9999.0 -99.000 -99.000 -99.000 -99.000 -99.000 -9999.0 -9999.0 -9999.0 -9999.0 -9999.0
53877 20020114  1.006  -82.61   35.49     9.1    -7.6     0.8     0.7 -9999.0     6.20 R -9999.0 -9999.0     0.2 -9999.0 -9999.0 -9999.0 -99.000 -99.000 -99.000 -99.000 -99.000 -9999.0 -9999.0 -9999.0 -9999.0 -9999.0
53877 20020115  1.006  -82.61   35.49     9.4    -3.4     3.0     3.2 -9999.0    10.59 R -9999.0 -9999.0     2.0 -9999.0 -9999.0 -9999.0 -99.000 -99.000 -99.000 -99.000 -99.000 -9999.0 -9999.0 -9999.0 -9999.0 -9999.0
53877 20020116  1.006  -82.61   35.49     9.8    -4.6     2.6     1.1 -9999.0     8.40 R -9999.0 -9999.0     0.6 -9999.0 -9999.0 -9999.0 -99.000 -99.000 -99.000 -99.000 -99.000 -9999.0 -9999.0 -9999.0 -9999.0 -9999.0
53877 20020117  1.006  -82.61   35.49    13.9    -6.4     3.8     2.8 -9999.0     9.03 R -9999.0 -9999.0     2.8 -9999.0 -9999.0 -9999.0 -99.000 -99.000 -99.000 -99.000 -99.000 -9999.0 -9999.0 -9999.0 -9999.0 -9999.0
53877 20020118  1.006  -82.61   35.49     6.7    -1.2     2.8     2.8 -9999.0     4.26 R -9999.0 -9999.0     3.1 -9999.0 -9999.0 -9999.0 -99.000 -99.000 -99.000 -99.000 -99.000 -9999.0 -9999.0 -9999.0 -9999.0 -9999.0
53877 20020119  1.006  -82.61   35.49     4.8     0.2     2.5     2.5 -9999.0     1.13 R -9999.0 -9999.0     2.5 -9999.0 -9999.0 -9999.0 -99.000 -99.000 -99.000 -99.000 -99.000 -9999.0 -9999.0 -9999.0 -9999.0 -9999.0
53877 20020120  1.006  -82.61   35.49     8.6    -2.5     3.1     2.8 -9999.0     9.91 R -9999.0 -9999.0     3.0 -9999.0 -9999.0 -9999.0 -99.000 -99.000 -99.000 -99.000 -99.000 -9999.0 -9999.0 -9999.0 -9999.0 -9999.0
53877 20020121  1.006  -82.61   35.49    14.3    -2.0     6.2     4.6 -9999.0    10.51 R -9999.0 -9999.0     4.5 -9999.0 -9999.0 -9999.0 -99.000 -99.000 -99.000 -99.000 -99.000 -9999.0 -9999.0 -9999.0 -9999.0 -9999.0
53877 20020122  1.006  -82.61   35.49    12.1    -6.2     3.0     3.3 -9999.0    10.37 R -9999.0 -9999.0     2.9 -9999.0 -9999.0 -9999.0 -99.000 -99.000 -99.000 -99.000 -99.000 -9999.0 -9999.0 -9999.0 -9999.0 -9999.0
53877 20020123  1.006  -82.61   35.49    11.4     3.7     7.6     7.3 -9999.0     2.61 R -9999.0 -9999.0     7.1 -9999.0 -9999.0 -9999.0 -99.000 -99.000 -99.000 -99.000 -99.000 -9999.0 -9999.0 -9999.0 -9999.0 -9999.0
53877 20020124  1.006  -82.61   35.49    12.9     3.2     8.1     9.0 -9999.0     2.22 R -9999.0 -9999.0     8.0 -9999.0 -9999.0 -9999.0 -99.000 -99.000 -99.000 -99.000 -99.000 -9999.0 -9999.0 -9999.0 -9999.0 -9999.0
53877 20020125  1.006  -82.61   35.49     9.9    -4.7     2.6     4.6 -9999.0    11.13 R -9999.0 -9999.0     5.2 -9999.0 -9999.0 -9999.0 -99.000 -99.000 -99.000 -99.000 -99.000 -9999.0 -9999.0 -9999.0 -9999.0 -9999.0
53877 20020126  1.006  -82.61   35.49    14.8    -8.4     3.2     0.2 -9999.0    12.46 R -9999.0 -9999.0     1.3 -9999.0 -9999.0 -9999.0 -99.000 -99.000 -99.000 -99.000 -99.000 -9999.0 -9999.0 -9999.0 -9999.0 -9999.0
53877 20020127  1.006  -82.61   35.49    16.2    -7.8     4.2     2.4 -9999.0    12.19 R -9999.0 -9999.0     2.7 -9999.0 -9999.0 -9999.0 -99.000 -99.000 -99.000 -99.000 -99.000 -9999.0 -9999.0 -9999.0 -9999.0 -9999.0
53877 20020128  1.006  -82.61   35.49    21.1    -4.3     8.4     5.6 -9999.0    12.56 R -9999.0 -9999.0     5.3 -9999.0 -9999.0 -9999.0 -99.000 -99.000 -99.000 -99.000 -99.000 -9999.0 -9999.0 -9999.0 -9999.0 -9999.0
53877 20020129  1.006  -82.61   35.49    22.5     0.4    11.5     9.8 -9999.0    10.54 R -9999.0 -9999.0     9.3 -9999.0 -9999.0 -9999.0 -99.000 -99.000 -99.000 -99.000 -99.000 -9999.0 -9999.0 -9999.0 -9999.0 -9999.0
53877 20020130  1.006  -82.61   35.49    23.9     1.6    12.8    11.2 -9999.0    12.74 R -9999.0 -9999.0    10.9 -9999.0 -9999.0 -9999.0 -99.000 -99.000 -99.000 -99.000 -99.000 -9999.0 -9999.0 -9999.0 -9999.0 -9999.0
53877 20020131  1.006  -82.61   35.49    23.2     4.8    14.0    14.4 -9999.0    10.69 R -9999.0 -9999.0    13.1 -9999.0 -9999.0 -9999.0 -99.000 -99.000 -99.000 -99.000 -99.000 -9999.0 -9999.0 -9999.0 -9999.0 -9999.0
53877 20020201  1.006  -82.61   35.49    21.3     2.0    11.7    13.7 -9999.0    10.39 R -9999.0 -9999.0    13.0 -9999.0 -9999.0 -9999.0 -99.000 -99.000 -99.000 -99.000 -99.000 -9999.0 -9999.0 -9999.0 -9999.0 -9999.0
53877 20020202  1.006  -82.61   35.49     8.5    -1.3     3.6     2.6 -9999.0    13.93 R -9999.0 -9999.0     4.7 -9999.0 -9999.0 -9999.0 -99.000 -99.000 -99.000 -99.000 -99.000 -9999.0 -9999.0 -9999.0 -9999.0 -9999.0
53877 20020203  1.006  -82.61   35.49     4.8    -0.9     2.0     1.4 -9999.0     3.46 R -9999.0 -9999.0     3.2 -9999.0 -9999.0 -9999.0 -99.000 -99.000 -99.000 -99.000 -99.000 -9999.0 -9999.0 -9999.0 -9999.0 -9999.0
53877 20020204  1.006  -82.61   35.49     4.1    -5.1    -0.5     0.1 -9999.0    11.56 R -9999.0 -9999.0     1.0 -9999.0 -9999.0 -9999.0 -99.000 -99.000 -99.000 -99.000 -99.000 -9999.0 -9999.0 -9999.0 -9999.0 -9999.0
53877 20020205  1.006  -82.61   35.49     4.4    -7.2    -1.4    -2.1 -9999.0    10.77 R -9999.0 -9999.0     0.4 -9999.0 -9999.0 -9999.0 -99.000 -99.000 -99.000 -99.000 -99.000 -9999.0 -9999.0 -9999.0 -9999.0 -9999.0
53877 20020206  1.006  -82.61   35.49     2.9    -1.5     0.7     0.2 -9999.0     2.51 R -9999.0 -9999.0     1.1 -9999.0 -9999.0 -9999.0 -99.000 -99.000 -99.000 -99.000 -99.000 -9999.0 -9999.0 -9999.0 -9999.0 -9999.0
53877 20020207  1.006  -82.61   35.49     5.5     0.5     3.0     2.3 -9999.0     2.24 R -9999.0 -9999.0     3.2 -9999.0 -9999.0 -9999.0 -99.000 -99.000 -99.000 -99.000 -99.000 -9999.0 -9999.0 -9999.0 -9999.0 -9999.0
53877 20020208  1.006  -82.61   35.49    14.4    -2.9     5.8     4.2 -9999.0    14.33 R -9999.0 -9999.0     4.4 -9999.0 -9999.0 -9999.0 -99.000 -99.000 -99.000 -99.000 -99.000 -9999.0 -9999.0 -9999.0 -9999.0 -9999.0
53877 20020209  1.006  -82.61   35.49    15.2    -6.4     4.4     5.2 -9999.0    14.48 R -9999.0 -9999.0     5.2 -9999.0 -9999.0 -9999.0 -99.000 -99.000 -99.000 -99.000 -99.000 -9999.0 -9999.0 -9999.0 -9999.0 -9999.0
53877 20020210  1.006  -82.61   35.49    16.6     6.9    11.8    10.6 -9999.0     8.64 R -9999.0 -9999.0     9.7 -9999.0 -9999.0 -9999.0 -99.000 -99.000 -99.000 -99.000 -99.000 -9999.0 -9999.0 -9999.0 -9999.0 -9999.0
53877 20020211  1.006  -82.61   35.49     6.8    -5.0     0.9     2.3 -9999.0    13.31 R -9999.0 -9999.0     3.9 -9999.0 -9999.0 -9999.0 -99.000 -99.000 -99.000 -99.000 -99.000 -9999.0 -9999.0 -9999.0 -9999.0 -9999.0
53877 20020212  1.006  -82.61   35.49    12.0    -8.1     2.0     0.3 -9999.0    14.80 R -9999.0 -9999.0     2.6 -9999.0 -9999.0 -9999.0 -99.000 -99.000 -99.000 -99.000 -99.000 -9999.0 -9999.0 -9999.0 -9999.0 -9999.0
53877 20020213  1.006  -82.61   35.49    10.2    -3.4     3.4     4.0 -9999.0    13.92 R -9999.0 -9999.0     4.3 -9999.0 -9999.0 -9999.0 -99.000 -99.000 -99.000 -99.000 -99.000 -9999.0 -9999.0 -9999.0 -9999.0 -9999.0
53877 20020214  1.006  -82.61   35.49     9.5    -6.8     1.4     1.8 -9999.0    15.05 R -9999.0 -9999.0     3.2 -9999.0 -9999.0 -9999.0 -99.000 -99.000 -99.000 -99.000 -99.000 -9999.0 -9999.0 -9999.0 -9999.0 -9999.0
53877 20020215  1.006  -82.61   35.49    13.5    -2.7     5.4     4.5 -9999.0    13.38 R -9999.0 -9999.0     5.9 -9999.0 -9999.0 -9999.0 -99.000 -99.000 -99.000 -99.000 -99.000 -9999.0 -9999.0 -9999.0 -9999.0 -9999.0
53877 20020216  1.006  -82.61   35.49    12.6     0.4     6.5     6.1 -9999.0    13.53 R -9999.0 -9999.0     6.3 -9999.0 -9999.0 -9999.0 -99.000 -99.000 -99.000 -99.000 -99.000 -9999.0 -9999.0 -9999.0 -9999.0 -9999.0
53877 20020217  1.006  -82.61   35.49     7.7    -0.6     3.6     3.3 -9999.0    14.11 R -9999.0 -9999.0     3.6 -9999.0 -9999.0 -9999.0 -99.000 -99.000 -99.000 -99.000 -99.000 -9999.0 -9999.0 -9999.0 -9999.0 -9999.0
53877 20020218  1.006  -82.61   35.49    13.3    -6.0     3.7     2.5 -9999.0    16.05 R -9999.0 -9999.0     3.4 -9999.0 -9999.0 -9999.0 -99.000 -99.000 -99.000 -99.000 -99.000 -9999.0 -9999.0 -9999.0 -9999.0 -9999.0
53877 20020219  1.006  -82.61   35.49    14.9    -8.3     3.3     4.0 -9999.0     9.53 R -9999.0 -9999.0     4.2 -9999.0 -9999.0 -9999.0 -99.000 -99.000 -99.000 -99.000 -99.000 -9999.0 -9999.0 -9999.0 -9999.0 -9999.0
53877 20020220  1.006  -82.61   35.49    12.0     1.3     6.7     9.0 -9999.0     5.22 R -9999.0 -9999.0     7.7 -9999.0 -9999.0 -9999.0 -99.000 -99.000 -99.000 -99.000 -99.000 -9999.0 -9999.0 -9999.0 -9999.0 -9999.0
53877 20020221  1.006  -82.61   35.49    15.8    -0.5     7.7     7.2 -9999.0    14.53 R -9999.0 -9999.0     7.5 -9999.0 -9999.0 -9999.0 -99.000 -99.000 -99.000 -99.000 -99.000 -9999.0 -9999.0 -9999.0 -9999.0 -9999.0
53877 20020222  1.006  -82.61   35.49     5.6    -3.9     0.9     1.2 -9999.0     8.97 R -9999.0 -9999.0     2.9 -9999.0 -9999.0 -9999.0 -99.000 -99.000 -99.000 -99.000 -99.000 -9999.0 -9999.0 -9999.0 -9999.0 -9999.0
53877 20020223  1.006  -82.61   35.49    10.0    -4.0     3.0     2.7 -9999.0    16.62 R -9999.0 -9999.0     5.5 -9999.0 -9999.0 -9999.0 -99.000 -99.000 -99.000 -99.000 -99.000 -9999.0 -9999.0 -9999.0 -9999.0 -9999.0
53877 20020224  1.006  -82.61   35.49    16.3    -8.4     4.0     3.4 -9999.0    17.09 R -9999.0 -9999.0     5.0 -9999.0 -9999.0 -9999.0 -99.000 -99.000 -99.000 -99.000 -99.000 -9999.0 -9999.0 -9999.0 -9999.0 -9999.0
53877 20020225  1.006  -82.61   35.49    17.7    -4.8     6.5     6.9 -9999.0    15.35 R -9999.0 -9999.0     7.3 -9999.0 -9999.0 -9999.0 -99.000 -99.000 -99.000 -99.000 -99.000 -9999.0 -9999.0 -9999.0 -9999.0 -9999.0
53877 20020226  1.006  -82.61   35.49    18.0    -2.1     8.0     6.3 -9999.0    16.23 R -9999.0 -9999.0     8.1 -9999.0 -9999.0 -9999.0 -99.000 -99.000 -99.000 -99.000 -99.000 -9999.0 -9999.0 -9999.0 -9999.0 -9999.0
53877 20020227  1.006  -82.61   35.49    -2.1    -9.2    -5.6    -6.6 -9999.0    16.21 R -9999.0 -9999.0    -1.7 -9999.0 -9999.0 -9999.0 -99.000 -99.000 -99.000 -99.000 -99.000 -9999.0 -9999.0 -9999.0 -9999.0 -9999.0
53877 20020228  1.006  -82.61   35.49     2.7   -10.8    -4.0    -5.4 -9999.0    18.20 R -9999.0 -9999.0    -1.3 -9999.0 -9999.0 -9999.0 -99.000 -99.000 -99.000 -99.000 -99.000 -9999.0 -9999.0 -9999.0 -9999.0 -9999.0
53877 20020301  1.006  -82.61   35.49     8.9   -13.6    -2.3    -0.8 -9999.0    17.18 R -9999.0 -9999.0     1.9 -9999.0 -9999.0 -9999.0 -99.000 -99.000 -99.000 -99.000 -99.000 -9999.0 -9999.0 -9999.0 -9999.0 -9999.0
53877 20020302  1.006  -82.61   35.49     6.4     0.7     3.6     3.8 -9999.0     2.13 R -9999.0 -9999.0     4.0 -9999.0 -9999.0 -9999.0 -99.000 -99.000 -99.000 -99.000 -99.000 -9999.0 -9999.0 -9999.0 -9999.0 -9999.0
53877 20020303  1.006  -82.61   35.49     9.4    -5.3     2.1     2.8 -9999.0     4.64 R -9999.0 -9999.0     4.0 -9999.0 -9999.0 -9999.0 -99.000 -99.000 -99.000 -99.000 -99.000 -9999.0 -9999.0 -9999.0 -9999.0 -9999.0
53877 20020304  1.006  -82.61   35.49    -1.9   -12.1    -7.0    -6.6 -9999.0    18.68 R -9999.0 -9999.0    -1.8 -9999.0 -9999.0 -9999.0 -99.000 -99.000 -99.000 -99.000 -99.000 -9999.0 -9999.0 -9999.0 -9999.0 -9999.0
53877 20020305  1.006  -82.61   35.49     9.6   -13.4    -1.9    -2.7 -9999.0    19.20 R -9999.0 -9999.0     1.1 -9999.0 -9999.0 -9999.0 -99.000 -99.000 -99.000 -99.000 -99.000 -9999.0 -9999.0 -9999.0 -9999.0 -9999.0
53877 20020306  1.006  -82.61   35.49    15.8    -8.3     3.8     2.6 -9999.0    19.11 R -9999.0 -9999.0     4.7 -9999.0 -9999.0 -9999.0 -99.000 -99.000 -99.000 -99.000 -99.000 -9999.0 -9999.0 -9999.0 -9999.0 -9999.0
53877 20020307  1.006  -82.61   35.49    17.7    -4.5     6.6     5.6 -9999.0    16.48 R -9999.0 -9999.0     6.9 -9999.0 -9999.0 -9999.0 -99.000 -99.000 -99.000 -99.000 -99.000 -9999.0 -9999.0 -9999.0 -9999.0 -9999.0
53877 20020308  1.006  -82.61   35.49    18.6    -3.8     7.4     8.1 -9999.0    14.10 R -9999.0 -9999.0     8.3 -9999.0 -9999.0 -9999.0 -99.000 -99.000 -99.000 -99.000 -99.000 -9999.0 -9999.0 -9999.0 -9999.0 -9999.0
53877 20020309  1.006  -82.61   35.49    17.6     8.0    12.8    13.7 -9999.0     5.90 R -9999.0 -9999.0    12.4 -9999.0 -9999.0 -9999.0 -99.000 -99.000 -99.000 -99.000 -99.000 -9999.0 -9999.0 -9999.0 -9999.0 -9999.0
53877 20020310  1.006  -82.61   35.49     8.3    -3.5     2.4     2.7 -9999.0    20.43 R -9999.0 -9999.0     4.9 -9999.0 -9999.0 -9999.0 -99.000 -99.000 -99.000 -99.000 -99.000 -9999.0 -9999.0 -9999.0 -9999.0 -9999.0
53877 20020311  1.006  -82.61   35.49    13.0    -7.0     3.0     4.4 -9999.0    19.58 R -9999.0 -9999.0     6.7 -9999.0 -9999.0 -9999.0 -99.000 -99.000 -99.000 -99.000 -99.000 -9999.0 -9999.0 -9999.0 -9999.0 -9999.0
53877 20020312  1.006  -82.61   35.49     9.6     3.0     6.3     7.0 -9999.0     3.72 R -9999.0 -9999.0     7.9 -9999.0 -9999.0 -9999.0 -99.000 -99.000 -99.000 -99.000 -99.000 -9999.0 -9999.0 -9999.0 -9999.0 -9999.0
53877 20020313  1.006  -82.61   35.49    16.9     4.4    10.7    10.5 -9999.0     8.87 R -9999.0 -9999.0    10.9 -9999.0 -9999.0 -9999.0 -99.000 -99.000 -99.000 -99.000 -99.000 -9999.0 -9999.0 -9999.0 -9999.0 -9999.0
53877 20020314  1.006  -82.61   35.49    20.5     2.6    11.6    12.5 -9999.0    18.66 R -9999.0 -9999.0    13.6 -9999.0 -9999.0 -9999.0 -99.000 -99.000 -99.000 -99.000 -99.000 -9999.0 -9999.0 -9999.0 -9999.0 -9999.0
53877 20020315  1.006  -82.61   35.49    24.5     4.9    14.7    15.7 -9999.0    17.32 R -9999.0 -9999.0    15.3 -9999.0 -9999.0 -9999.0 -99.000 -99.000 -99.000 -99.000 -99.000 -9999.0 -9999.0 -9999.0 -9999.0 -9999.0
53877 20020316  1.006  -82.61   35.49    23.3     9.3    16.3    14.7 -9999.0    10.95 R -9999.0 -9999.0    14.9 -9999.0 -9999.0 -9999.0 -99.000 -99.000 -99.000 -99.000 -99.000 -9999.0 -9999.0 -9999.0 -9999.0 -9999.0
53877 20020317  1.006  -82.61   35.49    14.8     8.8    11.8    12.3     0.0     2.71 R -9999.0 -9999.0    12.8 -9999.0 -9999.0 -9999.0 -99.000 -99.000 -99.000 -99.000 -99.000 -9999.0 -9999.0 -9999.0 -9999.0 -9999.0
53877 20020318  1.006  -82.61   35.49    19.3     8.5    13.9    12.6 -9999.0     9.99 R -9999.0 -9999.0    14.0 -9999.0 -9999.0 -9999.0 -99.000 -99.000 -99.000 -99.000 -99.000 -9999.0 -9999.0 -9999.0 -9999.0 -9999.0
53877 20020319  1.006  -82.61   35.49    14.1    10.2    12.2    11.9 -9999.0     5.13 R -9999.0 -9999.0    12.4 -9999.0 -9999.0 -9999.0 -99.000 -99.000 -99.000 -99.000 -99.000 -9999.0 -9999.0 -9999.0 -9999.0 -9999.0
53877 20020320  1.006  -82.61   35.49    19.2     8.8    14.0    12.3 -9999.0     7.23 R -9999.0 -9999.0    13.4 -9999.0 -9999.0 -9999.0 -99.000 -99.000 -99.000 -99.000 -99.000 -9999.0 -9999.0 -9999.0 -9999.0 -9999.0
53877 20020321  1.006  -82.61   35.49    16.5     3.0     9.8    11.0 -9999.0    15.55 R -9999.0 -9999.0    12.4 -9999.0 -9999.0 -9999.0 -99.000 -99.000 -99.000 -99.000 -99.000 -9999.0 -9999.0 -9999.0 -9999.0 -9999.0
53877 20020322  1.006  -82.61   35.49     3.9    -6.4    -1.2    -1.6 -9999.0    22.52 R -9999.0 -9999.0     3.1 -9999.0 -9999.0 -9999.0 -99.000 -99.000 -99.000 -99.000 -99.000 -9999.0 -9999.0 -9999.0 -9999.0 -9999.0
53877 20020323  1.006  -82.61   35.49    13.5    -9.0     2.3     1.1 -9999.0    22.34 R -9999.0 -9999.0     5.5 -9999.0 -9999.0 -9999.0 -99.000 -99.000 -99.000 -99.000 -99.000 -9999.0 -9999.0 -9999.0 -9999.0 -9999.0
53877 20020324  1.006  -82.61   35.49    19.4    -5.3     7.1     7.0 -9999.0    21.70 R -9999.0 -9999.0     9.2 -9999.0 -9999.0 -9999.0 -99.000 -99.000 -99.000 -99.000 -99.000 -9999.0 -9999.0 -9999.0 -9999.0 -9999.0
53877 20020325  1.006  -82.61   35.49    23.4     0.8    12.1    12.5 -9999.0    21.56 R -9999.0 -9999.0    13.5 -9999.0 -9999.0 -9999.0 -99.000 -99.000 -99.000 -99.000 -99.000 -9999.0 -9999.0 -9999.0 -9999.0 -9999.0
53877 20020326  1.006  -82.61   35.49    18.6     8.1    13.4    13.9 -9999.0     4.87 R -9999.0 -9999.0    12.8 -9999.0 -9999.0 -9999.0 -99.000 -99.000 -99.000 -99.000 -99.000 -9999.0 -9999.0 -9999.0 -9999.0 -9999.0
53877 20020327  1.006  -82.61   35.49     8.8    -2.0     3.4     4.2 -9999.0    16.85 R -9999.0 -9999.0     7.8 -9999.0 -9999.0 -9999.0 -99.000 -99.000 -99.000 -99.000 -99.000 -9999.0 -9999.0 -9999.0 -9999.0 -9999.0
53877 20020328  1.006  -82.61   35.49    15.6    -4.4     5.6     5.8 -9999.0    22.73 R -9999.0 -9999.0     8.8 -9999.0 -9999.0 -9999.0 -99.000 -99.000 -99.000 -99.000 -99.000 -9999.0 -9999.0 -9999.0 -9999.0 -9999.0
53877 20020329  1.006  -82.61   35.49    21.5    -1.3    10.1    11.1 -9999.0    21.40 R -9999.0 -9999.0    12.6 -9999.0 -9999.0 -9999.0 -99.000 -99.000 -99.000 -99.000 -99.000 -9999.0 -9999.0 -9999.0 -9999.0 -9999.0
53877 20020330  1.006  -82.61   35.49    19.1    10.6    14.9    13.6 -9999.0     9.03 R -9999.0 -9999.0    14.6 -9999.0 -9999.0 -9999.0 -99.000 -99.000 -99.000 -99.000 -99.000 -9999.0 -9999.0 -9999.0 -9999.0 -9999.0
53877 20020331  1.006  -82.61   35.49    19.9     9.7    14.8    13.2 -9999.0     9.40 R -9999.0 -9999.0    14.3 -9999.0 -9999.0 -9999.0 -99.000 -99.000 -99.000 -99.000 -99.000 -9999.0 -9999.0 -9999.0 -9999.0 -9999.0
53877 20020401  1.006  -82.61   35.49    17.6     1.8     9.7    10.1 -9999.0    23.57 R -9999.0 -9999.0    12.3 -9999.0 -9999.0 -9999.0 -99.000 -99.000 -99.000 -99.000 -99.000 -9999.0 -9999.0 -9999.0 -9999.0 -9999.0
53877 20020402  1.006  -82.61   35.49 -9999.0 -9999.0 -9999.0 -9999.0 -9999.0 -9999.00 U -9999.0 -9999.0 -9999.0 -9999.0 -9999.0 -9999.0 -99.000 -99.000 -99.000 -99.000 -99.000 -9999.0 -9999.0 -9999.0 -9999.0 -9999.0
53877 20020403  1.006  -82.61   35.49    25.2     4.9    15.1    10.6 -9999.0    20.74 R -9999.0 -9999.0    13.2 -9999.0 -9999.0 -9999.0 -99.000 -99.000 -99.000 -99.000 -99.000 -9999.0 -9999.0 -9999.0 -9999.0 -9999.0
53877 20020404  1.006  -82.61   35.49    13.3     1.3     7.3     6.5 -9999.0    23.76 R -9999.0 -9999.0     9.6 -9999.0 -9999.0 -9999.0 -99.000 -99.000 -99.000 -99.000 -99.000 -9999.0 -9999.0 -9999.0 -9999.0 -9999.0
53877 20020405  1.006  -82.61   35.49    13.6    -1.2     6.2     6.5 -9999.0    24.34 R -9999.0 -9999.0     9.0 -9999.0 -9999.0 -9999.0 -99.000 -99.000 -99.000 -99.000 -99.000 -9999.0 -9999.0 -9999.0 -9999.0 -9999.0
53877 20020406  1.006  -82.61   35.49    12.4    -2.0     5.2     5.6 -9999.0    24.08 R -9999.0 -9999.0     8.0 -9999.0 -9999.0 -9999.0 -99.000 -99.000 -99.000 -99.000 -99.000 -9999.0 -9999.0 -9999.0 -9999.0 -9999.0
53877 20020407  1.006  -82.61   35.49    15.3    -2.5     6.4     7.7 -9999.0    24.05 R -9999.0 -9999.0     9.4 -9999.0 -9999.0 -9999.0 -99.000 -99.000 -99.000 -99.000 -99.000 -9999.0 -9999.0 -9999.0 -9999.0 -9999.0
53877 20020408  1.006  -82.61   35.49    19.5     4.9    12.2    13.6 -9999.0     8.38 R -9999.0 -9999.0    12.9 -9999.0 -9999.0 -9999.0 -99.000 -99.000 -99.000 -99.000 -99.000 -9999.0 -9999.0 -9999.0 -9999.0 -9999.0
53877 20020409  1.006  -82.61   35.49    18.1    12.7    15.4    14.6 -9999.0     9.27 R -9999.0 -9999.0    15.0 -9999.0 -9999.0 -9999.0 -99.000 -99.000 -99.000 -99.000 -99.000 -9999.0 -9999.0 -9999.0 -9999.0 -9999.0
53877 20020410  1.006  -82.61   35.49    22.8     9.8    16.3    15.6 -9999.0    21.62 R -9999.0 -9999.0    16.8 -9999.0 -9999.0 -9999.0 -99.000 -99.000 -99.000 -99.000 -99.000 -9999.0 -9999.0 -9999.0 -9999.0 -9999.0
53877 20020411  1.006  -82.61   35.49    20.2    10.3    15.3    15.4 -9999.0    20.09 R -9999.0 -9999.0    16.6 -9999.0 -9999.0 -9999.0 -99.000 -99.000 -99.000 -99.000 -99.000 -9999.0 -9999.0 -9999.0 -9999.0 -9999.0
53877 20020412  1.006  -82.61   35.49    15.1    10.8    13.0    13.7 -9999.0     6.97 R -9999.0 -9999.0    14.3 -9999.0 -9999.0 -9999.0 -99.000 -99.000 -99.000 -99.000 -99.000 -9999.0 -9999.0 -9999.0 -9999.0 -9999.0
53877 20020413  1.006  -82.61   35.49    21.6    12.6    17.1    16.2 -9999.0    19.14 R -9999.0 -9999.0    17.6 -9999.0 -9999.0 -9999.0 -99.000 -99.000 -99.000 -99.000 -99.000 -9999.0 -9999.0 -9999.0 -9999.0 -9999.0
53877 20020414  1.006  -82.61   35.49    22.1    12.9    17.5    17.3 -9999.0    12.43 R -9999.0 -9999.0    17.3 -9999.0 -9999.0 -9999.0 -99.000 -99.000 -99.000 -99.000 -99.000 -9999.0 -9999.0 -9999.0 -9999.0 -9999.0
53877 20020415  1.006  -82.61   35.49    26.6     9.1    17.9    18.2 -9999.0    19.12 R -9999.0 -9999.0    18.0 -9999.0 -9999.0 -9999.0 -99.000 -99.000 -99.000 -99.000 -99.000 -9999.0 -9999.0 -9999.0 -9999.0 -9999.0
53877 20020416  1.006  -82.61   35.49    28.2    10.2    19.2    19.7 -9999.0    22.08 R -9999.0 -9999.0    19.0 -9999.0 -9999.0 -9999.0 -99.000 -99.000 -99.000 -99.000 -99.000 -9999.0 -9999.0 -9999.0 -9999.0 -9999.0
53877 20020417  1.006  -82.61   35.49    27.1    10.2    18.7    17.3 -9999.0    15.88 R -9999.0 -9999.0    18.6 -9999.0 -9999.0 -9999.0 -99.000 -99.000 -99.000 -99.000 -99.000 -9999.0 -9999.0 -9999.0 -9999.0 -9999.0
53877 20020418  1.006  -82.61   35.49    29.3     9.5    19.4    19.1 -9999.0    19.78 R -9999.0 -9999.0    19.8 -9999.0 -9999.0 -9999.0 -99.000 -99.000 -99.000 -99.000 -99.000 -9999.0 -9999.0 -9999.0 -9999.0 -9999.0
53877 20020419  1.006  -82.61   35.49    27.4    11.6    19.5    19.2 -9999.0    16.76 R -9999.0 -9999.0    20.1 -9999.0 -9999.0 -9999.0 -99.000 -99.000 -99.000 -99.000 -99.000 -9999.0 -9999.0 -9999.0 -9999.0 -9999.0
53877 20020420  1.006  -82.61   35.49    29.4    11.7    20.6    19.9 -9999.0    18.63 R -9999.0 -9999.0    20.6 -9999.0 -9999.0 -9999.0 -99.000 -99.000 -99.000 -99.000 -99.000 -9999.0 -9999.0 -9999.0 -9999.0 -9999.0
53877 20020421  1.006  -82.61   35.49    29.5    13.5    21.5    20.4 -9999.0    18.17 R -9999.0 -9999.0    20.7 -9999.0 -9999.0 -9999.0 -99.000 -99.000 -99.000 -99.000 -99.000 -9999.0 -9999.0 -9999.0 -9999.0 -9999.0
53877 20020422  1.006  -82.61   35.49    23.1    11.4    17.3    18.2 -9999.0    20.08 R -9999.0 -9999.0    18.2 -9999.0 -9999.0 -9999.0 -99.000 -99.000 -99.000 -99.000 -99.000 -9999.0 -9999.0 -9999.0 -9999.0 -9999.0
53877 20020423  1.006  -82.61   35.49    19.8     6.1    13.0    11.9 -9999.0    23.63 R -9999.0 -9999.0    14.6 -9999.0 -9999.0 -9999.0 -99.000 -99.000 -99.000 -99.000 -99.000 -9999.0 -9999.0 -9999.0 -9999.0 -9999.0
53877 20020424  1.006  -82.61   35.49    18.5     1.8    10.2    11.1 -9999.0    11.27 R -9999.0 -9999.0    12.9 -9999.0 -9999.0 -9999.0 -99.000 -99.000 -99.000 -99.000 -99.000 -9999.0 -9999.0 -9999.0 -9999.0 -9999.0
53877 20020425  1.006  -82.61   35.49    17.6     4.3    11.0    12.5 -9999.0    23.72 R -9999.0 -9999.0    15.6 -9999.0 -9999.0 -9999.0 -99.000 -99.000 -99.000 -99.000 -99.000 -9999.0 -9999.0 -9999.0 -9999.0 -9999.0
53877 20020426  1.006  -82.61   35.49    14.6     4.7     9.7    10.3 -9999.0    13.66 R -9999.0 -9999.0    11.9 -9999.0 -9999.0 -9999.0 -99.000 -99.000 -99.000 -99.000 -99.000 -9999.0 -9999.0 -9999.0 -9999.0 -9999.0
53877 20020427  1.006  -82.61   35.49    19.0     8.4    13.7    13.4 -9999.0    15.40 R -9999.0 -9999.0    16.1 -9999.0 -9999.0 -9999.0 -99.000 -99.000 -99.000 -99.000 -99.000 -9999.0 -9999.0 -9999.0 -9999.0 -9999.0
53877 20020428  1.006  -82.61   35.49    27.4    13.8    20.6    19.3 -9999.0    11.91 R -9999.0 -9999.0    18.8 -9999.0 -9999.0 -9999.0 -99.000 -99.000 -99.000 -99.000 -99.000 -9999.0 -9999.0 -9999.0 -9999.0 -9999.0
53877 20020429  1.006  -82.61   35.49    22.1     8.9    15.5    16.5 -9999.0    26.77 R -9999.0 -9999.0    17.6 -9999.0 -9999.0 -9999.0 -99.000 -99.000 -99.000 -99.000 -99.000 -9999.0 -9999.0 -9999.0 -9999.0 -9999.0
53877 20020430  1.006  -82.61   35.49    22.2     2.4    12.3    13.0 -9999.0    21.07 R -9999.0 -9999.0    16.0 -9999.0 -9999.0 -9999.0 -99.000 -99.000 -99.000 -99.000 -99.000 -9999.0 -9999.0 -9999.0 -9999.0 -9999.0
53877 20020501  1.006  -82.61   35.49    24.2    12.0    18.1    17.8 -9999.0    21.33 R -9999.0 -9999.0    20.3 -9999.0 -9999.0 -9999.0 -99.000 -99.000 -99.000 -99.000 -99.000 -9999.0 -9999.0 -9999.0 -9999.0 -9999.0
53877 20020502  1.006  -82.61   35.49    31.6    13.7    22.7    21.1 -9999.0    22.16 R -9999.0 -9999.0    22.0 -9999.0 -9999.0 -9999.0 -99.000 -99.000 -99.000 -99.000 -99.000 -9999.0 -9999.0 -9999.0 -9999.0 -9999.0
53877 20020503  1.006  -82.61   35.49    18.1    11.9    15.0    14.2 -9999.0     6.81 R -9999.0 -9999.0    16.3 -9999.0 -9999.0 -9999.0 -99.000 -99.000 -99.000 -99.000 -99.000 -9999.0 -9999.0 -9999.0 -9999.0 -9999.0
53877 20020504  1.006  -82.61   35.49    12.5     8.3    10.4    10.4 -9999.0     6.48 R -9999.0 -9999.0    13.2 -9999.0 -9999.0 -9999.0 -99.000 -99.000 -99.000 -99.000 -99.000 -9999.0 -9999.0 -9999.0 -9999.0 -9999.0
53877 20020505  1.006  -82.61   35.49    24.6    10.7    17.7    16.4 -9999.0    25.76 R -9999.0 -9999.0    18.5 -9999.0 -9999.0 -9999.0 -99.000 -99.000 -99.000 -99.000 -99.000 -9999.0 -9999.0 -9999.0 -9999.0 -9999.0
53877 20020506  1.006  -82.61   35.49    24.3     9.4    16.9    15.9 -9999.0    24.64 R -9999.0 -9999.0    18.5 -9999.0 -9999.0 -9999.0 -99.000 -99.000 -99.000 -99.000 -99.000 -9999.0 -9999.0 -9999.0 -9999.0 -9999.0
53877 20020507  1.006  -82.61   35.49    29.3     7.4    18.4    18.2 -9999.0    24.83 R -9999.0 -9999.0    19.6 -9999.0 -9999.0 -9999.0 -99.000 -99.000 -99.000 -99.000 -99.000 -9999.0 -9999.0 -9999.0 -9999.0 -9999.0
53877 20020508  1.006  -82.61   35.49    27.8    10.9    19.4    20.0 -9999.0    19.00 R -9999.0 -9999.0    20.5 -9999.0 -9999.0 -9999.0 -99.000 -99.000 -99.000 -99.000 -99.000 -9999.0 -9999.0 -9999.0 -9999.0 -9999.0
53877 20020509  1.006  -82.61   35.49    29.4    12.8    21.1    19.5 -9999.0    20.27 R -9999.0 -9999.0    20.7 -9999.0 -9999.0 -9999.0 -99.000 -99.000 -99.000 -99.000 -99.000 -9999.0 -9999.0 -9999.0 -9999.0 -9999.0
53877 20020510  1.006  -82.61   35.49    23.5    13.7    18.6    17.4 -9999.0    12.56 R -9999.0 -9999.0    18.9 -9999.0 -9999.0 -9999.0 -99.000 -99.000 -99.000 -99.000 -99.000 -9999.0 -9999.0 -9999.0 -9999.0 -9999.0
53877 20020511  1.006  -82.61   35.49    18.6    13.7    16.2    15.9 -9999.0    13.03 R -9999.0 -9999.0    18.4 -9999.0 -9999.0 -9999.0 -99.000 -99.000 -99.000 -99.000 -99.000 -9999.0 -9999.0 -9999.0 -9999.0 -9999.0
53877 20020512  1.006  -82.61   35.49    27.0    14.9    21.0    19.7 -9999.0    18.95 R -9999.0 -9999.0    22.4 -9999.0 -9999.0 -9999.0 -99.000 -99.000 -99.000 -99.000 -99.000 -9999.0 -9999.0 -9999.0 -9999.0 -9999.0
53877 20020513  1.006  -82.61   35.49    25.9     9.1    17.5    17.9 -9999.0     9.99 R -9999.0 -9999.0    18.7 -9999.0 -9999.0 -9999.0 -99.000 -99.000 -99.000 -99.000 -99.000 -9999.0 -9999.0 -9999.0 -9999.0 -9999.0
53877 20020514  1.006  -82.61   35.49    17.6     5.8    11.7    11.1 -9999.0    26.89 R -9999.0 -9999.0    15.4 -9999.0 -9999.0 -9999.0 -99.000 -99.000 -99.000 -99.000 -99.000 -9999.0 -9999.0 -9999.0 -9999.0 -9999.0
53877 20020515  1.006  -82.61   35.49    22.7     1.9    12.3    12.7 -9999.0    28.92 R -9999.0 -9999.0    17.6 -9999.0 -9999.0 -9999.0 -99.000 -99.000 -99.000 -99.000 -99.000 -9999.0 -9999.0 -9999.0 -9999.0 -9999.0
53877 20020516  1.006  -82.61   35.49    24.7     2.7    13.7    15.1 -9999.0    27.67 R -9999.0 -9999.0    19.1 -9999.0 -9999.0 -9999.0 -99.000 -99.000 -99.000 -99.000 -99.000 -9999.0 -9999.0 -9999.0 -9999.0 -9999.0
53877 20020517  1.006  -82.61   35.49    25.3     7.5    16.4    17.7 -9999.0    20.17 R -9999.0 -9999.0    20.3 -9999.0 -9999.0 -9999.0 -99.000 -99.000 -99.000 -99.000 -99.000 -9999.0 -9999.0 -9999.0 -9999.0 -9999.0
53877 20020518  1.006  -82.61   35.49    18.7     5.6    12.2    11.8 -9999.0    20.98 R -9999.0 -9999.0    15.7 -9999.0 -9999.0 -9999.0 -99.000 -99.000 -99.000 -99.000 -99.000 -9999.0 -9999.0 -9999.0 -9999.0 -9999.0
53877 20020519  1.006  -82.61   35.49    14.3     2.2     8.3     8.3 -9999.0    29.56 R -9999.0 -9999.0    13.7 -9999.0 -9999.0 -9999.0 -99.000 -99.000 -99.000 -99.000 -99.000 -9999.0 -9999.0 -9999.0 -9999.0 -9999.0
53877 20020520  1.006  -82.61   35.49    14.4    -1.8     6.3     7.7 -9999.0    19.66 R -9999.0 -9999.0    12.2 -9999.0 -9999.0 -9999.0 -99.000 -99.000 -99.000 -99.000 -99.000 -9999.0 -9999.0 -9999.0 -9999.0 -9999.0
53877 20020521  1.006  -82.61   35.49    13.4     2.3     7.9     8.1 -9999.0    19.24 R -9999.0 -9999.0    12.8 -9999.0 -9999.0 -9999.0 -99.000 -99.000 -99.000 -99.000 -99.000 -9999.0 -9999.0 -9999.0 -9999.0 -9999.0
53877 20020522  1.006  -82.61   35.49    17.5     0.1     8.8     8.7 -9999.0    28.11 R -9999.0 -9999.0    14.3 -9999.0 -9999.0 -9999.0 -99.000 -99.000 -99.000 -99.000 -99.000 -9999.0 -9999.0 -9999.0 -9999.0 -9999.0
53877 20020523  1.006  -82.61   35.49    23.2    -1.4    10.9    11.4 -9999.0    29.49 R -9999.0 -9999.0    16.2 -9999.0 -9999.0 -9999.0 -99.000 -99.000 -99.000 -99.000 -99.000 -9999.0 -9999.0 -9999.0 -9999.0 -9999.0
53877 20020524  1.006  -82.61   35.49    25.8     2.9    14.4    15.1 -9999.0    27.56 R -9999.0 -9999.0    18.8 -9999.0 -9999.0 -9999.0 -99.000 -99.000 -99.000 -99.000 -99.000 -9999.0 -9999.0 -9999.0 -9999.0 -9999.0
53877 20020525  1.006  -82.61   35.49    27.1     6.0    16.6    17.1 -9999.0    27.36 R -9999.0 -9999.0    20.4 -9999.0 -9999.0 -9999.0 -99.000 -99.000 -99.000 -99.000 -99.000 -9999.0 -9999.0 -9999.0 -9999.0 -9999.0
53877 20020526  1.006  -82.61   35.49    26.9     8.8    17.9    16.8 -9999.0    23.25 R -9999.0 -9999.0    21.0 -9999.0 -9999.0 -9999.0 -99.000 -99.000 -99.000 -99.000 -99.000 -9999.0 -9999.0 -9999.0 -9999.0 -9999.0
53877 20020527  1.006  -82.61   35.49    25.0    12.0    18.5    16.1 -9999.0     9.94 R -9999.0 -9999.0    18.3 -9999.0 -9999.0 -9999.0 -99.000 -99.000 -99.000 -99.000 -99.000 -9999.0 -9999.0 -9999.0 -9999.0 -9999.0
53877 20020528  1.006  -82.61   35.49    25.2    11.6    18.4    17.7 -9999.0    25.50 R -9999.0 -9999.0    21.3 -9999.0 -9999.0 -9999.0 -99.000 -99.000 -99.000 -99.000 -99.000 -9999.0 -9999.0 -9999.0 -9999.0 -9999.0
53877 20020529  1.006  -82.61   35.49    25.6     9.3    17.5    17.3 -9999.0    23.59 R -9999.0 -9999.0    21.3 -9999.0 -9999.0 -9999.0 -99.000 -99.000 -99.000 -99.000 -99.000 -9999.0 -9999.0 -9999.0 -9999.0 -9999.0
53877 20020530  1.006  -82.61   35.49    24.1    10.6    17.4    18.2 -9999.0    18.65 R -9999.0 -9999.0    21.6 -9999.0 -9999.0 -9999.0 -99.000 -99.000 -99.000 -99.000 -99.000 -9999.0 -9999.0 -9999.0 -9999.0 -9999.0
53877 20020531  1.006  -82.61   35.49    28.1    14.7    21.4    20.6 -9999.0    24.85 R -9999.0 -9999.0    24.4 -9999.0 -9999.0 -9999.0 -99.000 -99.000 -99.000 -99.000 -99.000 -9999.0 -9999.0 -9999.0 -9999.0 -9999.0
53877 20020601  1.006  -82.61   35.49    29.9    14.0    22.0    21.5 -9999.0    25.87 R -9999.0 -9999.0    25.1 -9999.0 -9999.0 -9999.0 -99.000 -99.000 -99.000 -99.000 -99.000 -9999.0 -9999.0 -9999.0 -9999.0 -9999.0
53877 20020602  1.006  -82.61   35.49    29.9    13.6    21.8    21.8 -9999.0    21.95 R -9999.0 -9999.0    24.6 -9999.0 -9999.0 -9999.0 -99.000 -99.000 -99.000 -99.000 -99.000 -9999.0 -9999.0 -9999.0 -9999.0 -9999.0
53877 20020603  1.006  -82.61   35.49    29.8    17.0    23.4    22.5 -9999.0    19.84 R -9999.0 -9999.0    26.0 -9999.0 -9999.0 -9999.0 -99.000 -99.000 -99.000 -99.000 -99.000 -9999.0 -9999.0 -9999.0 -9999.0 -9999.0
53877 20020604  1.006  -82.61   35.49    31.0    17.1    24.1    22.0 -9999.0    18.53 R -9999.0 -9999.0    25.4 -9999.0 -9999.0 -9999.0 -99.000 -99.000 -99.000 -99.000 -99.000 -9999.0 -9999.0 -9999.0 -9999.0 -9999.0
53877 20020605  1.006  -82.61   35.49    28.4    15.7    22.1    20.8 -9999.0    16.89 R -9999.0 -9999.0    23.6 -9999.0 -9999.0 -9999.0 -99.000 -99.000 -99.000 -99.000 -99.000 -9999.0 -9999.0 -9999.0 -9999.0 -9999.0
53877 20020606  1.006  -82.61   35.49    25.1    15.1    20.1    19.2 -9999.0    11.83 R -9999.0 -9999.0    21.5 -9999.0 -9999.0 -9999.0 -99.000 -99.000 -99.000 -99.000 -99.000 -9999.0 -9999.0 -9999.0 -9999.0 -9999.0
53877 20020607  1.006  -82.61   35.49    25.9    15.8    20.9    20.6 -9999.0    24.52 R -9999.0 -9999.0    23.8 -9999.0 -9999.0 -9999.0 -99.000 -99.000 -99.000 -99.000 -99.000 -9999.0 -9999.0 -9999.0 -9999.0 -9999.0
53877 20020608  1.006  -82.61   35.49    23.2    11.0    17.1    17.1 -9999.0    19.40 R -9999.0 -9999.0    20.0 -9999.0 -9999.0 -9999.0 -99.000 -99.000 -99.000 -99.000 -99.000 -9999.0 -9999.0 -9999.0 -9999.0 -9999.0
53877 20020609  1.006  -82.61   35.49    26.8     7.1    17.0    17.2 -9999.0    29.31 R -9999.0 -9999.0    20.9 -9999.0 -9999.0 -9999.0 -99.000 -99.000 -99.000 -99.000 -99.000 -9999.0 -9999.0 -9999.0 -9999.0 -9999.0
53877 20020610  1.006  -82.61   35.49    27.5     8.6    18.1    18.2 -9999.0    28.74 R -9999.0 -9999.0    21.2 -9999.0 -9999.0 -9999.0 -99.000 -99.000 -99.000 -99.000 -99.000 -9999.0 -9999.0 -9999.0 -9999.0 -9999.0
53877 20020611  1.006  -82.61   35.49    28.9     7.5    18.2    18.5 -9999.0    29.71 R -9999.0 -9999.0    22.6 -9999.0 -9999.0 -9999.0 -99.000 -99.000 -99.000 -99.000 -99.000 -9999.0 -9999.0 -9999.0 -9999.0 -9999.0
53877 20020612  1.006  -82.61   35.49    28.8     9.6    19.2    19.9 -9999.0    28.50 R -9999.0 -9999.0    24.1 -9999.0 -9999.0 -9999.0 -99.000 -99.000 -99.000 -99.000 -99.000 -9999.0 -9999.0 -9999.0 -9999.0 -9999.0
53877 20020613  1.006  -82.61   35.49    28.9    13.4    21.2    21.2 -9999.0    21.93 R -9999.0 -9999.0    24.9 -9999.0 -9999.0 -9999.0 -99.000 -99.000 -99.000 -99.000 -99.000 -9999.0 -9999.0 -9999.0 -9999.0 -9999.0
53877 20020614  1.006  -82.61   35.49    22.4    14.2    18.3    19.0 -9999.0    10.63 R -9999.0 -9999.0    21.0 -9999.0 -9999.0 -9999.0 -99.000 -99.000 -99.000 -99.000 -99.000 -9999.0 -9999.0 -9999.0 -9999.0 -9999.0
53877 20020615  1.006  -82.61   35.49    23.4     9.2    16.3    17.1 -9999.0    30.07 R -9999.0 -9999.0    21.5 -9999.0 -9999.0 -9999.0 -99.000 -99.000 -99.000 -99.000 -99.000 -9999.0 -9999.0 -9999.0 -9999.0 -9999.0
53877 20020616  1.006  -82.61   35.49    24.1     6.1    15.1    16.3 -9999.0    22.65 R -9999.0 -9999.0    20.7 -9999.0 -9999.0 -9999.0 -99.000 -99.000 -99.000 -99.000 -99.000 -9999.0 -9999.0 -9999.0 -9999.0 -9999.0
53877 20020617  1.006  -82.61   35.49    25.2    10.4    17.8    17.8 -9999.0    21.67 R -9999.0 -9999.0    22.4 -9999.0 -9999.0 -9999.0 -99.000 -99.000 -99.000 -99.000 -99.000 -9999.0 -9999.0 -9999.0 -9999.0 -9999.0
53877 20020618  1.006  -82.61   35.49    27.8    10.9    19.4    19.9 -9999.0    28.21 R -9999.0 -9999.0    25.0 -9999.0 -9999.0 -9999.0 -99.000 -99.000 -99.000 -99.000 -99.000 -9999.0 -9999.0 -9999.0 -9999.0 -9999.0
53877 20020619  1.006  -82.61   35.49    27.1    11.7    19.4    19.3 -9999.0    24.68 R -9999.0 -9999.0    24.0 -9999.0 -9999.0 -9999.0 -99.000 -99.000 -99.000 -99.000 -99.000 -9999.0 -9999.0 -9999.0 -9999.0 -9999.0
53877 20020620  1.006  -82.61   35.49    26.6    11.1    18.9    18.6 -9999.0    18.66 R -9999.0 -9999.0    22.4 -9999.0 -9999.0 -9999.0 -99.000 -99.000 -99.000 -99.000 -99.000 -9999.0 -9999.0 -9999.0 -9999.0 -9999.0
53877 20020621  1.006  -82.61   35.49    26.1    10.0    18.1    18.1 -9999.0    29.61 R -9999.0 -9999.0    23.8 -9999.0 -9999.0 -9999.0 -99.000 -99.000 -99.000 -99.000 -99.000 -9999.0 -9999.0 -9999.0 -9999.0 -9999.0
53877 20020622  1.006  -82.61   35.49    26.7    10.0    18.4    19.2 -9999.0    23.32 R -9999.0 -9999.0    25.2 -9999.0 -9999.0 -9999.0 -99.000 -99.000 -99.000 -99.000 -99.000 -9999.0 -9999.0 -9999.0 -9999.0 -9999.0
53877 20020623  1.006  -82.61   35.49    24.7    17.4    21.1    20.7 -9999.0    12.48 R -9999.0 -9999.0    23.5 -9999.0 -9999.0 -9999.0 -99.000 -99.000 -99.000 -99.000 -99.000 -9999.0 -9999.0 -9999.0 -9999.0 -9999.0
53877 20020624  1.006  -82.61   35.49    28.2    16.6    22.4    21.5 -9999.0    18.20 R -9999.0 -9999.0    24.8 -9999.0 -9999.0 -9999.0 -99.000 -99.000 -99.000 -99.000 -99.000 -9999.0 -9999.0 -9999.0 -9999.0 -9999.0
53877 20020625  1.006  -82.61   35.49    29.9    17.4    23.7    22.9 -9999.0    21.19 R -9999.0 -9999.0    27.5 -9999.0 -9999.0 -9999.0 -99.000 -99.000 -99.000 -99.000 -99.000 -9999.0 -9999.0 -9999.0 -9999.0 -9999.0
53877 20020626  1.006  -82.61   35.49    28.4    18.3    23.4    21.7 -9999.0    16.92 R -9999.0 -9999.0    25.0 -9999.0 -9999.0 -9999.0 -99.000 -99.000 -99.000 -99.000 -99.000 -9999.0 -9999.0 -9999.0 -9999.0 -9999.0
53877 20020627  1.006  -82.61   35.49    26.5    18.2    22.4    21.2 -9999.0    18.92 R -9999.0 -9999.0    24.4 -9999.0 -9999.0 -9999.0 -99.000 -99.000 -99.000 -99.000 -99.000 -9999.0 -9999.0 -9999.0 -9999.0 -9999.0
53877 20020628  1.006  -82.61   35.49    26.3    17.5    21.9    21.2 -9999.0    16.88 R -9999.0 -9999.0    23.7 -9999.0 -9999.0 -9999.0 -99.000 -99.000 -99.000 -99.000 -99.000 -9999.0 -9999.0 -9999.0 -9999.0 -9999.0
53877 20020629  1.006  -82.61   35.49    28.9    15.4    22.2    21.6 -9999.0    23.95 R -9999.0 -9999.0    24.6 -9999.0 -9999.0 -9999.0 -99.000 -99.000 -99.000 -99.000 -99.000 -9999.0 -9999.0 -9999.0 -9999.0 -9999.0
53877 20020630  1.006  -82.61   35.49    29.4    14.9    22.2    22.1 -9999.0    25.45 R -9999.0 -9999.0    25.0 -9999.0 -9999.0 -9999.0 -99.000 -99.000 -99.000 -99.000 -99.000 -9999.0 -9999.0 -9999.0 -9999.0 -9999.0
53877 20020701  1.006  -82.61   35.49    30.4    16.7    23.6    23.1 -9999.0    25.10 R -9999.0 -9999.0    25.9 -9999.0 -9999.0 -9999.0 -99.000 -99.000 -99.000 -99.000 -99.000 -9999.0 -9999.0 -9999.0 -9999.0 -9999.0
53877 20020702  1.006  -82.61   35.49    30.2    15.9    23.1    20.5 -9999.0    17.27 R -9999.0 -9999.0    22.7 -9999.0 -9999.0 -9999.0 -99.000 -99.000 -99.000 -99.000 -99.000 -9999.0 -9999.0 -9999.0 -9999.0 -9999.0
53877 20020703  1.006  -82.61   35.49    29.8    15.5    22.7    21.0 -9999.0    22.47 R -9999.0 -9999.0    23.6 -9999.0 -9999.0 -9999.0 -99.000 -99.000 -99.000 -99.000 -99.000 -9999.0 -9999.0 -9999.0 -9999.0 -9999.0
53877 20020704  1.006  -82.61   35.49    29.6    15.4    22.5    21.4 -9999.0    23.28 R -9999.0 -9999.0    23.8 -9999.0 -9999.0 -9999.0 -99.000 -99.000 -99.000 -99.000 -99.000 -9999.0 -9999.0 -9999.0 -9999.0 -9999.0
53877 20020705  1.006  -82.61   35.49    31.1    13.5    22.3    22.6 -9999.0    26.81 R -9999.0 -9999.0    24.4 -9999.0 -9999.0 -9999.0 -99.000 -99.000 -99.000 -99.000 -99.000 -9999.0 -9999.0 -9999.0 -9999.0 -9999.0
53877 20020706  1.006  -82.61   35.49    30.1    16.5    23.3    22.6 -9999.0    27.19 R -9999.0 -9999.0    24.2 -9999.0 -9999.0 -9999.0 -99.000 -99.000 -99.000 -99.000 -99.000 -9999.0 -9999.0 -9999.0 -9999.0 -9999.0
53877 20020707  1.006  -82.61   35.49    28.2    14.4    21.3    21.3 -9999.0    25.73 R -9999.0 -9999.0    23.4 -9999.0 -9999.0 -9999.0 -99.000 -99.000 -99.000 -99.000 -99.000 -9999.0 -9999.0 -9999.0 -9999.0 -9999.0
53877 20020708  1.006  -82.61   35.49    28.7    13.8    21.3    21.3 -9999.0    26.10 R -9999.0 -9999.0    23.2 -9999.0 -9999.0 -9999.0 -99.000 -99.000 -99.000 -99.000 -99.000 -9999.0 -9999.0 -9999.0 -9999.0 -9999.0
53877 20020709  1.006  -82.61   35.49    29.7    15.4    22.6    21.4 -9999.0    21.62 R -9999.0 -9999.0    23.1 -9999.0 -9999.0 -9999.0 -99.000 -99.000 -99.000 -99.000 -99.000 -9999.0 -9999.0 -9999.0 -9999.0 -9999.0
53877 20020710  1.006  -82.61   35.49 -9999.0 -9999.0 -9999.0 -9999.0 -9999.0    16.04 R -9999.0 -9999.0    21.9 -9999.0 -9999.0 -9999.0 -99.000 -99.000 -99.000 -99.000 -99.000 -9999.0 -9999.0 -9999.0 -9999.0 -9999.0
53877 20020711  1.006  -82.61   35.49 -9999.0 -9999.0 -9999.0 -9999.0 -9999.0    18.89 R -9999.0 -9999.0    22.8 -9999.0 -9999.0 -9999.0 -99.000 -99.000 -99.000 -99.000 -99.000 -9999.0 -9999.0 -9999.0 -9999.0 -9999.0
53877 20020712  1.006  -82.61   35.49    20.7    15.8    18.3    18.1 -9999.0     9.91 R -9999.0 -9999.0    20.1 -9999.0 -9999.0 -9999.0 -99.000 -99.000 -99.000 -99.000 -99.000 -9999.0 -9999.0 -9999.0 -9999.0 -9999.0
53877 20020713  1.006  -82.61   35.49 -9999.0 -9999.0 -9999.0 -9999.0 -9999.0     4.49 R -9999.0 -9999.0    19.6 -9999.0 -9999.0 -9999.0 -99.000 -99.000 -99.000 -99.000 -99.000 -9999.0 -9999.0 -9999.0 -9999.0 -9999.0
53877 20020714  1.006  -82.61   35.49    26.6    18.8    22.7    21.3 -9999.0    15.64 R -9999.0 -9999.0    23.3 -9999.0 -9999.0 -9999.0 -99.000 -99.000 -99.000 -99.000 -99.000 -9999.0 -9999.0 -9999.0 -9999.0 -9999.0
53877 20020715  1.006  -82.61   35.49    28.2    16.5    22.4    21.4 -9999.0    20.05 R -9999.0 -9999.0    23.5 -9999.0 -9999.0 -9999.0 -99.000 -99.000 -99.000 -99.000 -99.000 -9999.0 -9999.0 -9999.0 -9999.0 -9999.0
53877 20020716  1.006  -82.61   35.49    28.9    15.3    22.1    22.0 -9999.0    26.77 R -9999.0 -9999.0    23.7 -9999.0 -9999.0 -9999.0 -99.000 -99.000 -99.000 -99.000 -99.000 -9999.0 -9999.0 -9999.0 -9999.0 -9999.0
53877 20020717  1.006  -82.61   35.49    29.3    15.4    22.4    22.2 -9999.0    24.50 R -9999.0 -9999.0    23.6 -9999.0 -9999.0 -9999.0 -99.000 -99.000 -99.000 -99.000 -99.000 -9999.0 -9999.0 -9999.0 -9999.0 -9999.0
53877 20020718  1.006  -82.61   35.49    28.6    15.8    22.2    22.0 -9999.0    21.60 R -9999.0 -9999.0    23.6 -9999.0 -9999.0 -9999.0 -99.000 -99.000 -99.000 -99.000 -99.000 -9999.0 -9999.0 -9999.0 -9999.0 -9999.0
53877 20020719  1.006  -82.61   35.49    29.2    15.3    22.3    21.9 -9999.0    21.17 R -9999.0 -9999.0    23.2 -9999.0 -9999.0 -9999.0 -99.000 -99.000 -99.000 -99.000 -99.000 -9999.0 -9999.0 -9999.0 -9999.0 -9999.0
53877 20020720  1.006  -82.61   35.49    27.6    16.8    22.2    21.4 -9999.0    20.95 R -9999.0 -9999.0    22.8 -9999.0 -9999.0 -9999.0 -99.000 -99.000 -99.000 -99.000 -99.000 -9999.0 -9999.0 -9999.0 -9999.0 -9999.0
53877 20020721  1.006  -82.61   35.49    30.5    15.1    22.8    22.7 -9999.0    27.30 R -9999.0 -9999.0    24.2 -9999.0 -9999.0 -9999.0 -99.000 -99.000 -99.000 -99.000 -99.000 -9999.0 -9999.0 -9999.0 -9999.0 -9999.0
53877 20020722  1.006  -82.61   35.49    29.7    16.0    22.9    23.1 -9999.0    26.25 R -9999.0 -9999.0    24.3 -9999.0 -9999.0 -9999.0 -99.000 -99.000 -99.000 -99.000 -99.000 -9999.0 -9999.0 -9999.0 -9999.0 -9999.0
53877 20020723  1.006  -82.61   35.49    29.6    16.6    23.1    22.0 -9999.0    20.74 R -9999.0 -9999.0    23.4 -9999.0 -9999.0 -9999.0 -99.000 -99.000 -99.000 -99.000 -99.000 -9999.0 -9999.0 -9999.0 -9999.0 -9999.0
53877 20020724  1.006  -82.61   35.49    28.6    16.6    22.6    22.1 -9999.0    19.50 R -9999.0 -9999.0    23.6 -9999.0 -9999.0 -9999.0 -99.000 -99.000 -99.000 -99.000 -99.000 -9999.0 -9999.0 -9999.0 -9999.0 -9999.0
53877 20020725  1.006  -82.61   35.49    27.7    18.6    23.2    21.6 -9999.0    14.96 R -9999.0 -9999.0    23.1 -9999.0 -9999.0 -9999.0 -99.000 -99.000 -99.000 -99.000 -99.000 -9999.0 -9999.0 -9999.0 -9999.0 -9999.0
53877 20020726  1.006  -82.61   35.49    29.3    17.8    23.6    22.4 -9999.0    18.91 R -9999.0 -9999.0    23.7 -9999.0 -9999.0 -9999.0 -99.000 -99.000 -99.000 -99.000 -99.000 -9999.0 -9999.0 -9999.0 -9999.0 -9999.0
53877 20020727  1.006  -82.61   35.49    30.8    16.1    23.5    23.2 -9999.0    22.50 R -9999.0 -9999.0    24.0 -9999.0 -9999.0 -9999.0 -99.000 -99.000 -99.000 -99.000 -99.000 -9999.0 -9999.0 -9999.0 -9999.0 -9999.0
53877 20020728  1.006  -82.61   35.49    31.2    17.0    24.1    23.5 -9999.0    22.43 R -9999.0 -9999.0    24.4 -9999.0 -9999.0 -9999.0 -99.000 -99.000 -99.000 -99.000 -99.000 -9999.0 -9999.0 -9999.0 -9999.0 -9999.0
53877 20020729  1.006  -82.61   35.49    31.9    17.3    24.6    23.7 -9999.0    22.39 R -9999.0 -9999.0    24.3 -9999.0 -9999.0 -9999.0 -99.000 -99.000 -99.000 -99.000 -99.000 -9999.0 -9999.0 -9999.0 -9999.0 -9999.0
53877 20020730  1.006  -82.61   35.49    32.6    17.4    25.0    24.3 -9999.0    22.85 R -9999.0 -9999.0    25.1 -9999.0 -9999.0 -9999.0 -99.000 -99.000 -99.000 -99.000 -99.000 -9999.0 -9999.0 -9999.0 -9999.0 -9999.0
53877 20020731  1.006  -82.61   35.49    30.9    17.6    24.3    23.0 -9999.0    23.93 R -9999.0 -9999.0    24.0 -9999.0 -9999.0 -9999.0 -99.000 -99.000 -99.000 -99.000 -99.000 -9999.0 -9999.0 -9999.0 -9999.0 -9999.0
53877 20020801  1.006  -82.61   35.49    31.8    15.2    23.5    23.0 -9999.0    25.50 R -9999.0 -9999.0    24.4 -9999.0 -9999.0 -9999.0 -99.000 -99.000 -99.000 -99.000 -99.000 -9999.0 -9999.0 -9999.0 -9999.0 -9999.0
53877 20020802  1.006  -82.61   35.49    30.7    15.2    23.0    21.8 -9999.0    16.54 R -9999.0 -9999.0    22.8 -9999.0 -9999.0 -9999.0 -99.000 -99.000 -99.000 -99.000 -99.000 -9999.0 -9999.0 -9999.0 -9999.0 -9999.0
53877 20020803  1.006  -82.61   35.49    30.9    15.2    23.1    22.5 -9999.0    24.44 R -9999.0 -9999.0    24.4 -9999.0 -9999.0 -9999.0 -99.000 -99.000 -99.000 -99.000 -99.000 -9999.0 -9999.0 -9999.0 -9999.0 -9999.0
53877 20020804  1.006  -82.61   35.49    31.6    14.5    23.1    22.6 -9999.0    25.60 R -9999.0 -9999.0    24.7 -9999.0 -9999.0 -9999.0 -99.000 -99.000 -99.000 -99.000 -99.000 -9999.0 -9999.0 -9999.0 -9999.0 -9999.0
53877 20020805  1.006  -82.61   35.49    33.3    13.5    23.4    23.0 -9999.0    25.43 R -9999.0 -9999.0    25.1 -9999.0 -9999.0 -9999.0 -99.000 -99.000 -99.000 -99.000 -99.000 -9999.0 -9999.0 -9999.0 -9999.0 -9999.0
53877 20020806  1.006  -82.61   35.49    31.1    14.8    23.0    22.6 -9999.0    18.42 R -9999.0 -9999.0    23.4 -9999.0 -9999.0 -9999.0 -99.000 -99.000 -99.000 -99.000 -99.000 -9999.0 -9999.0 -9999.0 -9999.0 -9999.0
53877 20020807  1.006  -82.61   35.49    29.4    11.1    20.3    19.2 -9999.0    26.59 R -9999.0 -9999.0    22.3 -9999.0 -9999.0 -9999.0 -99.000 -99.000 -99.000 -99.000 -99.000 -9999.0 -9999.0 -9999.0 -9999.0 -9999.0
53877 20020808  1.006  -82.61   35.49    29.3     7.7    18.5    18.5 -9999.0    26.04 R -9999.0 -9999.0    22.0 -9999.0 -9999.0 -9999.0 -99.000 -99.000 -99.000 -99.000 -99.000 -9999.0 -9999.0 -9999.0 -9999.0 -9999.0
53877 20020809  1.006  -82.61   35.49    28.6     9.3    19.0    19.2 -9999.0    25.84 R -9999.0 -9999.0    23.0 -9999.0 -9999.0 -9999.0 -99.000 -99.000 -99.000 -99.000 -99.000 -9999.0 -9999.0 -9999.0 -9999.0 -9999.0
53877 20020810  1.006  -82.61   35.49    29.9    11.7    20.8    20.2 -9999.0    23.60 R -9999.0 -9999.0    23.8 -9999.0 -9999.0 -9999.0 -99.000 -99.000 -99.000 -99.000 -99.000 -9999.0 -9999.0 -9999.0 -9999.0 -9999.0
53877 20020811  1.006  -82.61   35.49    30.7    12.9    21.8    21.8 -9999.0    19.52 R -9999.0 -9999.0    25.1 -9999.0 -9999.0 -9999.0 -99.000 -99.000 -99.000 -99.000 -99.000 -9999.0 -9999.0 -9999.0 -9999.0 -9999.0
53877 20020812  1.006  -82.61   35.49    32.0    15.0    23.5    22.7 -9999.0    24.08 R -9999.0 -9999.0    26.2 -9999.0 -9999.0 -9999.0 -99.000 -99.000 -99.000 -99.000 -99.000 -9999.0 -9999.0 -9999.0 -9999.0 -9999.0
53877 20020813  1.006  -82.61   35.49    31.5    12.2    21.9    21.4 -9999.0    21.99 R -9999.0 -9999.0    24.6 -9999.0 -9999.0 -9999.0 -99.000 -99.000 -99.000 -99.000 -99.000 -9999.0 -9999.0 -9999.0 -9999.0 -9999.0
53877 20020814  1.006  -82.61   35.49    30.9    12.9    21.9    22.2 -9999.0    20.97 R -9999.0 -9999.0    25.7 -9999.0 -9999.0 -9999.0 -99.000 -99.000 -99.000 -99.000 -99.000 -9999.0 -9999.0 -9999.0 -9999.0 -9999.0
53877 20020815  1.006  -82.61   35.49    30.3    18.4    24.4    22.7 -9999.0    16.28 R -9999.0 -9999.0    25.6 -9999.0 -9999.0 -9999.0 -99.000 -99.000 -99.000 -99.000 -99.000 -9999.0 -9999.0 -9999.0 -9999.0 -9999.0
53877 20020816  1.006  -82.61   35.49    27.4    18.6    23.0    22.0 -9999.0    13.66 R -9999.0 -9999.0    23.8 -9999.0 -9999.0 -9999.0 -99.000 -99.000 -99.000 -99.000 -99.000 -9999.0 -9999.0 -9999.0 -9999.0 -9999.0
53877 20020817  1.006  -82.61   35.49    29.7    17.3    23.5    22.0 -9999.0    15.13 R -9999.0 -9999.0    23.9 -9999.0 -9999.0 -9999.0 -99.000 -99.000 -99.000 -99.000 -99.000 -9999.0 -9999.0 -9999.0 -9999.0 -9999.0
53877 20020818  1.006  -82.61   35.49    30.8    14.6    22.7    21.2 -9999.0    15.73 R -9999.0 -9999.0    23.2 -9999.0 -9999.0 -9999.0 -99.000 -99.000 -99.000 -99.000 -99.000 -9999.0 -9999.0 -9999.0 -9999.0 -9999.0
53877 20020819  1.006  -82.61   35.49    30.4    15.8    23.1    20.7 -9999.0    15.38 R -9999.0 -9999.0    22.4 -9999.0 -9999.0 -9999.0 -99.000 -99.000 -99.000 -99.000 -99.000 -9999.0 -9999.0 -9999.0 -9999.0 -9999.0
53877 20020820  1.006  -82.61   35.49    30.7    14.9    22.8    22.0 -9999.0    23.12 R -9999.0 -9999.0    23.8 -9999.0 -9999.0 -9999.0 -99.000 -99.000 -99.000 -99.000 -99.000 -9999.0 -9999.0 -9999.0 -9999.0 -9999.0
53877 20020821  1.006  -82.61   35.49    31.3    15.1    23.2    22.6 -9999.0    22.32 R -9999.0 -9999.0    25.9 -9999.0 -9999.0 -9999.0 -99.000 -99.000 -99.000 -99.000 -99.000 -9999.0 -9999.0 -9999.0 -9999.0 -9999.0
53877 20020822  1.006  -82.61   35.49    31.9    14.8    23.4    22.3 -9999.0    16.80 R -9999.0 -9999.0    24.8 -9999.0 -9999.0 -9999.0 -99.000 -99.000 -99.000 -99.000 -99.000 -9999.0 -9999.0 -9999.0 -9999.0 -9999.0
53877 20020823  1.006  -82.61   35.49    32.6    15.8    24.2    23.2 -9999.0    17.23 R -9999.0 -9999.0    26.1 -9999.0 -9999.0 -9999.0 -99.000 -99.000 -99.000 -99.000 -99.000 -9999.0 -9999.0 -9999.0 -9999.0 -9999.0
53877 20020824  1.006  -82.61   35.49    31.5    17.4    24.5    22.2 -9999.0    12.97 R -9999.0 -9999.0    24.3 -9999.0 -9999.0 -9999.0 -99.000 -99.000 -99.000 -99.000 -99.000 -9999.0 -9999.0 -9999.0 -9999.0 -9999.0
53877 20020825  1.006  -82.61   35.49    27.6    16.2    21.9    20.1 -9999.0    10.84 R -9999.0 -9999.0    21.4 -9999.0 -9999.0 -9999.0 -99.000 -99.000 -99.000 -99.000 -99.000 -9999.0 -9999.0 -9999.0 -9999.0 -9999.0
53877 20020826  1.006  -82.61   35.49    26.7    13.1    19.9    19.1 -9999.0    14.78 R -9999.0 -9999.0    21.7 -9999.0 -9999.0 -9999.0 -99.000 -99.000 -99.000 -99.000 -99.000 -9999.0 -9999.0 -9999.0 -9999.0 -9999.0
53877 20020827  1.006  -82.61   35.49    26.0    13.3    19.7    19.5 -9999.0    18.00 R -9999.0 -9999.0    22.2 -9999.0 -9999.0 -9999.0 -99.000 -99.000 -99.000 -99.000 -99.000 -9999.0 -9999.0 -9999.0 -9999.0 -9999.0
53877 20020828  1.006  -82.61   35.49    25.6    15.8    20.7    19.9 -9999.0    17.25 R -9999.0 -9999.0    22.7 -9999.0 -9999.0 -9999.0 -99.000 -99.000 -99.000 -99.000 -99.000 -9999.0 -9999.0 -9999.0 -9999.0 -9999.0
53877 20020829  1.006  -82.61   35.49    25.0    15.9    20.5    20.4 -9999.0    19.28 R -9999.0 -9999.0    23.6 -9999.0 -9999.0 -9999.0 -99.000 -99.000 -99.000 -99.000 -99.000 -9999.0 -9999.0 -9999.0 -9999.0 -9999.0
53877 20020830  1.006  -82.61   35.49    25.5    16.4    21.0    20.6 -9999.0    14.38 R -9999.0 -9999.0    23.0 -9999.0 -9999.0 -9999.0 -99.000 -99.000 -99.000 -99.000 -99.000 -9999.0 -9999.0 -9999.0 -9999.0 -9999.0
53877 20020831  1.006  -82.61   35.49    22.9    17.5    20.2    19.6 -9999.0    10.99 R -9999.0 -9999.0    21.8 -9999.0 -9999.0 -9999.0 -99.000 -99.000 -99.000 -99.000 -99.000 -9999.0 -9999.0 -9999.0 -9999.0 -9999.0
53877 20020901  1.006  -82.61   35.49    26.6    16.6    21.6    20.5 -9999.0    17.83 R -9999.0 -9999.0    23.4 -9999.0 -9999.0 -9999.0 -99.000 -99.000 -99.000 -99.000 -99.000 -9999.0 -9999.0 -9999.0 -9999.0 -9999.0
53877 20020902  1.006  -82.61   35.49    29.1    16.6    22.9    21.4 -9999.0    16.84 R -9999.0 -9999.0    24.2 -9999.0 -9999.0 -9999.0 -99.000 -99.000 -99.000 -99.000 -99.000 -9999.0 -9999.0 -9999.0 -9999.0 -9999.0
53877 20020903  1.006  -82.61   35.49    29.6    13.8    21.7    20.9 -9999.0    17.50 R -9999.0 -9999.0    23.7 -9999.0 -9999.0 -9999.0 -99.000 -99.000 -99.000 -99.000 -99.000 -9999.0 -9999.0 -9999.0 -9999.0 -9999.0
53877 20020904  1.006  -82.61   35.49    31.7    15.0    23.4    22.6 -9999.0    20.88 R -9999.0 -9999.0    26.4 -9999.0 -9999.0 -9999.0 -99.000 -99.000 -99.000 -99.000 -99.000 -9999.0 -9999.0 -9999.0 -9999.0 -9999.0
53877 20020905  1.006  -82.61   35.49    30.3    14.7    22.5    21.3 -9999.0    22.20 R -9999.0 -9999.0    25.4 -9999.0 -9999.0 -9999.0 -99.000 -99.000 -99.000 -99.000 -99.000 -9999.0 -9999.0 -9999.0 -9999.0 -9999.0
53877 20020906  1.006  -82.61   35.49    29.4    11.2    20.3    19.3 -9999.0    20.64 R -9999.0 -9999.0    23.2 -9999.0 -9999.0 -9999.0 -99.000 -99.000 -99.000 -99.000 -99.000 -9999.0 -9999.0 -9999.0 -9999.0 -9999.0
53877 20020907  1.006  -82.61   35.49    28.3    10.6    19.5    19.1 -9999.0    21.91 R -9999.0 -9999.0    23.7 -9999.0 -9999.0 -9999.0 -99.000 -99.000 -99.000 -99.000 -99.000 -9999.0 -9999.0 -9999.0 -9999.0 -9999.0
53877 20020908  1.006  -82.61   35.49    29.4    10.8    20.1    19.0 -9999.0    22.35 R -9999.0 -9999.0    23.4 -9999.0 -9999.0 -9999.0 -99.000 -99.000 -99.000 -99.000 -99.000 -9999.0 -9999.0 -9999.0 -9999.0 -9999.0
53877 20020909  1.006  -82.61   35.49    31.9     7.8    19.9    18.6 -9999.0    22.84 R -9999.0 -9999.0    22.8 -9999.0 -9999.0 -9999.0 -99.000 -99.000 -99.000 -99.000 -99.000 -9999.0 -9999.0 -9999.0 -9999.0 -9999.0
53877 20020910  1.006  -82.61   35.49    31.7     7.7    19.7    18.8 -9999.0    22.61 R -9999.0 -9999.0    22.7 -9999.0 -9999.0 -9999.0 -99.000 -99.000 -99.000 -99.000 -99.000 -9999.0 -9999.0 -9999.0 -9999.0 -9999.0
53877 20020911  1.006  -82.61   35.49    30.0     9.6    19.8    19.4 -9999.0    21.08 R -9999.0 -9999.0    23.3 -9999.0 -9999.0 -9999.0 -99.000 -99.000 -99.000 -99.000 -99.000 -9999.0 -9999.0 -9999.0 -9999.0 -9999.0
53877 20020912  1.006  -82.61   35.49    26.4     9.6    18.0    17.9 -9999.0    22.14 R -9999.0 -9999.0    22.3 -9999.0 -9999.0 -9999.0 -99.000 -99.000 -99.000 -99.000 -99.000 -9999.0 -9999.0 -9999.0 -9999.0 -9999.0
53877 20020913  1.006  -82.61   35.49    23.6    11.6    17.6    17.8 -9999.0     8.76 R -9999.0 -9999.0    20.2 -9999.0 -9999.0 -9999.0 -99.000 -99.000 -99.000 -99.000 -99.000 -9999.0 -9999.0 -9999.0 -9999.0 -9999.0
53877 20020914  1.006  -82.61   35.49    21.7    17.4    19.6    19.1 -9999.0     4.99 R -9999.0 -9999.0    20.3 -9999.0 -9999.0 -9999.0 -99.000 -99.000 -99.000 -99.000 -99.000 -9999.0 -9999.0 -9999.0 -9999.0 -9999.0
53877 20020915  1.006  -82.61   35.49    20.3    17.5    18.9    18.8 -9999.0     5.13 R -9999.0 -9999.0    20.1 -9999.0 -9999.0 -9999.0 -99.000 -99.000 -99.000 -99.000 -99.000 -9999.0 -9999.0 -9999.0 -9999.0 -9999.0
53877 20020916  1.006  -82.61   35.49    27.0    17.0    22.0    21.0 -9999.0    15.27 R -9999.0 -9999.0    22.7 -9999.0 -9999.0 -9999.0 -99.000 -99.000 -99.000 -99.000 -99.000 -9999.0 -9999.0 -9999.0 -9999.0 -9999.0
53877 20020917  1.006  -82.61   35.49    24.8    15.6    20.2    19.7 -9999.0     9.20 R -9999.0 -9999.0    21.0 -9999.0 -9999.0 -9999.0 -99.000 -99.000 -99.000 -99.000 -99.000 -9999.0 -9999.0 -9999.0 -9999.0 -9999.0
53877 20020918  1.006  -82.61   35.49    23.2    17.7    20.5    20.5 -9999.0     6.76 R -9999.0 -9999.0    21.1 -9999.0 -9999.0 -9999.0 -99.000 -99.000 -99.000 -99.000 -99.000 -9999.0 -9999.0 -9999.0 -9999.0 -9999.0
53877 20020919  1.006  -82.61   35.49    27.1    16.6    21.9    20.9 -9999.0    12.73 R -9999.0 -9999.0    22.0 -9999.0 -9999.0 -9999.0 -99.000 -99.000 -99.000 -99.000 -99.000 -9999.0 -9999.0 -9999.0 -9999.0 -9999.0
53877 20020920  1.006  -82.61   35.49    21.8    19.5    20.7    20.4 -9999.0     3.01 R -9999.0 -9999.0    20.9 -9999.0 -9999.0 -9999.0 -99.000 -99.000 -99.000 -99.000 -99.000 -9999.0 -9999.0 -9999.0 -9999.0 -9999.0
53877 20020921  1.006  -82.61   35.49    22.2    18.6    20.4    19.8 -9999.0     5.25 R -9999.0 -9999.0    20.6 -9999.0 -9999.0 -9999.0 -99.000 -99.000 -99.000 -99.000 -99.000 -9999.0 -9999.0 -9999.0 -9999.0 -9999.0
53877 20020922  1.006  -82.61   35.49    21.2    17.5    19.4    19.2 -9999.0     3.05 R -9999.0 -9999.0    19.8 -9999.0 -9999.0 -9999.0 -99.000 -99.000 -99.000 -99.000 -99.000 -9999.0 -9999.0 -9999.0 -9999.0 -9999.0
53877 20020923  1.006  -82.61   35.49    23.7    15.7    19.7    19.3 -9999.0    15.06 R -9999.0 -9999.0    20.8 -9999.0 -9999.0 -9999.0 -99.000 -99.000 -99.000 -99.000 -99.000 -9999.0 -9999.0 -9999.0 -9999.0 -9999.0
53877 20020924  1.006  -82.61   35.49    22.6    14.7    18.7    18.4 -9999.0    12.58 R -9999.0 -9999.0    19.5 -9999.0 -9999.0 -9999.0 -99.000 -99.000 -99.000 -99.000 -99.000 -9999.0 -9999.0 -9999.0 -9999.0 -9999.0
53877 20020925  1.006  -82.61   35.49    15.2    12.5    13.9    14.1 -9999.0     3.14 R -9999.0 -9999.0    15.2 -9999.0 -9999.0 -9999.0 -99.000 -99.000 -99.000 -99.000 -99.000 -9999.0 -9999.0 -9999.0 -9999.0 -9999.0
53877 20020926  1.006  -82.61   35.49    20.5    13.7    17.1    16.1 -9999.0     2.18 R -9999.0 -9999.0    16.7 -9999.0 -9999.0 -9999.0 -99.000 -99.000 -99.000 -99.000 -99.000 -9999.0 -9999.0 -9999.0 -9999.0 -9999.0
53877 20020927  1.006  -82.61   35.49    25.3    17.9    21.6    21.7 -9999.0    11.97 R -9999.0 -9999.0    22.0 -9999.0 -9999.0 -9999.0 -99.000 -99.000 -99.000 -99.000 -99.000 -9999.0 -9999.0 -9999.0 -9999.0 -9999.0
53877 20020928  1.006  -82.61   35.49    24.5    14.7    19.6    19.4 -9999.0    18.04 R -9999.0 -9999.0    20.2 -9999.0 -9999.0 -9999.0 -99.000 -99.000 -99.000 -99.000 -99.000 -9999.0 -9999.0 -9999.0 -9999.0 -9999.0
53877 20020929  1.006  -82.61   35.49    22.8    13.6    18.2    17.4 -9999.0    13.77 R -9999.0 -9999.0    18.2 -9999.0 -9999.0 -9999.0 -99.000 -99.000 -99.000 -99.000 -99.000 -9999.0 -9999.0 -9999.0 -9999.0 -9999.0
53877 20020930  1.006  -82.61   35.49    20.9    13.6    17.3    17.6 -9999.0     7.93 R -9999.0 -9999.0    18.2 -9999.0 -9999.0 -9999.0 -99.000 -99.000 -99.000 -99.000 -99.000 -9999.0 -9999.0 -9999.0 -9999.0 -9999.0
53877 20021001  1.006  -82.61   35.49    27.2    15.4    21.3    20.0 -9999.0    17.99 R -9999.0 -9999.0    21.7 -9999.0 -9999.0 -9999.0 -99.000 -99.000 -99.000 -99.000 -99.000 -9999.0 -9999.0 -9999.0 -9999.0 -9999.0
53877 20021002  1.006  -82.61   35.49    27.9    13.3    20.6    19.4 -9999.0    17.56 R -9999.0 -9999.0    21.1 -9999.0 -9999.0 -9999.0 -99.000 -99.000 -99.000 -99.000 -99.000 -9999.0 -9999.0 -9999.0 -9999.0 -9999.0
53877 20021003  1.006  -82.61   35.49    27.9    15.0    21.5    20.0 -9999.0    13.63 R -9999.0 -9999.0    20.8 -9999.0 -9999.0 -9999.0 -99.000 -99.000 -99.000 -99.000 -99.000 -9999.0 -9999.0 -9999.0 -9999.0 -9999.0
53877 20021004  1.006  -82.61   35.49    25.6    14.7    20.2    19.6 -9999.0    12.68 R -9999.0 -9999.0    20.0 -9999.0 -9999.0 -9999.0 -99.000 -99.000 -99.000 -99.000 -99.000 -9999.0 -9999.0 -9999.0 -9999.0 -9999.0
53877 20021005  1.006  -82.61   35.49    27.0    13.5    20.3    18.9 -9999.0    13.95 R -9999.0 -9999.0    19.9 -9999.0 -9999.0 -9999.0 -99.000 -99.000 -99.000 -99.000 -99.000 -9999.0 -9999.0 -9999.0 -9999.0 -9999.0
53877 20021006  1.006  -82.61   35.49    25.0    11.0    18.0    17.4 -9999.0    17.61 R -9999.0 -9999.0    18.5 -9999.0 -9999.0 -9999.0 -99.000 -99.000 -99.000 -99.000 -99.000 -9999.0 -9999.0 -9999.0 -9999.0 -9999.0
53877 20021007  1.006  -82.61   35.49    21.7    12.8    17.3    16.7 -9999.0     7.86 R -9999.0 -9999.0    17.5 -9999.0 -9999.0 -9999.0 -99.000 -99.000 -99.000 -99.000 -99.000 -9999.0 -9999.0 -9999.0 -9999.0 -9999.0
53877 20021008  1.006  -82.61   35.49    18.1    12.4    15.3    14.7 -9999.0     9.64 R -9999.0 -9999.0    16.1 -9999.0 -9999.0 -9999.0 -99.000 -99.000 -99.000 -99.000 -99.000 -9999.0 -9999.0 -9999.0 -9999.0 -9999.0
53877 20021009  1.006  -82.61   35.49    18.9    11.5    15.2    14.6 -9999.0     7.40 R -9999.0 -9999.0    16.4 -9999.0 -9999.0 -9999.0 -99.000 -99.000 -99.000 -99.000 -99.000 -9999.0 -9999.0 -9999.0 -9999.0 -9999.0
53877 20021010  1.006  -82.61   35.49    17.3    14.5    15.9    15.5 -9999.0     2.48 R -9999.0 -9999.0    16.3 -9999.0 -9999.0 -9999.0 -99.000 -99.000 -99.000 -99.000 -99.000 -9999.0 -9999.0 -9999.0 -9999.0 -9999.0
53877 20021011  1.006  -82.61   35.49    22.5    14.7    18.6    17.8 -9999.0     8.54 R -9999.0 -9999.0    19.0 -9999.0 -9999.0 -9999.0 -99.000 -99.000 -99.000 -99.000 -99.000 -9999.0 -9999.0 -9999.0 -9999.0 -9999.0
53877 20021012  1.006  -82.61   35.49    24.5    14.1    19.3    18.2 -9999.0    13.69 R -9999.0 -9999.0    19.9 -9999.0 -9999.0 -9999.0 -99.000 -99.000 -99.000 -99.000 -99.000 -9999.0 -9999.0 -9999.0 -9999.0 -9999.0
53877 20021013  1.006  -82.61   35.49    22.8    13.7    18.3    17.4 -9999.0    11.11 R -9999.0 -9999.0    18.7 -9999.0 -9999.0 -9999.0 -99.000 -99.000 -99.000 -99.000 -99.000 -9999.0 -9999.0 -9999.0 -9999.0 -9999.0
53877 20021014  1.006  -82.61   35.49    17.7     6.8    12.3    12.7 -9999.0    12.61 R -9999.0 -9999.0    14.1 -9999.0 -9999.0 -9999.0 -99.000 -99.000 -99.000 -99.000 -99.000 -9999.0 -9999.0 -9999.0 -9999.0 -9999.0
53877 20021015  1.006  -82.61   35.49    10.8     7.9     9.4     9.5 -9999.0     2.94 R -9999.0 -9999.0    11.3 -9999.0 -9999.0 -9999.0 -99.000 -99.000 -99.000 -99.000 -99.000 -9999.0 -9999.0 -9999.0 -9999.0 -9999.0
53877 20021016  1.006  -82.61   35.49    15.6     3.1     9.4    10.2 -9999.0    10.83 R -9999.0 -9999.0    11.6 -9999.0 -9999.0 -9999.0 -99.000 -99.000 -99.000 -99.000 -99.000 -9999.0 -9999.0 -9999.0 -9999.0 -9999.0
53877 20021017  1.006  -82.61   35.49    13.6    -0.2     6.7     5.2 -9999.0    10.38 R -9999.0 -9999.0     6.7 -9999.0 -9999.0 -9999.0 -99.000 -99.000 -99.000 -99.000 -99.000 -9999.0 -9999.0 -9999.0 -9999.0 -9999.0
53877 20021018  1.006  -82.61   35.49    15.9    -2.0     7.0     6.0 -9999.0    15.68 R -9999.0 -9999.0     8.2 -9999.0 -9999.0 -9999.0 -99.000 -99.000 -99.000 -99.000 -99.000 -9999.0 -9999.0 -9999.0 -9999.0 -9999.0
53877 20021019  1.006  -82.61   35.49    19.2     0.8    10.0     9.5 -9999.0    10.18 R -9999.0 -9999.0    10.9 -9999.0 -9999.0 -9999.0 -99.000 -99.000 -99.000 -99.000 -99.000 -9999.0 -9999.0 -9999.0 -9999.0 -9999.0
53877 20021020  1.006  -82.61   35.49    21.1     9.0    15.1    14.3 -9999.0     8.27 R -9999.0 -9999.0    15.5 -9999.0 -9999.0 -9999.0 -99.000 -99.000 -99.000 -99.000 -99.000 -9999.0 -9999.0 -9999.0 -9999.0 -9999.0
53877 20021021  1.006  -82.61   35.49    18.3    10.9    14.6    14.3 -9999.0     7.35 R -9999.0 -9999.0    15.5 -9999.0 -9999.0 -9999.0 -99.000 -99.000 -99.000 -99.000 -99.000 -9999.0 -9999.0 -9999.0 -9999.0 -9999.0
53877 20021022  1.006  -82.61   35.49    19.6     8.4    14.0    13.0 -9999.0    10.92 R -9999.0 -9999.0    14.5 -9999.0 -9999.0 -9999.0 -99.000 -99.000 -99.000 -99.000 -99.000 -9999.0 -9999.0 -9999.0 -9999.0 -9999.0
53877 20021023  1.006  -82.61   35.49    19.4     9.1    14.3    12.5 -9999.0    13.11 R -9999.0 -9999.0    14.7 -9999.0 -9999.0 -9999.0 -99.000 -99.000 -99.000 -99.000 -99.000 -9999.0 -9999.0 -9999.0 -9999.0 -9999.0
53877 20021024  1.006  -82.61   35.49    13.1     9.9    11.5    11.7 -9999.0     1.60 R -9999.0 -9999.0    12.6 -9999.0 -9999.0 -9999.0 -99.000 -99.000 -99.000 -99.000 -99.000 -9999.0 -9999.0 -9999.0 -9999.0 -9999.0
53877 20021025  1.006  -82.61   35.49    12.8    10.5    11.7    11.6 -9999.0     2.65 R -9999.0 -9999.0    12.8 -9999.0 -9999.0 -9999.0 -99.000 -99.000 -99.000 -99.000 -99.000 -9999.0 -9999.0 -9999.0 -9999.0 -9999.0
53877 20021026  1.006  -82.61   35.49    18.5    10.9    14.7    14.2 -9999.0     6.82 R -9999.0 -9999.0    15.2 -9999.0 -9999.0 -9999.0 -99.000 -99.000 -99.000 -99.000 -99.000 -9999.0 -9999.0 -9999.0 -9999.0 -9999.0
53877 20021027  1.006  -82.61   35.49    16.7    11.8    14.3    13.7 -9999.0     4.22 R -9999.0 -9999.0    14.7 -9999.0 -9999.0 -9999.0 -99.000 -99.000 -99.000 -99.000 -99.000 -9999.0 -9999.0 -9999.0 -9999.0 -9999.0
53877 20021028  1.006  -82.61   35.49    16.7    13.6    15.2    15.2 -9999.0     2.54 R -9999.0 -9999.0    15.8 -9999.0 -9999.0 -9999.0 -99.000 -99.000 -99.000 -99.000 -99.000 -9999.0 -9999.0 -9999.0 -9999.0 -9999.0
53877 20021029  1.006  -82.61   35.49    14.4     9.8    12.1    11.8 -9999.0     4.88 R -9999.0 -9999.0    13.3 -9999.0 -9999.0 -9999.0 -99.000 -99.000 -99.000 -99.000 -99.000 -9999.0 -9999.0 -9999.0 -9999.0 -9999.0
53877 20021030  1.006  -82.61   35.49    16.8     6.7    11.8    10.7 -9999.0     7.25 R -9999.0 -9999.0    12.1 -9999.0 -9999.0 -9999.0 -99.000 -99.000 -99.000 -99.000 -99.000 -9999.0 -9999.0 -9999.0 -9999.0 -9999.0
53877 20021031  1.006  -82.61   35.49     9.4     0.2     4.8     5.4 -9999.0     8.16 R -9999.0 -9999.0     7.1 -9999.0 -9999.0 -9999.0 -99.000 -99.000 -99.000 -99.000 -99.000 -9999.0 -9999.0 -9999.0 -9999.0 -9999.0
53877 20021101  1.006  -82.61   35.49    10.9    -1.4     4.8     4.3 -9999.0    12.65 R -9999.0 -9999.0     5.5 -9999.0 -9999.0 -9999.0 -99.000 -99.000 -99.000 -99.000 -99.000 -9999.0 -9999.0 -9999.0 -9999.0 -9999.0
53877 20021102  1.006  -82.61   35.49    10.7    -1.2     4.8     3.5 -9999.0    14.34 R -9999.0 -9999.0     4.6 -9999.0 -9999.0 -9999.0 -99.000 -99.000 -99.000 -99.000 -99.000 -9999.0 -9999.0 -9999.0 -9999.0 -9999.0
53877 20021103  1.006  -82.61   35.49    12.9     0.0     6.5     6.9 -9999.0     8.54 R -9999.0 -9999.0     8.4 -9999.0 -9999.0 -9999.0 -99.000 -99.000 -99.000 -99.000 -99.000 -9999.0 -9999.0 -9999.0 -9999.0 -9999.0
53877 20021104  1.006  -82.61   35.49    13.5     5.4     9.5     8.5 -9999.0     6.93 R -9999.0 -9999.0     9.5 -9999.0 -9999.0 -9999.0 -99.000 -99.000 -99.000 -99.000 -99.000 -9999.0 -9999.0 -9999.0 -9999.0 -9999.0
53877 20021105  1.006  -82.61   35.49    10.4     6.5     8.5     8.2 -9999.0     1.82 R -9999.0 -9999.0     8.7 -9999.0 -9999.0 -9999.0 -99.000 -99.000 -99.000 -99.000 -99.000 -9999.0 -9999.0 -9999.0 -9999.0 -9999.0
53877 20021106  1.006  -82.61   35.49    10.6     3.3     7.0     7.3 -9999.0     6.91 R -9999.0 -9999.0     7.6 -9999.0 -9999.0 -9999.0 -99.000 -99.000 -99.000 -99.000 -99.000 -9999.0 -9999.0 -9999.0 -9999.0 -9999.0
53877 20021107  1.006  -82.61   35.49    13.1    -2.0     5.6     4.8 -9999.0    13.26 R -9999.0 -9999.0     5.2 -9999.0 -9999.0 -9999.0 -99.000 -99.000 -99.000 -99.000 -99.000 -9999.0 -9999.0 -9999.0 -9999.0 -9999.0
53877 20021108  1.006  -82.61   35.49    18.6    -4.4     7.1     5.8 -9999.0    13.25 R -9999.0 -9999.0     5.8 -9999.0 -9999.0 -9999.0 -99.000 -99.000 -99.000 -99.000 -99.000 -9999.0 -9999.0 -9999.0 -9999.0 -9999.0
53877 20021109  1.006  -82.61   35.49    19.2    -1.9     8.7     9.0 -9999.0    12.73 R -9999.0 -9999.0     8.8 -9999.0 -9999.0 -9999.0 -99.000 -99.000 -99.000 -99.000 -99.000 -9999.0 -9999.0 -9999.0 -9999.0 -9999.0
53877 20021110  1.006  -82.61   35.49    20.1    14.1    17.1    17.1 -9999.0     8.64 R -9999.0 -9999.0    16.0 -9999.0 -9999.0 -9999.0 -99.000 -99.000 -99.000 -99.000 -99.000 -9999.0 -9999.0 -9999.0 -9999.0 -9999.0
53877 20021111  1.006  -82.61   35.49    20.2    11.3    15.8    15.5 -9999.0     6.11 R -9999.0 -9999.0    15.2 -9999.0 -9999.0 -9999.0 -99.000 -99.000 -99.000 -99.000 -99.000 -9999.0 -9999.0 -9999.0 -9999.0 -9999.0
53877 20021112  1.006  -82.61   35.49    11.9     7.4     9.7    10.4 -9999.0     2.66 R -9999.0 -9999.0    10.3 -9999.0 -9999.0 -9999.0 -99.000 -99.000 -99.000 -99.000 -99.000 -9999.0 -9999.0 -9999.0 -9999.0 -9999.0
53877 20021113  1.006  -82.61   35.49     9.7    -1.9     3.9     4.7 -9999.0    11.00 R -9999.0 -9999.0     5.2 -9999.0 -9999.0 -9999.0 -99.000 -99.000 -99.000 -99.000 -99.000 -9999.0 -9999.0 -9999.0 -9999.0 -9999.0
53877 20021114  1.006  -82.61   35.49    14.5    -4.4     5.1     3.9 -9999.0    10.22 R -9999.0 -9999.0     3.5 -9999.0 -9999.0 -9999.0 -99.000 -99.000 -99.000 -99.000 -99.000 -9999.0 -9999.0 -9999.0 -9999.0 -9999.0
53877 20021115  1.006  -82.61   35.49    13.1    -2.0     5.6     6.0 -9999.0     6.79 R -9999.0 -9999.0     6.2 -9999.0 -9999.0 -9999.0 -99.000 -99.000 -99.000 -99.000 -99.000 -9999.0 -9999.0 -9999.0 -9999.0 -9999.0
53877 20021116  1.006  -82.61   35.49    10.8     5.0     7.9     9.1 -9999.0     1.21 R -9999.0 -9999.0     9.6 -9999.0 -9999.0 -9999.0 -99.000 -99.000 -99.000 -99.000 -99.000 -9999.0 -9999.0 -9999.0 -9999.0 -9999.0
53877 20021117  1.006  -82.61   35.49     5.0    -0.2     2.4     2.7 -9999.0     6.13 R -9999.0 -9999.0     4.3 -9999.0 -9999.0 -9999.0 -99.000 -99.000 -99.000 -99.000 -99.000 -9999.0 -9999.0 -9999.0 -9999.0 -9999.0
53877 20021118  1.006  -82.61   35.49    10.7    -2.9     3.9     1.5 -9999.0    11.07 R -9999.0 -9999.0     1.9 -9999.0 -9999.0 -9999.0 -99.000 -99.000 -99.000 -99.000 -99.000 -9999.0 -9999.0 -9999.0 -9999.0 -9999.0
53877 20021119  1.006  -82.61   35.49    13.1    -3.3     4.9     2.8 -9999.0     6.74 R -9999.0 -9999.0     3.0 -9999.0 -9999.0 -9999.0 -99.000 -99.000 -99.000 -99.000 -99.000 -9999.0 -9999.0 -9999.0 -9999.0 -9999.0
53877 20021120  1.006  -82.61   35.49    12.6    -1.2     5.7     5.4 -9999.0     9.36 R -9999.0 -9999.0     6.9 -9999.0 -9999.0 -9999.0 -99.000 -99.000 -99.000 -99.000 -99.000 -9999.0 -9999.0 -9999.0 -9999.0 -9999.0
53877 20021121  1.006  -82.61   35.49    13.3     2.5     7.9     8.2 -9999.0     4.96 R -9999.0 -9999.0     8.2 -9999.0 -9999.0 -9999.0 -99.000 -99.000 -99.000 -99.000 -99.000 -9999.0 -9999.0 -9999.0 -9999.0 -9999.0
53877 20021122  1.006  -82.61   35.49     6.9     0.0     3.5     2.6 -9999.0     5.28 R -9999.0 -9999.0     2.8 -9999.0 -9999.0 -9999.0 -99.000 -99.000 -99.000 -99.000 -99.000 -9999.0 -9999.0 -9999.0 -9999.0 -9999.0
53877 20021123  1.006  -82.61   35.49     9.4    -3.8     2.8     1.3 -9999.0    10.73 R -9999.0 -9999.0     1.3 -9999.0 -9999.0 -9999.0 -99.000 -99.000 -99.000 -99.000 -99.000 -9999.0 -9999.0 -9999.0 -9999.0 -9999.0
53877 20021124  1.006  -82.61   35.49    16.3    -2.9     6.7     4.5 -9999.0    10.41 R -9999.0 -9999.0     3.6 -9999.0 -9999.0 -9999.0 -99.000 -99.000 -99.000 -99.000 -99.000 -9999.0 -9999.0 -9999.0 -9999.0 -9999.0
53877 20021125  1.006  -82.61   35.49    15.5    -3.0     6.3     4.0 -9999.0     9.81 R -9999.0 -9999.0     3.1 -9999.0 -9999.0 -9999.0 -99.000 -99.000 -99.000 -99.000 -99.000 -9999.0 -9999.0 -9999.0 -9999.0 -9999.0
53877 20021126  1.006  -82.61   35.49    15.0    -3.2     5.9     5.9 -9999.0     7.99 R -9999.0 -9999.0     5.2 -9999.0 -9999.0 -9999.0 -99.000 -99.000 -99.000 -99.000 -99.000 -9999.0 -9999.0 -9999.0 -9999.0 -9999.0
53877 20021127  1.006  -82.61   35.49     5.8    -1.9     2.0     0.6 -9999.0     1.98 R -9999.0 -9999.0     1.3 -9999.0 -9999.0 -9999.0 -99.000 -99.000 -99.000 -99.000 -99.000 -9999.0 -9999.0 -9999.0 -9999.0 -9999.0
53877 20021128  1.006  -82.61   35.49     3.1    -6.8    -1.8    -2.3 -9999.0     8.73 R -9999.0 -9999.0    -2.1 -9999.0 -9999.0 -9999.0 -99.000 -99.000 -99.000 -99.000 -99.000 -9999.0 -9999.0 -9999.0 -9999.0 -9999.0
53877 20021129  1.006  -82.61   35.49    11.2    -7.7     1.8    -0.2 -9999.0     9.85 R -9999.0 -9999.0    -0.4 -9999.0 -9999.0 -9999.0 -99.000 -99.000 -99.000 -99.000 -99.000 -9999.0 -9999.0 -9999.0 -9999.0 -9999.0
53877 20021130  1.006  -82.61   35.49    13.3    -2.4     5.5     4.3 -9999.0    10.23 R -9999.0 -9999.0     3.2 -9999.0 -9999.0 -9999.0 -99.000 -99.000 -99.000 -99.000 -99.000 -9999.0 -9999.0 -9999.0 -9999.0 -9999.0
53877 20021201  1.006  -82.61   35.49     2.6    -7.7    -2.5    -2.9 -9999.0    10.25 R -9999.0 -9999.0    -2.7 -9999.0 -9999.0 -9999.0 -99.000 -99.000 -99.000 -99.000 -99.000 -9999.0 -9999.0 -9999.0 -9999.0 -9999.0
53877 20021202  1.006  -82.61   35.49     9.7    -9.8     0.0    -0.8 -9999.0     6.55 R -9999.0 -9999.0    -0.2 -9999.0 -9999.0 -9999.0 -99.000 -99.000 -99.000 -99.000 -99.000 -9999.0 -9999.0 -9999.0 -9999.0 -9999.0
53877 20021203  1.006  -82.61   35.49    11.6    -3.3     4.2     4.1 -9999.0     9.31 R -9999.0 -9999.0     3.0 -9999.0 -9999.0 -9999.0 -99.000 -99.000 -99.000 -99.000 -99.000 -9999.0 -9999.0 -9999.0 -9999.0 -9999.0
53877 20021204  1.006  -82.61   35.49     5.6    -1.6     2.0     0.3 -9999.0     0.51 R -9999.0 -9999.0     0.3 -9999.0 -9999.0 -9999.0 -99.000 -99.000 -99.000 -99.000 -99.000 -9999.0 -9999.0 -9999.0 -9999.0 -9999.0
53877 20021205  1.006  -82.61   35.49     4.0     0.3     2.2     1.8 -9999.0     2.24 R -9999.0 -9999.0     0.3 -9999.0 -9999.0 -9999.0 -99.000 -99.000 -99.000 -99.000 -99.000 -9999.0 -9999.0 -9999.0 -9999.0 -9999.0
53877 20021206  1.006  -82.61   35.49     2.6    -7.6    -2.5    -1.5 -9999.0     7.88 R -9999.0 -9999.0    -1.6 -9999.0 -9999.0 -9999.0 -99.000 -99.000 -99.000 -99.000 -99.000 -9999.0 -9999.0 -9999.0 -9999.0 -9999.0
53877 20021207  1.006  -82.61   35.49     8.3   -11.0    -1.3    -3.5 -9999.0     9.89 R -9999.0 -9999.0    -3.7 -9999.0 -9999.0 -9999.0 -99.000 -99.000 -99.000 -99.000 -99.000 -9999.0 -9999.0 -9999.0 -9999.0 -9999.0
53877 20021208  1.006  -82.61   35.49     7.0    -8.5    -0.7    -0.9 -9999.0     5.68 R -9999.0 -9999.0    -1.3 -9999.0 -9999.0 -9999.0 -99.000 -99.000 -99.000 -99.000 -99.000 -9999.0 -9999.0 -9999.0 -9999.0 -9999.0
53877 20021209  1.006  -82.61   35.49     5.2    -3.4     0.9     1.0 -9999.0     6.85 R -9999.0 -9999.0     0.5 -9999.0 -9999.0 -9999.0 -99.000 -99.000 -99.000 -99.000 -99.000 -9999.0 -9999.0 -9999.0 -9999.0 -9999.0
53877 20021210  1.006  -82.61   35.49     8.8    -0.6     4.1     3.9 -9999.0     2.50 R -9999.0 -9999.0     4.6 -9999.0 -9999.0 -9999.0 -99.000 -99.000 -99.000 -99.000 -99.000 -9999.0 -9999.0 -9999.0 -9999.0 -9999.0
53877 20021211  1.006  -82.61   35.49     8.1     4.0     6.1     5.5 -9999.0     3.23 R -9999.0 -9999.0     5.9 -9999.0 -9999.0 -9999.0 -99.000 -99.000 -99.000 -99.000 -99.000 -9999.0 -9999.0 -9999.0 -9999.0 -9999.0
53877 20021212  1.006  -82.61   35.49     8.9     0.5     4.7     4.5 -9999.0     6.02 R -9999.0 -9999.0     4.5 -9999.0 -9999.0 -9999.0 -99.000 -99.000 -99.000 -99.000 -99.000 -9999.0 -9999.0 -9999.0 -9999.0 -9999.0
53877 20021213  1.006  -82.61   35.49     6.0     1.9     4.0     4.4 -9999.0     1.09 R -9999.0 -9999.0     4.4 -9999.0 -9999.0 -9999.0 -99.000 -99.000 -99.000 -99.000 -99.000 -9999.0 -9999.0 -9999.0 -9999.0 -9999.0
53877 20021214  1.006  -82.61   35.49     5.0    -0.7     2.2     2.2 -9999.0     5.03 R -9999.0 -9999.0     1.9 -9999.0 -9999.0 -9999.0 -99.000 -99.000 -99.000 -99.000 -99.000 -9999.0 -9999.0 -9999.0 -9999.0 -9999.0
53877 20021215  1.006  -82.61   35.49     9.3    -3.4     3.0     0.9 -9999.0     9.63 R -9999.0 -9999.0     0.1 -9999.0 -9999.0 -9999.0 -99.000 -99.000 -99.000 -99.000 -99.000 -9999.0 -9999.0 -9999.0 -9999.0 -9999.0
53877 20021216  1.006  -82.61   35.49    15.5    -3.6     6.0     5.2 -9999.0     9.25 R -9999.0 -9999.0     3.1 -9999.0 -9999.0 -9999.0 -99.000 -99.000 -99.000 -99.000 -99.000 -9999.0 -9999.0 -9999.0 -9999.0 -9999.0
53877 20021217  1.006  -82.61   35.49    10.1    -0.5     4.8     4.8 -9999.0     8.01 R -9999.0 -9999.0     3.6 -9999.0 -9999.0 -9999.0 -99.000 -99.000 -99.000 -99.000 -99.000 -9999.0 -9999.0 -9999.0 -9999.0 -9999.0
53877 20021218  1.006  -82.61   35.49     6.2     2.3     4.3     4.3 -9999.0     4.00 R -9999.0 -9999.0     4.1 -9999.0 -9999.0 -9999.0 -99.000 -99.000 -99.000 -99.000 -99.000 -9999.0 -9999.0 -9999.0 -9999.0 -9999.0
53877 20021219  1.006  -82.61   35.49    11.5     3.7     7.6     6.4 -9999.0     1.94 R -9999.0 -9999.0     6.5 -9999.0 -9999.0 -9999.0 -99.000 -99.000 -99.000 -99.000 -99.000 -9999.0 -9999.0 -9999.0 -9999.0 -9999.0
53877 20021220  1.006  -82.61   35.49    11.4    -0.3     5.6     6.0 -9999.0     8.66 R -9999.0 -9999.0     4.8 -9999.0 -9999.0 -9999.0 -99.000 -99.000 -99.000 -99.000 -99.000 -9999.0 -9999.0 -9999.0 -9999.0 -9999.0
53877 20021221  1.006  -82.61   35.49    12.2    -5.3     3.5     2.4 -9999.0     9.31 R -9999.0 -9999.0     0.0 -9999.0 -9999.0 -9999.0 -99.000 -99.000 -99.000 -99.000 -99.000 -9999.0 -9999.0 -9999.0 -9999.0 -9999.0
53877 20021222  1.006  -82.61   35.49    14.8    -6.0     4.4     2.9 -9999.0     9.54 R -9999.0 -9999.0     1.7 -9999.0 -9999.0 -9999.0 -99.000 -99.000 -99.000 -99.000 -99.000 -9999.0 -9999.0 -9999.0 -9999.0 -9999.0
53877 20021223  1.006  -82.61   35.49     9.7    -3.6     3.1     2.5 -9999.0     6.99 R -9999.0 -9999.0     1.3 -9999.0 -9999.0 -9999.0 -99.000 -99.000 -99.000 -99.000 -99.000 -9999.0 -9999.0 -9999.0 -9999.0 -9999.0
53877 20021224  1.006  -82.61   35.49     4.6     1.6     3.1     3.3 -9999.0     1.34 R -9999.0 -9999.0     3.7 -9999.0 -9999.0 -9999.0 -99.000 -99.000 -99.000 -99.000 -99.000 -9999.0 -9999.0 -9999.0 -9999.0 -9999.0
53877 20021225  1.006  -82.61   35.49     3.7    -3.2     0.3     0.1 -9999.0     7.11 R -9999.0 -9999.0     0.7 -9999.0 -9999.0 -9999.0 -99.000 -99.000 -99.000 -99.000 -99.000 -9999.0 -9999.0 -9999.0 -9999.0 -9999.0
53877 20021226  1.006  -82.61   35.49     1.8    -7.2    -2.7    -3.0 -9999.0     8.41 R -9999.0 -9999.0    -2.1 -9999.0 -9999.0 -9999.0 -99.000 -99.000 -99.000 -99.000 -99.000 -9999.0 -9999.0 -9999.0 -9999.0 -9999.0
53877 20021227  1.006  -82.61   35.49     6.9   -10.9    -2.0    -3.2 -9999.0     9.53 R -9999.0 -9999.0    -3.1 -9999.0 -9999.0 -9999.0 -99.000 -99.000 -99.000 -99.000 -99.000 -9999.0 -9999.0 -9999.0 -9999.0 -9999.0
53877 20021228  1.006  -82.61   35.49     8.0    -6.6     0.7    -0.8 -9999.0     9.41 R -9999.0 -9999.0    -1.4 -9999.0 -9999.0 -9999.0 -99.000 -99.000 -99.000 -99.000 -99.000 -9999.0 -9999.0 -9999.0 -9999.0 -9999.0
53877 20021229  1.006  -82.61   35.49    15.7    -3.5     6.1     4.9 -9999.0     9.27 R -9999.0 -9999.0     2.3 -9999.0 -9999.0 -9999.0 -99.000 -99.000 -99.000 -99.000 -99.000 -9999.0 -9999.0 -9999.0 -9999.0 -9999.0
53877 20021230  1.006  -82.61   35.49    13.7    -5.5     4.1     1.4 -9999.0     6.54 R -9999.0 -9999.0     0.7 -9999.0 -9999.0 -9999.0 -99.000 -99.000 -99.000 -99.000 -99.000 -9999.0 -9999.0 -9999.0 -9999.0 -9999.0
53877 20021231  1.006  -82.61   35.49    14.1    -1.8     6.2     7.0 -9999.0     3.08 R -9999.0 -9999.0     6.1 -9999.0 -9999.0 -9999.0 -99.000 -99.000 -99.000 -99.000 -99.000 -9999.0 -9999.0 -9999.0 -9999.0 -9999.0
