53877 20030101  1.006  -82.61   35.49    15.5     2.5     9.0    10.4 -9999.0     6.39 R -9999.0 -9999.0     9.6 -9999.0 -9999.0 -9999.0 -99.000 -99.000 -99.000 -99.000 -99.000 -9999.0 -9999.0 -9999.0 -9999.0 -9999.0
53877 20030102  1.006  -82.61   35.49    13.9     1.1     7.5     6.9 -9999.0     8.50 R -9999.0 -9999.0     7.1 -9999.0 -9999.0 -9999.0 -99.000 -99.000 -99.000 -99.000 -99.000 -9999.0 -9999.0 -9999.0 -9999.0 -9999.0
53877 20030103  1.006  -82.61   35.49     6.4    -3.1     1.7     2.3 -9999.0     3.69 R -9999.0 -9999.0     2.8 -9999.0 -9999.0 -9999.0 -99.000 -99.000 -99.000 -99.000 -99.000 -9999.0 -9999.0 -9999.0 -9999.0 -9999.0
53877 20030104  1.006  -82.61   35.49     3.4    -4.7    -0.6    -2.1 -9999.0     9.17 R -9999.0 -9999.0    -1.5 -9999.0 -9999.0 -9999.0 -99.000 -99.000 -99.000 -99.000 -99.000 -9999.0 -9999.0 -9999.0 -9999.0 -9999.0
53877 20030105  1.006  -82.61   35.49    11.7    -3.5     4.1     1.5 -9999.0     9.73 R -9999.0 -9999.0     2.1 -9999.0 -9999.0 -9999.0 -99.000 -99.000 -99.000 -99.000 -99.000 -9999.0 -9999.0 -9999.0 -9999.0 -9999.0
53877 20030106  1.006  -82.61   35.49     4.3    -1.8     1.3     0.8 -9999.0     3.80 R -9999.0 -9999.0     0.6 -9999.0 -9999.0 -9999.0 -99.000 -99.000 -99.000 -99.000 -99.000 -9999.0 -9999.0 -9999.0 -9999.0 -9999.0
53877 20030107  1.006  -82.61   35.49     5.3    -5.9    -0.3    -2.1 -9999.0     9.97 R -9999.0 -9999.0    -2.1 -9999.0 -9999.0 -9999.0 -99.000 -99.000 -99.000 -99.000 -99.000 -9999.0 -9999.0 -9999.0 -9999.0 -9999.0
53877 20030108  1.006  -82.61   35.49    18.7    -5.4     6.7     3.0 -9999.0     9.46 R -9999.0 -9999.0     2.3 -9999.0 -9999.0 -9999.0 -99.000 -99.000 -99.000 -99.000 -99.000 -9999.0 -9999.0 -9999.0 -9999.0 -9999.0
53877 20030109  1.006  -82.61   35.49    18.6     0.1     9.4     9.9 -9999.0     7.99 R -9999.0 -9999.0     7.4 -9999.0 -9999.0 -9999.0 -99.000 -99.000 -99.000 -99.000 -99.000 -9999.0 -9999.0 -9999.0 -9999.0 -9999.0
53877 20030110  1.006  -82.61   35.49     9.3    -1.6     3.9     4.4 -9999.0    10.45 R -9999.0 -9999.0     3.9 -9999.0 -9999.0 -9999.0 -99.000 -99.000 -99.000 -99.000 -99.000 -9999.0 -9999.0 -9999.0 -9999.0 -9999.0
53877 20030111  1.006  -82.61   35.49     3.0    -6.4    -1.7    -2.5 -9999.0    10.39 R -9999.0 -9999.0    -2.3 -9999.0 -9999.0 -9999.0 -99.000 -99.000 -99.000 -99.000 -99.000 -9999.0 -9999.0 -9999.0 -9999.0 -9999.0
53877 20030112  1.006  -82.61   35.49     1.9    -9.1    -3.6    -4.3 -9999.0     9.40 R -9999.0 -9999.0    -4.1 -9999.0 -9999.0 -9999.0 -99.000 -99.000 -99.000 -99.000 -99.000 -9999.0 -9999.0 -9999.0 -9999.0 -9999.0
53877 20030113  1.006  -82.61   35.49     5.2   -10.0    -2.4    -2.8 -9999.0     6.73 R -9999.0 -9999.0    -3.0 -9999.0 -9999.0 -9999.0 -99.000 -99.000 -99.000 -99.000 -99.000 -9999.0 -9999.0 -9999.0 -9999.0 -9999.0
53877 20030114  1.006  -82.61   35.49    10.7    -7.4     1.7     0.4 -9999.0     9.49 R -9999.0 -9999.0     0.0 -9999.0 -9999.0 -9999.0 -99.000 -99.000 -99.000 -99.000 -99.000 -9999.0 -9999.0 -9999.0 -9999.0 -9999.0
53877 20030115  1.006  -82.61   35.49     1.9    -7.6    -2.8    -3.6 -9999.0    10.90 R -9999.0 -9999.0    -3.6 -9999.0 -9999.0 -9999.0 -99.000 -99.000 -99.000 -99.000 -99.000 -9999.0 -9999.0 -9999.0 -9999.0 -9999.0
53877 20030116  1.006  -82.61   35.49     2.5    -8.5    -3.0    -3.3 -9999.0     4.82 R -9999.0 -9999.0    -3.2 -9999.0 -9999.0 -9999.0 -99.000 -99.000 -99.000 -99.000 -99.000 -9999.0 -9999.0 -9999.0 -9999.0 -9999.0
53877 20030117  1.006  -82.61   35.49    -1.1   -10.0    -5.5    -5.2 -9999.0     9.69 R -9999.0 -9999.0    -7.1 -9999.0 -9999.0 -9999.0 -99.000 -99.000 -99.000 -99.000 -99.000 -9999.0 -9999.0 -9999.0 -9999.0 -9999.0
53877 20030118  1.006  -82.61   35.49    -1.2   -17.2    -9.2    -8.3 -9999.0    11.26 R -9999.0 -9999.0   -10.0 -9999.0 -9999.0 -9999.0 -99.000 -99.000 -99.000 -99.000 -99.000 -9999.0 -9999.0 -9999.0 -9999.0 -9999.0
53877 20030119  1.006  -82.61   35.49     3.6   -10.3    -3.3    -4.2 -9999.0    11.19 R -9999.0 -9999.0    -5.5 -9999.0 -9999.0 -9999.0 -99.000 -99.000 -99.000 -99.000 -99.000 -9999.0 -9999.0 -9999.0 -9999.0 -9999.0
53877 20030120  1.006  -82.61   35.49    15.5    -6.9     4.3     4.4 -9999.0    10.97 R -9999.0 -9999.0     2.2 -9999.0 -9999.0 -9999.0 -99.000 -99.000 -99.000 -99.000 -99.000 -9999.0 -9999.0 -9999.0 -9999.0 -9999.0
53877 20030121  1.006  -82.61   35.49     8.4     0.2     4.3     3.8 -9999.0     1.24 R -9999.0 -9999.0     3.6 -9999.0 -9999.0 -9999.0 -99.000 -99.000 -99.000 -99.000 -99.000 -9999.0 -9999.0 -9999.0 -9999.0 -9999.0
53877 20030122  1.006  -82.61   35.49     7.0    -3.7     1.7     1.4 -9999.0    11.50 R -9999.0 -9999.0     2.3 -9999.0 -9999.0 -9999.0 -99.000 -99.000 -99.000 -99.000 -99.000 -9999.0 -9999.0 -9999.0 -9999.0 -9999.0
53877 20030123  1.006  -82.61   35.49    -3.7   -14.4    -9.0   -10.2 -9999.0    10.12 R -9999.0 -9999.0    -9.8 -9999.0 -9999.0 -9999.0 -99.000 -99.000 -99.000 -99.000 -99.000 -9999.0 -9999.0 -9999.0 -9999.0 -9999.0
53877 20030124  1.006  -82.61   35.49    -1.6   -14.5    -8.0    -9.4 -9999.0    11.98 R -9999.0 -9999.0    -8.7 -9999.0 -9999.0 -9999.0 -99.000 -99.000 -99.000 -99.000 -99.000 -9999.0 -9999.0 -9999.0 -9999.0 -9999.0
53877 20030125  1.006  -82.61   35.49     4.8   -13.0    -4.1    -4.2 -9999.0    10.76 R -9999.0 -9999.0    -2.8 -9999.0 -9999.0 -9999.0 -99.000 -99.000 -99.000 -99.000 -99.000 -9999.0 -9999.0 -9999.0 -9999.0 -9999.0
53877 20030126  1.006  -82.61   35.49     4.7    -8.8    -2.0    -1.4 -9999.0    11.78 R -9999.0 -9999.0    -0.3 -9999.0 -9999.0 -9999.0 -99.000 -99.000 -99.000 -99.000 -99.000 -9999.0 -9999.0 -9999.0 -9999.0 -9999.0
53877 20030127  1.006  -82.61   35.49     0.2   -10.7    -5.2    -4.9 -9999.0    12.39 R -9999.0 -9999.0    -4.1 -9999.0 -9999.0 -9999.0 -99.000 -99.000 -99.000 -99.000 -99.000 -9999.0 -9999.0 -9999.0 -9999.0 -9999.0
53877 20030128  1.006  -82.61   35.49    13.8    -9.7     2.1     1.1 -9999.0    10.91 R -9999.0 -9999.0     1.6 -9999.0 -9999.0 -9999.0 -99.000 -99.000 -99.000 -99.000 -99.000 -9999.0 -9999.0 -9999.0 -9999.0 -9999.0
53877 20030129  1.006  -82.61   35.49     8.8    -1.6     3.6     3.9 -9999.0     2.82 R -9999.0 -9999.0     3.9 -9999.0 -9999.0 -9999.0 -99.000 -99.000 -99.000 -99.000 -99.000 -9999.0 -9999.0 -9999.0 -9999.0 -9999.0
53877 20030130  1.006  -82.61   35.49     5.7     2.2     4.0     3.8 -9999.0     1.63 R -9999.0 -9999.0     4.0 -9999.0 -9999.0 -9999.0 -99.000 -99.000 -99.000 -99.000 -99.000 -9999.0 -9999.0 -9999.0 -9999.0 -9999.0
53877 20030131  1.006  -82.61   35.49     4.9     1.6     3.3     2.6 -9999.0     6.39 R -9999.0 -9999.0     3.7 -9999.0 -9999.0 -9999.0 -99.000 -99.000 -99.000 -99.000 -99.000 -9999.0 -9999.0 -9999.0 -9999.0 -9999.0
53877 20030201  1.006  -82.61   35.49     8.4    -2.5     3.0     2.9 -9999.0    13.91 R -9999.0 -9999.0     3.6 -9999.0 -9999.0 -9999.0 -99.000 -99.000 -99.000 -99.000 -99.000 -9999.0 -9999.0 -9999.0 -9999.0 -9999.0
53877 20030202  1.006  -82.61   35.49    19.5    -4.4     7.6     5.2 -9999.0    13.09 R -9999.0 -9999.0     4.3 -9999.0 -9999.0 -9999.0 -99.000 -99.000 -99.000 -99.000 -99.000 -9999.0 -9999.0 -9999.0 -9999.0 -9999.0
53877 20030203  1.006  -82.61   35.49    22.7    -3.4     9.7     8.7 -9999.0    11.83 R -9999.0 -9999.0     7.8 -9999.0 -9999.0 -9999.0 -99.000 -99.000 -99.000 -99.000 -99.000 -9999.0 -9999.0 -9999.0 -9999.0 -9999.0
53877 20030204  1.006  -82.61   35.49    14.5     0.7     7.6     7.1 -9999.0    14.05 R -9999.0 -9999.0     6.7 -9999.0 -9999.0 -9999.0 -99.000 -99.000 -99.000 -99.000 -99.000 -9999.0 -9999.0 -9999.0 -9999.0 -9999.0
53877 20030205  1.006  -82.61   35.49     6.4    -4.8     0.8    -0.1 -9999.0    13.63 R -9999.0 -9999.0     0.6 -9999.0 -9999.0 -9999.0 -99.000 -99.000 -99.000 -99.000 -99.000 -9999.0 -9999.0 -9999.0 -9999.0 -9999.0
53877 20030206  1.006  -82.61   35.49     4.4    -2.2     1.1     0.6 -9999.0     3.58 R -9999.0 -9999.0     0.9 -9999.0 -9999.0 -9999.0 -99.000 -99.000 -99.000 -99.000 -99.000 -9999.0 -9999.0 -9999.0 -9999.0 -9999.0
53877 20030207  1.006  -82.61   35.49     2.1    -4.0    -0.9    -0.8 -9999.0     7.08 R -9999.0 -9999.0    -1.8 -9999.0 -9999.0 -9999.0 -99.000 -99.000 -99.000 -99.000 -99.000 -9999.0 -9999.0 -9999.0 -9999.0 -9999.0
53877 20030208  1.006  -82.61   35.49     0.4   -10.7    -5.1    -5.1 -9999.0    14.23 R -9999.0 -9999.0    -5.0 -9999.0 -9999.0 -9999.0 -99.000 -99.000 -99.000 -99.000 -99.000 -9999.0 -9999.0 -9999.0 -9999.0 -9999.0
53877 20030209  1.006  -82.61   35.49     6.3    -6.7    -0.2     0.2 -9999.0    13.03 R -9999.0 -9999.0     1.5 -9999.0 -9999.0 -9999.0 -99.000 -99.000 -99.000 -99.000 -99.000 -9999.0 -9999.0 -9999.0 -9999.0 -9999.0
53877 20030210  1.006  -82.61   35.49     8.6    -1.2     3.7     2.1 -9999.0    11.30 R -9999.0 -9999.0     2.8 -9999.0 -9999.0 -9999.0 -99.000 -99.000 -99.000 -99.000 -99.000 -9999.0 -9999.0 -9999.0 -9999.0 -9999.0
53877 20030211  1.006  -82.61   35.49    10.3    -4.3     3.0     2.3 -9999.0    14.77 R -9999.0 -9999.0     2.2 -9999.0 -9999.0 -9999.0 -99.000 -99.000 -99.000 -99.000 -99.000 -9999.0 -9999.0 -9999.0 -9999.0 -9999.0
53877 20030212  1.006  -82.61   35.49     9.5    -4.1     2.7     4.4 -9999.0    15.21 R -9999.0 -9999.0     3.3 -9999.0 -9999.0 -9999.0 -99.000 -99.000 -99.000 -99.000 -99.000 -9999.0 -9999.0 -9999.0 -9999.0 -9999.0
53877 20030213  1.006  -82.61   35.49    10.8    -4.5     3.2     2.1 -9999.0    14.44 R -9999.0 -9999.0     1.7 -9999.0 -9999.0 -9999.0 -99.000 -99.000 -99.000 -99.000 -99.000 -9999.0 -9999.0 -9999.0 -9999.0 -9999.0
53877 20030214  1.006  -82.61   35.49     6.3    -4.0     1.2     1.4 -9999.0     1.97 R -9999.0 -9999.0     1.4 -9999.0 -9999.0 -9999.0 -99.000 -99.000 -99.000 -99.000 -99.000 -9999.0 -9999.0 -9999.0 -9999.0 -9999.0
53877 20030215  1.006  -82.61   35.49    17.9     2.5    10.2     9.8 -9999.0     8.29 R -9999.0 -9999.0    10.0 -9999.0 -9999.0 -9999.0 -99.000 -99.000 -99.000 -99.000 -99.000 -9999.0 -9999.0 -9999.0 -9999.0 -9999.0
53877 20030216  1.006  -82.61   35.49     5.1    -1.3     1.9     0.0 -9999.0     1.37 R -9999.0 -9999.0     0.9 -9999.0 -9999.0 -9999.0 -99.000 -99.000 -99.000 -99.000 -99.000 -9999.0 -9999.0 -9999.0 -9999.0 -9999.0
53877 20030217  1.006  -82.61   35.49     2.0    -1.4     0.3     0.2 -9999.0     3.57 R -9999.0 -9999.0     1.8 -9999.0 -9999.0 -9999.0 -99.000 -99.000 -99.000 -99.000 -99.000 -9999.0 -9999.0 -9999.0 -9999.0 -9999.0
53877 20030218  1.006  -82.61   35.49     7.7    -2.3     2.7     0.8 -9999.0     9.19 R -9999.0 -9999.0     2.1 -9999.0 -9999.0 -9999.0 -99.000 -99.000 -99.000 -99.000 -99.000 -9999.0 -9999.0 -9999.0 -9999.0 -9999.0
53877 20030219  1.006  -82.61   35.49    13.6    -2.8     5.4     3.9 -9999.0    10.96 R -9999.0 -9999.0     4.3 -9999.0 -9999.0 -9999.0 -99.000 -99.000 -99.000 -99.000 -99.000 -9999.0 -9999.0 -9999.0 -9999.0 -9999.0
53877 20030220  1.006  -82.61   35.49    10.1     1.9     6.0     6.9 -9999.0     5.29 R -9999.0 -9999.0     6.6 -9999.0 -9999.0 -9999.0 -99.000 -99.000 -99.000 -99.000 -99.000 -9999.0 -9999.0 -9999.0 -9999.0 -9999.0
53877 20030221  1.006  -82.61   35.49     8.5     1.9     5.2     5.9 -9999.0     1.88 R -9999.0 -9999.0     5.7 -9999.0 -9999.0 -9999.0 -99.000 -99.000 -99.000 -99.000 -99.000 -9999.0 -9999.0 -9999.0 -9999.0 -9999.0
53877 20030222  1.006  -82.61   35.49    15.4     6.4    10.9    10.1 -9999.0     6.32 R -9999.0 -9999.0     9.4 -9999.0 -9999.0 -9999.0 -99.000 -99.000 -99.000 -99.000 -99.000 -9999.0 -9999.0 -9999.0 -9999.0 -9999.0
53877 20030223  1.006  -82.61   35.49    12.0    -3.7     4.2     3.1 -9999.0    15.98 R -9999.0 -9999.0     4.0 -9999.0 -9999.0 -9999.0 -99.000 -99.000 -99.000 -99.000 -99.000 -9999.0 -9999.0 -9999.0 -9999.0 -9999.0
53877 20030224  1.006  -82.61   35.49    16.5    -3.9     6.3     5.1 -9999.0    16.84 R -9999.0 -9999.0     5.7 -9999.0 -9999.0 -9999.0 -99.000 -99.000 -99.000 -99.000 -99.000 -9999.0 -9999.0 -9999.0 -9999.0 -9999.0
53877 20030225  1.006  -82.61   35.49    10.6    -2.8     3.9     3.5 -9999.0    10.70 R -9999.0 -9999.0     4.5 -9999.0 -9999.0 -9999.0 -99.000 -99.000 -99.000 -99.000 -99.000 -9999.0 -9999.0 -9999.0 -9999.0 -9999.0
53877 20030226  1.006  -82.61   35.49     5.1     0.4     2.8     3.1 -9999.0     3.02 R -9999.0 -9999.0     3.4 -9999.0 -9999.0 -9999.0 -99.000 -99.000 -99.000 -99.000 -99.000 -9999.0 -9999.0 -9999.0 -9999.0 -9999.0
53877 20030227  1.006  -82.61   35.49     5.2     0.4     2.8     2.7 -9999.0     3.71 R -9999.0 -9999.0     3.9 -9999.0 -9999.0 -9999.0 -99.000 -99.000 -99.000 -99.000 -99.000 -9999.0 -9999.0 -9999.0 -9999.0 -9999.0
53877 20030228  1.006  -82.61   35.49    13.6     3.6     8.6     6.8 -9999.0     9.89 R -9999.0 -9999.0     7.8 -9999.0 -9999.0 -9999.0 -99.000 -99.000 -99.000 -99.000 -99.000 -9999.0 -9999.0 -9999.0 -9999.0 -9999.0
53877 20030301  1.006  -82.61   35.49    15.3     4.5     9.9     7.8 -9999.0    14.22 R -9999.0 -9999.0     9.5 -9999.0 -9999.0 -9999.0 -99.000 -99.000 -99.000 -99.000 -99.000 -9999.0 -9999.0 -9999.0 -9999.0 -9999.0
53877 20030302  1.006  -82.61   35.49    13.4     1.3     7.4     7.8 -9999.0     7.34 R -9999.0 -9999.0     8.1 -9999.0 -9999.0 -9999.0 -99.000 -99.000 -99.000 -99.000 -99.000 -9999.0 -9999.0 -9999.0 -9999.0 -9999.0
53877 20030303  1.006  -82.61   35.49    10.6    -2.7     4.0     2.6 -9999.0    18.59 R -9999.0 -9999.0     3.8 -9999.0 -9999.0 -9999.0 -99.000 -99.000 -99.000 -99.000 -99.000 -9999.0 -9999.0 -9999.0 -9999.0 -9999.0
53877 20030304  1.006  -82.61   35.49    13.1    -5.3     3.9     5.1 -9999.0    15.24 R -9999.0 -9999.0     5.8 -9999.0 -9999.0 -9999.0 -99.000 -99.000 -99.000 -99.000 -99.000 -9999.0 -9999.0 -9999.0 -9999.0 -9999.0
53877 20030305  1.006  -82.61   35.49    23.0     7.0    15.0    13.5 -9999.0    14.55 R -9999.0 -9999.0    13.2 -9999.0 -9999.0 -9999.0 -99.000 -99.000 -99.000 -99.000 -99.000 -9999.0 -9999.0 -9999.0 -9999.0 -9999.0
53877 20030306  1.006  -82.61   35.49    18.5     4.9    11.7    11.4 -9999.0     9.31 R -9999.0 -9999.0    11.3 -9999.0 -9999.0 -9999.0 -99.000 -99.000 -99.000 -99.000 -99.000 -9999.0 -9999.0 -9999.0 -9999.0 -9999.0
53877 20030307  1.006  -82.61   35.49     9.2    -2.0     3.6     4.0 -9999.0     9.42 R -9999.0 -9999.0     4.7 -9999.0 -9999.0 -9999.0 -99.000 -99.000 -99.000 -99.000 -99.000 -9999.0 -9999.0 -9999.0 -9999.0 -9999.0
53877 20030308  1.006  -82.61   35.49    18.1    -3.3     7.4     6.5 -9999.0    18.75 R -9999.0 -9999.0     7.1 -9999.0 -9999.0 -9999.0 -99.000 -99.000 -99.000 -99.000 -99.000 -9999.0 -9999.0 -9999.0 -9999.0 -9999.0
53877 20030309  1.006  -82.61   35.49    19.2     0.7    10.0     9.4 -9999.0    17.67 R -9999.0 -9999.0     9.0 -9999.0 -9999.0 -9999.0 -99.000 -99.000 -99.000 -99.000 -99.000 -9999.0 -9999.0 -9999.0 -9999.0 -9999.0
53877 20030310  1.006  -82.61   35.49    11.9    -2.2     4.9     3.7 -9999.0    19.70 R -9999.0 -9999.0     4.5 -9999.0 -9999.0 -9999.0 -99.000 -99.000 -99.000 -99.000 -99.000 -9999.0 -9999.0 -9999.0 -9999.0 -9999.0
53877 20030311  1.006  -82.61   35.49    15.7    -2.6     6.6     5.7 -9999.0    18.37 R -9999.0 -9999.0     6.1 -9999.0 -9999.0 -9999.0 -99.000 -99.000 -99.000 -99.000 -99.000 -9999.0 -9999.0 -9999.0 -9999.0 -9999.0
53877 20030312  1.006  -82.61   35.49    22.2    -3.6     9.3     8.9 -9999.0    18.84 R -9999.0 -9999.0     8.6 -9999.0 -9999.0 -9999.0 -99.000 -99.000 -99.000 -99.000 -99.000 -9999.0 -9999.0 -9999.0 -9999.0 -9999.0
53877 20030313  1.006  -82.61   35.49    25.1     1.3    13.2    12.1 -9999.0    16.39 R -9999.0 -9999.0    11.7 -9999.0 -9999.0 -9999.0 -99.000 -99.000 -99.000 -99.000 -99.000 -9999.0 -9999.0 -9999.0 -9999.0 -9999.0
53877 20030314  1.006  -82.61   35.49    13.6     5.7     9.7    10.1 -9999.0     5.25 R -9999.0 -9999.0     9.4 -9999.0 -9999.0 -9999.0 -99.000 -99.000 -99.000 -99.000 -99.000 -9999.0 -9999.0 -9999.0 -9999.0 -9999.0
53877 20030315  1.006  -82.61   35.49    11.6     5.0     8.3     8.6 -9999.0     4.60 R -9999.0 -9999.0     8.7 -9999.0 -9999.0 -9999.0 -99.000 -99.000 -99.000 -99.000 -99.000 -9999.0 -9999.0 -9999.0 -9999.0 -9999.0
53877 20030316  1.006  -82.61   35.49    15.3     8.5    11.9    11.4 -9999.0     5.99 R -9999.0 -9999.0    11.7 -9999.0 -9999.0 -9999.0 -99.000 -99.000 -99.000 -99.000 -99.000 -9999.0 -9999.0 -9999.0 -9999.0 -9999.0
53877 20030317  1.006  -82.61   35.49    15.2    10.1    12.7    12.0 -9999.0     6.91 R -9999.0 -9999.0    12.2 -9999.0 -9999.0 -9999.0 -99.000 -99.000 -99.000 -99.000 -99.000 -9999.0 -9999.0 -9999.0 -9999.0 -9999.0
53877 20030318  1.006  -82.61   35.49    13.7    10.6    12.2    11.8 -9999.0     3.78 R -9999.0 -9999.0    12.0 -9999.0 -9999.0 -9999.0 -99.000 -99.000 -99.000 -99.000 -99.000 -9999.0 -9999.0 -9999.0 -9999.0 -9999.0
53877 20030319  1.006  -82.61   35.49    13.1     8.2    10.7    11.3 -9999.0     2.12 R -9999.0 -9999.0    10.9 -9999.0 -9999.0 -9999.0 -99.000 -99.000 -99.000 -99.000 -99.000 -9999.0 -9999.0 -9999.0 -9999.0 -9999.0
53877 20030320  1.006  -82.61   35.49    13.8     7.5    10.7     9.7 -9999.0     6.66 R -9999.0 -9999.0    10.2 -9999.0 -9999.0 -9999.0 -99.000 -99.000 -99.000 -99.000 -99.000 -9999.0 -9999.0 -9999.0 -9999.0 -9999.0
53877 20030321  1.006  -82.61   35.49    22.1     4.4    13.3    12.4 -9999.0    18.68 R -9999.0 -9999.0    12.4 -9999.0 -9999.0 -9999.0 -99.000 -99.000 -99.000 -99.000 -99.000 -9999.0 -9999.0 -9999.0 -9999.0 -9999.0
53877 20030322  1.006  -82.61   35.49    17.4     3.3    10.4    10.3 -9999.0    16.15 R -9999.0 -9999.0    10.0 -9999.0 -9999.0 -9999.0 -99.000 -99.000 -99.000 -99.000 -99.000 -9999.0 -9999.0 -9999.0 -9999.0 -9999.0
53877 20030323  1.006  -82.61   35.49    17.9     0.7     9.3     8.6 -9999.0    15.39 R -9999.0 -9999.0     8.5 -9999.0 -9999.0 -9999.0 -99.000 -99.000 -99.000 -99.000 -99.000 -9999.0 -9999.0 -9999.0 -9999.0 -9999.0
53877 20030324  1.006  -82.61   35.49    20.4    -1.1     9.7     9.0 -9999.0    22.45 R -9999.0 -9999.0     8.9 -9999.0 -9999.0 -9999.0 -99.000 -99.000 -99.000 -99.000 -99.000 -9999.0 -9999.0 -9999.0 -9999.0 -9999.0
53877 20030325  1.006  -82.61   35.49    22.8    -1.2    10.8    12.0 -9999.0    21.66 R -9999.0 -9999.0    11.1 -9999.0 -9999.0 -9999.0 -99.000 -99.000 -99.000 -99.000 -99.000 -9999.0 -9999.0 -9999.0 -9999.0 -9999.0
53877 20030326  1.006  -82.61   35.49    20.0     3.4    11.7    11.8 -9999.0     9.64 R -9999.0 -9999.0    11.2 -9999.0 -9999.0 -9999.0 -99.000 -99.000 -99.000 -99.000 -99.000 -9999.0 -9999.0 -9999.0 -9999.0 -9999.0
53877 20030327  1.006  -82.61   35.49    16.7     8.0    12.4    12.3 -9999.0    17.13 R -9999.0 -9999.0    12.9 -9999.0 -9999.0 -9999.0 -99.000 -99.000 -99.000 -99.000 -99.000 -9999.0 -9999.0 -9999.0 -9999.0 -9999.0
53877 20030328  1.006  -82.61   35.49    17.9    11.7    14.8    13.9 -9999.0     8.76 R -9999.0 -9999.0    13.9 -9999.0 -9999.0 -9999.0 -99.000 -99.000 -99.000 -99.000 -99.000 -9999.0 -9999.0 -9999.0 -9999.0 -9999.0
53877 20030329  1.006  -82.61   35.49    18.6     3.7    11.2    12.4 -9999.0     5.27 R -9999.0 -9999.0    11.9 -9999.0 -9999.0 -9999.0 -99.000 -99.000 -99.000 -99.000 -99.000 -9999.0 -9999.0 -9999.0 -9999.0 -9999.0
53877 20030330  1.006  -82.61   35.49     3.8    -1.6     1.1     0.9 -9999.0     7.20 R -9999.0 -9999.0     0.3 -9999.0 -9999.0 -9999.0 -99.000 -99.000 -99.000 -99.000 -99.000 -9999.0 -9999.0 -9999.0 -9999.0 -9999.0
53877 20030331  1.006  -82.61   35.49     7.3    -3.2     2.1     1.0 -9999.0    21.26 R -9999.0 -9999.0     2.3 -9999.0 -9999.0 -9999.0 -99.000 -99.000 -99.000 -99.000 -99.000 -9999.0 -9999.0 -9999.0 -9999.0 -9999.0
53877 20030401  1.006  -82.61   35.49    20.9    -4.6     8.2     7.7 -9999.0    23.47 R -9999.0 -9999.0     8.4 -9999.0 -9999.0 -9999.0 -99.000 -99.000 -99.000 -99.000 -99.000 -9999.0 -9999.0 -9999.0 -9999.0 -9999.0
53877 20030402  1.006  -82.61   35.49    25.0     1.3    13.2    12.3 -9999.0    23.83 R -9999.0 -9999.0    11.8 -9999.0 -9999.0 -9999.0 -99.000 -99.000 -99.000 -99.000 -99.000 -9999.0 -9999.0 -9999.0 -9999.0 -9999.0
53877 20030403  1.006  -82.61   35.49    25.5     1.1    13.3    14.1 -9999.0    24.04 R -9999.0 -9999.0    13.1 -9999.0 -9999.0 -9999.0 -99.000 -99.000 -99.000 -99.000 -99.000 -9999.0 -9999.0 -9999.0 -9999.0 -9999.0
53877 20030404  1.006  -82.61   35.49    23.3     5.8    14.6    14.9 -9999.0    12.06 R -9999.0 -9999.0    13.3 -9999.0 -9999.0 -9999.0 -99.000 -99.000 -99.000 -99.000 -99.000 -9999.0 -9999.0 -9999.0 -9999.0 -9999.0
53877 20030405  1.006  -82.61   35.49    23.1     5.1    14.1    13.4 -9999.0    18.14 R -9999.0 -9999.0    12.9 -9999.0 -9999.0 -9999.0 -99.000 -99.000 -99.000 -99.000 -99.000 -9999.0 -9999.0 -9999.0 -9999.0 -9999.0
53877 20030406  1.006  -82.61   35.49    18.9     0.4     9.7    10.1 -9999.0    17.48 R -9999.0 -9999.0    10.7 -9999.0 -9999.0 -9999.0 -99.000 -99.000 -99.000 -99.000 -99.000 -9999.0 -9999.0 -9999.0 -9999.0 -9999.0
53877 20030407  1.006  -82.61   35.49    11.5     7.7     9.6     9.7 -9999.0     7.61 R -9999.0 -9999.0    11.1 -9999.0 -9999.0 -9999.0 -99.000 -99.000 -99.000 -99.000 -99.000 -9999.0 -9999.0 -9999.0 -9999.0 -9999.0
53877 20030408  1.006  -82.61   35.49     8.6     5.7     7.2     7.4 -9999.0     2.85 R -9999.0 -9999.0     8.6 -9999.0 -9999.0 -9999.0 -99.000 -99.000 -99.000 -99.000 -99.000 -9999.0 -9999.0 -9999.0 -9999.0 -9999.0
53877 20030409  1.006  -82.61   35.49     8.3     4.7     6.5     6.1 -9999.0     4.83 R -9999.0 -9999.0     7.6 -9999.0 -9999.0 -9999.0 -99.000 -99.000 -99.000 -99.000 -99.000 -9999.0 -9999.0 -9999.0 -9999.0 -9999.0
53877 20030410  1.006  -82.61   35.49     6.4     0.1     3.3     3.3 -9999.0     2.11 R -9999.0 -9999.0     2.8 -9999.0 -9999.0 -9999.0 -99.000 -99.000 -99.000 -99.000 -99.000 -9999.0 -9999.0 -9999.0 -9999.0 -9999.0
53877 20030411  1.006  -82.61   35.49     9.5     1.0     5.3     5.9 -9999.0     7.03 R -9999.0 -9999.0     5.8 -9999.0 -9999.0 -9999.0 -99.000 -99.000 -99.000 -99.000 -99.000 -9999.0 -9999.0 -9999.0 -9999.0 -9999.0
53877 20030412  1.006  -82.61   35.49    20.6     6.1    13.4    13.1 -9999.0    25.15 R -9999.0 -9999.0    11.4 -9999.0 -9999.0 -9999.0 -99.000 -99.000 -99.000 -99.000 -99.000 -9999.0 -9999.0 -9999.0 -9999.0 -9999.0
53877 20030413  1.006  -82.61   35.49    22.1     0.8    11.5    11.4 -9999.0    25.31 R -9999.0 -9999.0    10.9 -9999.0 -9999.0 -9999.0 -99.000 -99.000 -99.000 -99.000 -99.000 -9999.0 -9999.0 -9999.0 -9999.0 -9999.0
53877 20030414  1.006  -82.61   35.49    23.9     0.4    12.2    13.1 -9999.0    24.61 R -9999.0 -9999.0    12.3 -9999.0 -9999.0 -9999.0 -99.000 -99.000 -99.000 -99.000 -99.000 -9999.0 -9999.0 -9999.0 -9999.0 -9999.0
53877 20030415  1.006  -82.61   35.49    24.6     3.4    14.0    15.0 -9999.0    20.97 R -9999.0 -9999.0    13.5 -9999.0 -9999.0 -9999.0 -99.000 -99.000 -99.000 -99.000 -99.000 -9999.0 -9999.0 -9999.0 -9999.0 -9999.0
53877 20030416  1.006  -82.61   35.49    24.0     4.6    14.3    15.1 -9999.0    22.66 R -9999.0 -9999.0    13.9 -9999.0 -9999.0 -9999.0 -99.000 -99.000 -99.000 -99.000 -99.000 -9999.0 -9999.0 -9999.0 -9999.0 -9999.0
53877 20030417  1.006  -82.61   35.49    21.2     6.6    13.9    14.0 -9999.0    10.10 R -9999.0 -9999.0    13.2 -9999.0 -9999.0 -9999.0 -99.000 -99.000 -99.000 -99.000 -99.000 -9999.0 -9999.0 -9999.0 -9999.0 -9999.0
53877 20030418  1.006  -82.61   35.49    13.7     8.3    11.0    10.5 -9999.0     6.06 R -9999.0 -9999.0    11.7 -9999.0 -9999.0 -9999.0 -99.000 -99.000 -99.000 -99.000 -99.000 -9999.0 -9999.0 -9999.0 -9999.0 -9999.0
53877 20030419  1.006  -82.61   35.49    18.5     8.9    13.7    13.3 -9999.0    21.20 R -9999.0 -9999.0    15.6 -9999.0 -9999.0 -9999.0 -99.000 -99.000 -99.000 -99.000 -99.000 -9999.0 -9999.0 -9999.0 -9999.0 -9999.0
53877 20030420  1.006  -82.61   35.49    21.3    11.7    16.5    15.1 -9999.0    20.79 R -9999.0 -9999.0    16.9 -9999.0 -9999.0 -9999.0 -99.000 -99.000 -99.000 -99.000 -99.000 -9999.0 -9999.0 -9999.0 -9999.0 -9999.0
53877 20030421  1.006  -82.61   35.49    21.5     9.7    15.6    14.9 -9999.0     9.82 R -9999.0 -9999.0    14.9 -9999.0 -9999.0 -9999.0 -99.000 -99.000 -99.000 -99.000 -99.000 -9999.0 -9999.0 -9999.0 -9999.0 -9999.0
53877 20030422  1.006  -82.61   35.49    15.1     5.5    10.3    10.1 -9999.0    24.62 R -9999.0 -9999.0    11.8 -9999.0 -9999.0 -9999.0 -99.000 -99.000 -99.000 -99.000 -99.000 -9999.0 -9999.0 -9999.0 -9999.0 -9999.0
53877 20030423  1.006  -82.61   35.49    19.2     1.5    10.4    10.4 -9999.0    27.40 R -9999.0 -9999.0    11.3 -9999.0 -9999.0 -9999.0 -99.000 -99.000 -99.000 -99.000 -99.000 -9999.0 -9999.0 -9999.0 -9999.0 -9999.0
53877 20030424  1.006  -82.61   35.49    20.4    -1.5     9.5    10.2 -9999.0    17.81 R -9999.0 -9999.0    10.9 -9999.0 -9999.0 -9999.0 -99.000 -99.000 -99.000 -99.000 -99.000 -9999.0 -9999.0 -9999.0 -9999.0 -9999.0
53877 20030425  1.006  -82.61   35.49    13.4    10.2    11.8    12.1 -9999.0     5.07 R -9999.0 -9999.0    12.5 -9999.0 -9999.0 -9999.0 -99.000 -99.000 -99.000 -99.000 -99.000 -9999.0 -9999.0 -9999.0 -9999.0 -9999.0
53877 20030426  1.006  -82.61   35.49    20.0    10.3    15.2    14.5 -9999.0    19.34 R -9999.0 -9999.0    15.6 -9999.0 -9999.0 -9999.0 -99.000 -99.000 -99.000 -99.000 -99.000 -9999.0 -9999.0 -9999.0 -9999.0 -9999.0
53877 20030427  1.006  -82.61   35.49    23.7     5.1    14.4    14.8 -9999.0    26.89 R -9999.0 -9999.0    15.2 -9999.0 -9999.0 -9999.0 -99.000 -99.000 -99.000 -99.000 -99.000 -9999.0 -9999.0 -9999.0 -9999.0 -9999.0
53877 20030428  1.006  -82.61   35.49    24.5     5.3    14.9    15.8 -9999.0    24.80 R -9999.0 -9999.0    16.2 -9999.0 -9999.0 -9999.0 -99.000 -99.000 -99.000 -99.000 -99.000 -9999.0 -9999.0 -9999.0 -9999.0 -9999.0
53877 20030429  1.006  -82.61   35.49    26.7     7.9    17.3    16.7 -9999.0    21.29 R -9999.0 -9999.0    16.8 -9999.0 -9999.0 -9999.0 -99.000 -99.000 -99.000 -99.000 -99.000 -9999.0 -9999.0 -9999.0 -9999.0 -9999.0
53877 20030430  1.006  -82.61   35.49    26.6     8.4    17.5    16.8 -9999.0    23.31 R -9999.0 -9999.0    17.8 -9999.0 -9999.0 -9999.0 -99.000 -99.000 -99.000 -99.000 -99.000 -9999.0 -9999.0 -9999.0 -9999.0 -9999.0
53877 20030501  1.006  -82.61   35.49    23.9    10.3    17.1    15.4 -9999.0    17.54 R -9999.0 -9999.0    16.6 -9999.0 -9999.0 -9999.0 -99.000 -99.000 -99.000 -99.000 -99.000 -9999.0 -9999.0 -9999.0 -9999.0 -9999.0
53877 20030502  1.006  -82.61   35.49    25.1    10.9    18.0    15.3 -9999.0    19.89 R -9999.0 -9999.0    16.7 -9999.0 -9999.0 -9999.0 -99.000 -99.000 -99.000 -99.000 -99.000 -9999.0 -9999.0 -9999.0 -9999.0 -9999.0
53877 20030503  1.006  -82.61   35.49    23.2     8.2    15.7    15.0 -9999.0    17.90 R -9999.0 -9999.0    15.5 -9999.0 -9999.0 -9999.0 -99.000 -99.000 -99.000 -99.000 -99.000 -9999.0 -9999.0 -9999.0 -9999.0 -9999.0
53877 20030504  1.006  -82.61   35.49    22.3     5.3    13.8    14.6 -9999.0    26.03 R -9999.0 -9999.0    16.1 -9999.0 -9999.0 -9999.0 -99.000 -99.000 -99.000 -99.000 -99.000 -9999.0 -9999.0 -9999.0 -9999.0 -9999.0
53877 20030505  1.006  -82.61   35.49    15.7    11.6    13.7    13.3 -9999.0     2.69 R -9999.0 -9999.0    13.7 -9999.0 -9999.0 -9999.0 -99.000 -99.000 -99.000 -99.000 -99.000 -9999.0 -9999.0 -9999.0 -9999.0 -9999.0
53877 20030506  1.006  -82.61   35.49    19.6    11.8    15.7    14.8 -9999.0     6.60 R -9999.0 -9999.0    14.6 -9999.0 -9999.0 -9999.0 -99.000 -99.000 -99.000 -99.000 -99.000 -9999.0 -9999.0 -9999.0 -9999.0 -9999.0
53877 20030507  1.006  -82.61   35.49    23.0    11.8    17.4    16.1 -9999.0    12.56 R -9999.0 -9999.0    16.5 -9999.0 -9999.0 -9999.0 -99.000 -99.000 -99.000 -99.000 -99.000 -9999.0 -9999.0 -9999.0 -9999.0 -9999.0
53877 20030508  1.006  -82.61   35.49    28.2     9.9    19.1    19.0 -9999.0    26.06 R -9999.0 -9999.0    19.0 -9999.0 -9999.0 -9999.0 -99.000 -99.000 -99.000 -99.000 -99.000 -9999.0 -9999.0 -9999.0 -9999.0 -9999.0
53877 20030509  1.006  -82.61   35.49    30.4    13.4    21.9    21.1 -9999.0    23.61 R -9999.0 -9999.0    21.1 -9999.0 -9999.0 -9999.0 -99.000 -99.000 -99.000 -99.000 -99.000 -9999.0 -9999.0 -9999.0 -9999.0 -9999.0
53877 20030510  1.006  -82.61   35.49    30.6    12.5    21.6    20.7 -9999.0    24.89 R -9999.0 -9999.0    21.3 -9999.0 -9999.0 -9999.0 -99.000 -99.000 -99.000 -99.000 -99.000 -9999.0 -9999.0 -9999.0 -9999.0 -9999.0
53877 20030511  1.006  -82.61   35.49    25.1    12.2    18.7    18.3 -9999.0    11.57 R -9999.0 -9999.0    17.3 -9999.0 -9999.0 -9999.0 -99.000 -99.000 -99.000 -99.000 -99.000 -9999.0 -9999.0 -9999.0 -9999.0 -9999.0
53877 20030512  1.006  -82.61   35.49    22.0    10.0    16.0    16.3 -9999.0    28.74 R -9999.0 -9999.0    16.4 -9999.0 -9999.0 -9999.0 -99.000 -99.000 -99.000 -99.000 -99.000 -9999.0 -9999.0 -9999.0 -9999.0 -9999.0
53877 20030513  1.006  -82.61   35.49    22.2     9.5    15.9    16.3 -9999.0    28.53 R -9999.0 -9999.0    16.8 -9999.0 -9999.0 -9999.0 -99.000 -99.000 -99.000 -99.000 -99.000 -9999.0 -9999.0 -9999.0 -9999.0 -9999.0
53877 20030514  1.006  -82.61   35.49    21.6     7.6    14.6    14.4 -9999.0    13.55 R -9999.0 -9999.0    15.4 -9999.0 -9999.0 -9999.0 -99.000 -99.000 -99.000 -99.000 -99.000 -9999.0 -9999.0 -9999.0 -9999.0 -9999.0
53877 20030515  1.006  -82.61   35.49    23.3    10.9    17.1    16.0 -9999.0    18.02 R -9999.0 -9999.0    17.8 -9999.0 -9999.0 -9999.0 -99.000 -99.000 -99.000 -99.000 -99.000 -9999.0 -9999.0 -9999.0 -9999.0 -9999.0
53877 20030516  1.006  -82.61   35.49    24.7    13.3    19.0    17.7 -9999.0    15.51 R -9999.0 -9999.0    19.4 -9999.0 -9999.0 -9999.0 -99.000 -99.000 -99.000 -99.000 -99.000 -9999.0 -9999.0 -9999.0 -9999.0 -9999.0
53877 20030517  1.006  -82.61   35.49    17.9    12.8    15.4    15.8 -9999.0     3.17 R -9999.0 -9999.0    16.4 -9999.0 -9999.0 -9999.0 -99.000 -99.000 -99.000 -99.000 -99.000 -9999.0 -9999.0 -9999.0 -9999.0 -9999.0
53877 20030518  1.006  -82.61   35.49    15.0    11.8    13.4    13.1 -9999.0     6.77 R -9999.0 -9999.0    14.7 -9999.0 -9999.0 -9999.0 -99.000 -99.000 -99.000 -99.000 -99.000 -9999.0 -9999.0 -9999.0 -9999.0 -9999.0
53877 20030519  1.006  -82.61   35.49    16.0    11.2    13.6    12.9 -9999.0     8.67 R -9999.0 -9999.0    14.7 -9999.0 -9999.0 -9999.0 -99.000 -99.000 -99.000 -99.000 -99.000 -9999.0 -9999.0 -9999.0 -9999.0 -9999.0
53877 20030520  1.006  -82.61   35.49    20.5    11.3    15.9    15.2 -9999.0    15.97 R -9999.0 -9999.0    17.0 -9999.0 -9999.0 -9999.0 -99.000 -99.000 -99.000 -99.000 -99.000 -9999.0 -9999.0 -9999.0 -9999.0 -9999.0
53877 20030521  1.006  -82.61   35.49    17.6    14.1    15.9    15.6 -9999.0     5.76 R -9999.0 -9999.0    16.4 -9999.0 -9999.0 -9999.0 -99.000 -99.000 -99.000 -99.000 -99.000 -9999.0 -9999.0 -9999.0 -9999.0 -9999.0
53877 20030522  1.006  -82.61   35.49    16.7    13.3    15.0    14.9 -9999.0     7.03 R -9999.0 -9999.0    15.8 -9999.0 -9999.0 -9999.0 -99.000 -99.000 -99.000 -99.000 -99.000 -9999.0 -9999.0 -9999.0 -9999.0 -9999.0
53877 20030523  1.006  -82.61   35.49    21.2    12.5    16.9    16.2 -9999.0    19.74 R -9999.0 -9999.0    18.2 -9999.0 -9999.0 -9999.0 -99.000 -99.000 -99.000 -99.000 -99.000 -9999.0 -9999.0 -9999.0 -9999.0 -9999.0
53877 20030524  1.006  -82.61   35.49    21.6    11.8    16.7    16.8 -9999.0    18.34 R -9999.0 -9999.0    18.2 -9999.0 -9999.0 -9999.0 -99.000 -99.000 -99.000 -99.000 -99.000 -9999.0 -9999.0 -9999.0 -9999.0 -9999.0
53877 20030525  1.006  -82.61   35.49    23.1     7.5    15.3    14.7 -9999.0    13.66 R -9999.0 -9999.0    15.9 -9999.0 -9999.0 -9999.0 -99.000 -99.000 -99.000 -99.000 -99.000 -9999.0 -9999.0 -9999.0 -9999.0 -9999.0
53877 20030526  1.006  -82.61   35.49    22.0    10.0    16.0    16.1 -9999.0    21.34 R -9999.0 -9999.0    17.7 -9999.0 -9999.0 -9999.0 -99.000 -99.000 -99.000 -99.000 -99.000 -9999.0 -9999.0 -9999.0 -9999.0 -9999.0
53877 20030527  1.006  -82.61   35.49    21.3     9.1    15.2    15.6 -9999.0    23.08 R -9999.0 -9999.0    17.0 -9999.0 -9999.0 -9999.0 -99.000 -99.000 -99.000 -99.000 -99.000 -9999.0 -9999.0 -9999.0 -9999.0 -9999.0
53877 20030528  1.006  -82.61   35.49    22.2     6.1    14.2    14.7 -9999.0    25.98 R -9999.0 -9999.0    16.1 -9999.0 -9999.0 -9999.0 -99.000 -99.000 -99.000 -99.000 -99.000 -9999.0 -9999.0 -9999.0 -9999.0 -9999.0
53877 20030529  1.006  -82.61   35.49    21.0    11.3    16.2    14.5 -9999.0    16.41 R -9999.0 -9999.0    16.0 -9999.0 -9999.0 -9999.0 -99.000 -99.000 -99.000 -99.000 -99.000 -9999.0 -9999.0 -9999.0 -9999.0 -9999.0
53877 20030530  1.006  -82.61   35.49    21.9     9.4    15.7    15.5 -9999.0    22.81 R -9999.0 -9999.0    16.2 -9999.0 -9999.0 -9999.0 -99.000 -99.000 -99.000 -99.000 -99.000 -9999.0 -9999.0 -9999.0 -9999.0 -9999.0
53877 20030531  1.006  -82.61   35.49    27.2     9.5    18.4    17.7 -9999.0    19.42 R -9999.0 -9999.0    17.9 -9999.0 -9999.0 -9999.0 -99.000 -99.000 -99.000 -99.000 -99.000 -9999.0 -9999.0 -9999.0 -9999.0 -9999.0
53877 20030601  1.006  -82.61   35.49    20.6     9.9    15.3    15.4 -9999.0    28.65 R -9999.0 -9999.0    16.2 -9999.0 -9999.0 -9999.0 -99.000 -99.000 -99.000 -99.000 -99.000 -9999.0 -9999.0 -9999.0 -9999.0 -9999.0
53877 20030602  1.006  -82.61   35.49    22.1     4.8    13.5    15.1 -9999.0    27.95 R -9999.0 -9999.0    16.3 -9999.0 -9999.0 -9999.0 -99.000 -99.000 -99.000 -99.000 -99.000 -9999.0 -9999.0 -9999.0 -9999.0 -9999.0
53877 20030603  1.006  -82.61   35.49    23.5    14.7    19.1    18.0 -9999.0     9.57 R -9999.0 -9999.0    18.0 -9999.0 -9999.0 -9999.0 -99.000 -99.000 -99.000 -99.000 -99.000 -9999.0 -9999.0 -9999.0 -9999.0 -9999.0
53877 20030604  1.006  -82.61   35.49    26.4    13.9    20.2    18.2 -9999.0    22.17 R -9999.0 -9999.0    19.1 -9999.0 -9999.0 -9999.0 -99.000 -99.000 -99.000 -99.000 -99.000 -9999.0 -9999.0 -9999.0 -9999.0 -9999.0
53877 20030605  1.006  -82.61   35.49    22.0     9.1    15.6    15.6 -9999.0    28.22 R -9999.0 -9999.0    16.4 -9999.0 -9999.0 -9999.0 -99.000 -99.000 -99.000 -99.000 -99.000 -9999.0 -9999.0 -9999.0 -9999.0 -9999.0
53877 20030606  1.006  -82.61   35.49    23.9     7.2    15.6    16.5 -9999.0    22.78 R -9999.0 -9999.0    17.8 -9999.0 -9999.0 -9999.0 -99.000 -99.000 -99.000 -99.000 -99.000 -9999.0 -9999.0 -9999.0 -9999.0 -9999.0
53877 20030607  1.006  -82.61   35.49    21.2    17.8    19.5    19.4 -9999.0     6.76 R -9999.0 -9999.0    19.6 -9999.0 -9999.0 -9999.0 -99.000 -99.000 -99.000 -99.000 -99.000 -9999.0 -9999.0 -9999.0 -9999.0 -9999.0
53877 20030608  1.006  -82.61   35.49    27.0    15.2    21.1    20.9 -9999.0    21.06 R -9999.0 -9999.0    21.3 -9999.0 -9999.0 -9999.0 -99.000 -99.000 -99.000 -99.000 -99.000 -9999.0 -9999.0 -9999.0 -9999.0 -9999.0
53877 20030609  1.006  -82.61   35.49    25.4    11.1    18.3    18.1 -9999.0    29.74 R -9999.0 -9999.0    20.5 -9999.0 -9999.0 -9999.0 -99.000 -99.000 -99.000 -99.000 -99.000 -9999.0 -9999.0 -9999.0 -9999.0 -9999.0
53877 20030610  1.006  -82.61   35.49    27.0     8.3    17.7    18.3 -9999.0    28.74 R -9999.0 -9999.0    21.7 -9999.0 -9999.0 -9999.0 -99.000 -99.000 -99.000 -99.000 -99.000 -9999.0 -9999.0 -9999.0 -9999.0 -9999.0
53877 20030611  1.006  -82.61   35.49    28.3    13.4    20.9    20.8 -9999.0    19.99 R -9999.0 -9999.0    22.5 -9999.0 -9999.0 -9999.0 -99.000 -99.000 -99.000 -99.000 -99.000 -9999.0 -9999.0 -9999.0 -9999.0 -9999.0
53877 20030612  1.006  -82.61   35.49    26.8    14.7    20.8    20.9 -9999.0    19.69 R -9999.0 -9999.0    22.6 -9999.0 -9999.0 -9999.0 -99.000 -99.000 -99.000 -99.000 -99.000 -9999.0 -9999.0 -9999.0 -9999.0 -9999.0
53877 20030613  1.006  -82.61   35.49    26.4    16.5    21.5    21.4 -9999.0    19.34 R -9999.0 -9999.0    23.6 -9999.0 -9999.0 -9999.0 -99.000 -99.000 -99.000 -99.000 -99.000 -9999.0 -9999.0 -9999.0 -9999.0 -9999.0
53877 20030614  1.006  -82.61   35.49    26.3    15.6    21.0    20.3 -9999.0    16.44 R -9999.0 -9999.0    22.4 -9999.0 -9999.0 -9999.0 -99.000 -99.000 -99.000 -99.000 -99.000 -9999.0 -9999.0 -9999.0 -9999.0 -9999.0
53877 20030615  1.006  -82.61   35.49    27.7    17.9    22.8    21.9 -9999.0    21.29 R -9999.0 -9999.0    24.5 -9999.0 -9999.0 -9999.0 -99.000 -99.000 -99.000 -99.000 -99.000 -9999.0 -9999.0 -9999.0 -9999.0 -9999.0
53877 20030616  1.006  -82.61   35.49    26.3    16.4    21.4    19.9 -9999.0    15.60 R -9999.0 -9999.0    22.1 -9999.0 -9999.0 -9999.0 -99.000 -99.000 -99.000 -99.000 -99.000 -9999.0 -9999.0 -9999.0 -9999.0 -9999.0
53877 20030617  1.006  -82.61   35.49    23.1    17.8    20.5    19.6 -9999.0    11.85 R -9999.0 -9999.0    21.4 -9999.0 -9999.0 -9999.0 -99.000 -99.000 -99.000 -99.000 -99.000 -9999.0 -9999.0 -9999.0 -9999.0 -9999.0
53877 20030618  1.006  -82.61   35.49    22.2    17.7    20.0    19.7 -9999.0     8.84 R -9999.0 -9999.0    20.9 -9999.0 -9999.0 -9999.0 -99.000 -99.000 -99.000 -99.000 -99.000 -9999.0 -9999.0 -9999.0 -9999.0 -9999.0
53877 20030619  1.006  -82.61   35.49    25.1    16.1    20.6    19.9 -9999.0    18.88 R -9999.0 -9999.0    21.4 -9999.0 -9999.0 -9999.0 -99.000 -99.000 -99.000 -99.000 -99.000 -9999.0 -9999.0 -9999.0 -9999.0 -9999.0
53877 20030620  1.006  -82.61   35.49    24.7    13.4    19.1    18.9 -9999.0    26.75 R -9999.0 -9999.0    20.8 -9999.0 -9999.0 -9999.0 -99.000 -99.000 -99.000 -99.000 -99.000 -9999.0 -9999.0 -9999.0 -9999.0 -9999.0
53877 20030621  1.006  -82.61   35.49    22.1     9.2    15.7    15.9 -9999.0    30.73 R -9999.0 -9999.0    18.0 -9999.0 -9999.0 -9999.0 -99.000 -99.000 -99.000 -99.000 -99.000 -9999.0 -9999.0 -9999.0 -9999.0 -9999.0
53877 20030622  1.006  -82.61   35.49    24.7     6.5    15.6    16.4 -9999.0    28.91 R -9999.0 -9999.0    18.6 -9999.0 -9999.0 -9999.0 -99.000 -99.000 -99.000 -99.000 -99.000 -9999.0 -9999.0 -9999.0 -9999.0 -9999.0
53877 20030623  1.006  -82.61   35.49    26.9     7.7    17.3    17.6 -9999.0    30.16 R -9999.0 -9999.0    19.3 -9999.0 -9999.0 -9999.0 -99.000 -99.000 -99.000 -99.000 -99.000 -9999.0 -9999.0 -9999.0 -9999.0 -9999.0
53877 20030624  1.006  -82.61   35.49    28.6     9.3    19.0    19.4 -9999.0    29.46 R -9999.0 -9999.0    20.6 -9999.0 -9999.0 -9999.0 -99.000 -99.000 -99.000 -99.000 -99.000 -9999.0 -9999.0 -9999.0 -9999.0 -9999.0
53877 20030625  1.006  -82.61   35.49    29.1    12.4    20.8    20.9 -9999.0    27.90 R -9999.0 -9999.0    22.2 -9999.0 -9999.0 -9999.0 -99.000 -99.000 -99.000 -99.000 -99.000 -9999.0 -9999.0 -9999.0 -9999.0 -9999.0
53877 20030626  1.006  -82.61   35.49    28.3    14.2    21.3    21.5 -9999.0    22.96 R -9999.0 -9999.0    24.1 -9999.0 -9999.0 -9999.0 -99.000 -99.000 -99.000 -99.000 -99.000 -9999.0 -9999.0 -9999.0 -9999.0 -9999.0
53877 20030627  1.006  -82.61   35.49    26.7    14.7    20.7    19.4 -9999.0    14.87 R -9999.0 -9999.0    21.8 -9999.0 -9999.0 -9999.0 -99.000 -99.000 -99.000 -99.000 -99.000 -9999.0 -9999.0 -9999.0 -9999.0 -9999.0
53877 20030628  1.006  -82.61   35.49    23.4    16.1    19.8    18.8 -9999.0     9.47 R -9999.0 -9999.0    20.1 -9999.0 -9999.0 -9999.0 -99.000 -99.000 -99.000 -99.000 -99.000 -9999.0 -9999.0 -9999.0 -9999.0 -9999.0
53877 20030629  1.006  -82.61   35.49    28.2    13.8    21.0    20.8 -9999.0    26.08 R -9999.0 -9999.0    24.6 -9999.0 -9999.0 -9999.0 -99.000 -99.000 -99.000 -99.000 -99.000 -9999.0 -9999.0 -9999.0 -9999.0 -9999.0
53877 20030630  1.006  -82.61   35.49    24.4    15.5    20.0    20.1 -9999.0    12.93 R -9999.0 -9999.0    21.7 -9999.0 -9999.0 -9999.0 -99.000 -99.000 -99.000 -99.000 -99.000 -9999.0 -9999.0 -9999.0 -9999.0 -9999.0
53877 20030701  1.006  -82.61   35.49    19.4    16.6    18.0    17.6     0.0     4.93 R -9999.0 -9999.0    18.8 -9999.0 -9999.0 -9999.0 -99.000 -99.000 -99.000 -99.000 -99.000 -9999.0 -9999.0 -9999.0 -9999.0 -9999.0
53877 20030702  1.006  -82.61   35.49    20.9    15.7    18.3    18.0     0.0     8.05 R -9999.0 -9999.0    19.2 -9999.0 -9999.0 -9999.0 -99.000 -99.000 -99.000 -99.000 -99.000 -9999.0 -9999.0 -9999.0 -9999.0 -9999.0
53877 20030703  1.006  -82.61   35.49    27.0    13.6    20.3    19.5     0.0    23.79 R -9999.0 -9999.0    21.3 -9999.0 -9999.0 -9999.0 -99.000 -99.000 -99.000 -99.000 -99.000 -9999.0 -9999.0 -9999.0 -9999.0 -9999.0
53877 20030704  1.006  -82.61   35.49    29.3    13.2    21.3    21.0     0.0    25.19 R -9999.0 -9999.0    23.6 -9999.0 -9999.0 -9999.0 -99.000 -99.000 -99.000 -99.000 -99.000 -9999.0 -9999.0 -9999.0 -9999.0 -9999.0
53877 20030705  1.006  -82.61   35.49    28.1    16.0    22.1    20.7     0.0    16.69 R -9999.0 -9999.0    22.5 -9999.0 -9999.0 -9999.0 -99.000 -99.000 -99.000 -99.000 -99.000 -9999.0 -9999.0 -9999.0 -9999.0 -9999.0
53877 20030706  1.006  -82.61   35.49    26.5    17.6    22.1    21.1     0.0    12.82 R -9999.0 -9999.0    22.5 -9999.0 -9999.0 -9999.0 -99.000 -99.000 -99.000 -99.000 -99.000 -9999.0 -9999.0 -9999.0 -9999.0 -9999.0
53877 20030707  1.006  -82.61   35.49    25.6    19.2    22.4    21.7     0.0    13.26 R -9999.0 -9999.0    22.7 -9999.0 -9999.0 -9999.0 -99.000 -99.000 -99.000 -99.000 -99.000 -9999.0 -9999.0 -9999.0 -9999.0 -9999.0
53877 20030708  1.006  -82.61   35.49    29.4    16.9    23.2    22.8     0.0    26.49 R -9999.0 -9999.0    24.3 -9999.0 -9999.0 -9999.0 -99.000 -99.000 -99.000 -99.000 -99.000 -9999.0 -9999.0 -9999.0 -9999.0 -9999.0
53877 20030709  1.006  -82.61   35.49    28.7    16.8    22.8    21.6     0.0    16.13 R -9999.0 -9999.0    22.6 -9999.0 -9999.0 -9999.0 -99.000 -99.000 -99.000 -99.000 -99.000 -9999.0 -9999.0 -9999.0 -9999.0 -9999.0
53877 20030710  1.006  -82.61   35.49    26.9    17.7    22.3    21.1 -9999.0    11.74 R -9999.0 -9999.0    22.0 -9999.0 -9999.0 -9999.0 -99.000 -99.000 -99.000 -99.000 -99.000 -9999.0 -9999.0 -9999.0 -9999.0 -9999.0
53877 20030711  1.006  -82.61   35.49    25.3    14.2    19.8    19.9     0.0    18.61 R -9999.0 -9999.0    21.4 -9999.0 -9999.0 -9999.0 -99.000 -99.000 -99.000 -99.000 -99.000 -9999.0 -9999.0 -9999.0 -9999.0 -9999.0
53877 20030712  1.006  -82.61   35.49    27.3    10.4    18.9    19.4     0.0    25.80 R -9999.0 -9999.0    21.8 -9999.0 -9999.0 -9999.0 -99.000 -99.000 -99.000 -99.000 -99.000 -9999.0 -9999.0 -9999.0 -9999.0 -9999.0
53877 20030713  1.006  -82.61   35.49    25.8    14.1    20.0    18.2     0.0    13.09 R -9999.0 -9999.0    19.8 -9999.0 -9999.0 -9999.0 -99.000 -99.000 -99.000 -99.000 -99.000 -9999.0 -9999.0 -9999.0 -9999.0 -9999.0
53877 20030714  1.006  -82.61   35.49    25.7    14.6    20.2    19.2     0.0    17.46 R -9999.0 -9999.0    21.3 -9999.0 -9999.0 -9999.0 -99.000 -99.000 -99.000 -99.000 -99.000 -9999.0 -9999.0 -9999.0 -9999.0 -9999.0
53877 20030715  1.006  -82.61   35.49    28.3    16.1    22.2    21.1     0.0    22.98 R -9999.0 -9999.0    22.8 -9999.0 -9999.0 -9999.0 -99.000 -99.000 -99.000 -99.000 -99.000 -9999.0 -9999.0 -9999.0 -9999.0 -9999.0
53877 20030716  1.006  -82.61   35.49    29.9    14.9    22.4    21.3     0.0    20.62 R -9999.0 -9999.0    22.9 -9999.0 -9999.0 -9999.0 -99.000 -99.000 -99.000 -99.000 -99.000 -9999.0 -9999.0 -9999.0 -9999.0 -9999.0
53877 20030717  1.006  -82.61   35.49    27.9    17.0    22.5    21.8     0.0    21.64 R -9999.0 -9999.0    23.3 -9999.0 -9999.0 -9999.0 -99.000 -99.000 -99.000 -99.000 -99.000 -9999.0 -9999.0 -9999.0 -9999.0 -9999.0
53877 20030718  1.006  -82.61   35.49    28.9    14.6    21.8    20.3     0.0    22.34 R -9999.0 -9999.0    22.0 -9999.0 -9999.0 -9999.0 -99.000 -99.000 -99.000 -99.000 -99.000 -9999.0 -9999.0 -9999.0 -9999.0 -9999.0
53877 20030719  1.006  -82.61   35.49    27.7    17.2    22.5    21.1     0.0    18.38 R -9999.0 -9999.0    22.3 -9999.0 -9999.0 -9999.0 -99.000 -99.000 -99.000 -99.000 -99.000 -9999.0 -9999.0 -9999.0 -9999.0 -9999.0
53877 20030720  1.006  -82.61   35.49    28.8    15.3    22.1    21.6     0.0    26.51 R -9999.0 -9999.0    22.8 -9999.0 -9999.0 -9999.0 -99.000 -99.000 -99.000 -99.000 -99.000 -9999.0 -9999.0 -9999.0 -9999.0 -9999.0
53877 20030721  1.006  -82.61   35.49    29.3    16.6    23.0    21.0     0.0    20.16 R -9999.0 -9999.0    23.0 -9999.0 -9999.0 -9999.0 -99.000 -99.000 -99.000 -99.000 -99.000 -9999.0 -9999.0 -9999.0 -9999.0 -9999.0
53877 20030722  1.006  -82.61   35.49    27.2    14.7    21.0    18.9     0.0    12.26 R -9999.0 -9999.0    20.5 -9999.0 -9999.0 -9999.0 -99.000 -99.000 -99.000 -99.000 -99.000 -9999.0 -9999.0 -9999.0 -9999.0 -9999.0
53877 20030723  1.006  -82.61   35.49    24.4    13.0    18.7    19.1     0.0    19.45 R -9999.0 -9999.0    21.0 -9999.0 -9999.0 -9999.0 -99.000 -99.000 -99.000 -99.000 -99.000 -9999.0 -9999.0 -9999.0 -9999.0 -9999.0
53877 20030724  1.006  -82.61   35.49    24.4     9.7    17.1    17.1     0.0    27.94 R -9999.0 -9999.0    19.5 -9999.0 -9999.0 -9999.0 -99.000 -99.000 -99.000 -99.000 -99.000 -9999.0 -9999.0 -9999.0 -9999.0 -9999.0
53877 20030725  1.006  -82.61   35.49    26.6    10.7    18.7    18.7     0.0    27.78 R -9999.0 -9999.0    20.6 -9999.0 -9999.0 -9999.0 -99.000 -99.000 -99.000 -99.000 -99.000 -9999.0 -9999.0 -9999.0 -9999.0 -9999.0
53877 20030726  1.006  -82.61   35.49    27.9    12.9    20.4    20.6     0.0    26.00 R -9999.0 -9999.0    22.2 -9999.0 -9999.0 -9999.0 -99.000 -99.000 -99.000 -99.000 -99.000 -9999.0 -9999.0 -9999.0 -9999.0 -9999.0
53877 20030727  1.006  -82.61   35.49    28.5    13.9    21.2    21.2     0.0    22.88 R -9999.0 -9999.0    22.6 -9999.0 -9999.0 -9999.0 -99.000 -99.000 -99.000 -99.000 -99.000 -9999.0 -9999.0 -9999.0 -9999.0 -9999.0
53877 20030728  1.006  -82.61   35.49    29.0    14.2    21.6    21.5     0.0    24.58 R -9999.0 -9999.0    22.4 -9999.0 -9999.0 -9999.0 -99.000 -99.000 -99.000 -99.000 -99.000 -9999.0 -9999.0 -9999.0 -9999.0 -9999.0
53877 20030729  1.006  -82.61   35.49    26.0    15.6    20.8    20.4 -9999.0    15.21 R -9999.0 -9999.0    21.4 -9999.0 -9999.0 -9999.0 -99.000 -99.000 -99.000 -99.000 -99.000 -9999.0 -9999.0 -9999.0 -9999.0 -9999.0
53877 20030730  1.006  -82.61   35.49    25.5    19.2    22.4    21.2 -9999.0    12.12 R -9999.0 -9999.0    22.2 -9999.0 -9999.0 -9999.0 -99.000 -99.000 -99.000 -99.000 -99.000 -9999.0 -9999.0 -9999.0 -9999.0 -9999.0
53877 20030731  1.006  -82.61   35.49    26.9    19.5    23.2    21.4 -9999.0    13.73 R -9999.0 -9999.0    22.6 -9999.0 -9999.0 -9999.0 -99.000 -99.000 -99.000 -99.000 -99.000 -9999.0 -9999.0 -9999.0 -9999.0 -9999.0
53877 20030801  1.006  -82.61   35.49    26.8    17.3    22.1    20.4 -9999.0    13.63 R -9999.0 -9999.0    21.5 -9999.0 -9999.0 -9999.0 -99.000 -99.000 -99.000 -99.000 -99.000 -9999.0 -9999.0 -9999.0 -9999.0 -9999.0
53877 20030802  1.006  -82.61   35.49 -9999.0 -9999.0 -9999.0 -9999.0 -9999.0    26.94 R -9999.0 -9999.0     5.6 -9999.0 -9999.0 -9999.0 -99.000 -99.000 -99.000 -99.000 -99.000 -9999.0 -9999.0 -9999.0 -9999.0 -9999.0
53877 20030803  1.006  -82.61   35.49 -9999.0 -9999.0 -9999.0 -9999.0 -9999.0    18.51 R -9999.0 -9999.0    -8.5 -9999.0 -9999.0 -9999.0 -99.000 -99.000 -99.000 -99.000 -99.000 -9999.0 -9999.0 -9999.0 -9999.0 -9999.0
53877 20030804  1.006  -82.61   35.49 -9999.0 -9999.0 -9999.0 -9999.0 -9999.0    35.27 R -9999.0 -9999.0    -3.5 -9999.0 -9999.0 -9999.0 -99.000 -99.000 -99.000 -99.000 -99.000 -9999.0 -9999.0 -9999.0 -9999.0 -9999.0
53877 20030805  1.006  -82.61   35.49    25.4    15.0    20.2    19.0 -9999.0    23.16 R -9999.0 -9999.0    22.8 -9999.0 -9999.0 -9999.0 -99.000 -99.000 -99.000 -99.000 -99.000 -9999.0 -9999.0 -9999.0 -9999.0 -9999.0
53877 20030806  1.006  -82.61   35.49    22.5    15.2    18.9    18.3 -9999.0    22.14 R -9999.0 -9999.0    23.4 -9999.0 -9999.0 -9999.0 -99.000 -99.000 -99.000 -99.000 -99.000 -9999.0 -9999.0 -9999.0 -9999.0 -9999.0
53877 20030807  1.006  -82.61   35.49    19.1    13.8    16.5    16.0 -9999.0    14.58 R -9999.0 -9999.0    22.0 -9999.0 -9999.0 -9999.0 -99.000 -99.000 -99.000 -99.000 -99.000 -9999.0 -9999.0 -9999.0 -9999.0 -9999.0
53877 20030808  1.006  -82.61   35.49    18.0    12.0    15.0    14.2 -9999.0    15.74 R -9999.0 -9999.0    21.9 -9999.0 -9999.0 -9999.0 -99.000 -99.000 -99.000 -99.000 -99.000 -9999.0 -9999.0 -9999.0 -9999.0 -9999.0
53877 20030809  1.006  -82.61   35.49    16.1    10.8    13.5    12.8 -9999.0    18.53 R -9999.0 -9999.0    23.8 -9999.0 -9999.0 -9999.0 -99.000 -99.000 -99.000 -99.000 -99.000 -9999.0 -9999.0 -9999.0 -9999.0 -9999.0
53877 20030810  1.006  -82.61   35.49    13.3     8.8    11.1    10.7 -9999.0    10.23 R -9999.0 -9999.0    22.4 -9999.0 -9999.0 -9999.0 -99.000 -99.000 -99.000 -99.000 -99.000 -9999.0 -9999.0 -9999.0 -9999.0 -9999.0
53877 20030811  1.006  -82.61   35.49    11.7     8.0     9.9     9.2 -9999.0    14.99 R -9999.0 -9999.0    24.5 -9999.0 -9999.0 -9999.0 -99.000 -99.000 -99.000 -99.000 -99.000 -9999.0 -9999.0 -9999.0 -9999.0 -9999.0
53877 20030812  1.006  -82.61   35.49    24.7     6.9    15.8    15.1 -9999.0    15.35 R -9999.0 -9999.0    23.6 -9999.0 -9999.0 -9999.0 -99.000 -99.000 -99.000 -99.000 -99.000 -9999.0 -9999.0 -9999.0 -9999.0 -9999.0
53877 20030813  1.006  -82.61   35.49    27.4    18.4    22.9    21.7 -9999.0    16.65 R -9999.0 -9999.0    23.3 -9999.0 -9999.0 -9999.0 -99.000 -99.000 -99.000 -99.000 -99.000 -9999.0 -9999.0 -9999.0 -9999.0 -9999.0
53877 20030814  1.006  -82.61   35.49    29.1    16.8    23.0    22.4 -9999.0    20.46 R -9999.0 -9999.0    24.1 -9999.0 -9999.0 -9999.0 -99.000 -99.000 -99.000 -99.000 -99.000 -9999.0 -9999.0 -9999.0 -9999.0 -9999.0
53877 20030815  1.006  -82.61   35.49    29.3    19.3    24.3    22.9 -9999.0    20.54 R -9999.0 -9999.0    24.8 -9999.0 -9999.0 -9999.0 -99.000 -99.000 -99.000 -99.000 -99.000 -9999.0 -9999.0 -9999.0 -9999.0 -9999.0
53877 20030816  1.006  -82.61   35.49    26.8    18.9    22.9    22.3 -9999.0    16.92 R -9999.0 -9999.0    24.0 -9999.0 -9999.0 -9999.0 -99.000 -99.000 -99.000 -99.000 -99.000 -9999.0 -9999.0 -9999.0 -9999.0 -9999.0
53877 20030817  1.006  -82.61   35.49    28.8    16.9    22.9    22.0 -9999.0    20.05 R -9999.0 -9999.0    23.1 -9999.0 -9999.0 -9999.0 -99.000 -99.000 -99.000 -99.000 -99.000 -9999.0 -9999.0 -9999.0 -9999.0 -9999.0
53877 20030818  1.006  -82.61   35.49    28.3    15.5    21.9    20.8 -9999.0    21.93 R -9999.0 -9999.0    22.2 -9999.0 -9999.0 -9999.0 -99.000 -99.000 -99.000 -99.000 -99.000 -9999.0 -9999.0 -9999.0 -9999.0 -9999.0
53877 20030819  1.006  -82.61   35.49    27.4    14.2    20.8    20.6 -9999.0    22.16 R -9999.0 -9999.0    22.1 -9999.0 -9999.0 -9999.0 -99.000 -99.000 -99.000 -99.000 -99.000 -9999.0 -9999.0 -9999.0 -9999.0 -9999.0
53877 20030820  1.006  -82.61   35.49    28.4    19.8    24.1    23.0 -9999.0    19.57 R -9999.0 -9999.0    24.2 -9999.0 -9999.0 -9999.0 -99.000 -99.000 -99.000 -99.000 -99.000 -9999.0 -9999.0 -9999.0 -9999.0 -9999.0
53877 20030821  1.006  -82.61   35.49    28.5    18.1    23.3    21.9 -9999.0    16.24 R -9999.0 -9999.0    23.0 -9999.0 -9999.0 -9999.0 -99.000 -99.000 -99.000 -99.000 -99.000 -9999.0 -9999.0 -9999.0 -9999.0 -9999.0
53877 20030822  1.006  -82.61   35.49    28.0    16.1    22.1    21.4 -9999.0    17.21 R -9999.0 -9999.0    22.5 -9999.0 -9999.0 -9999.0 -99.000 -99.000 -99.000 -99.000 -99.000 -9999.0 -9999.0 -9999.0 -9999.0 -9999.0
53877 20030823  1.006  -82.61   35.49    29.4    16.6    23.0    21.9 -9999.0    23.02 R -9999.0 -9999.0    22.8 -9999.0 -9999.0 -9999.0 -99.000 -99.000 -99.000 -99.000 -99.000 -9999.0 -9999.0 -9999.0 -9999.0 -9999.0
53877 20030824  1.006  -82.61   35.49    25.8    15.3    20.6    20.5 -9999.0    16.75 R -9999.0 -9999.0    21.5 -9999.0 -9999.0 -9999.0 -99.000 -99.000 -99.000 -99.000 -99.000 -9999.0 -9999.0 -9999.0 -9999.0 -9999.0
53877 20030825  1.006  -82.61   35.49    28.9    17.6    23.3    22.1 -9999.0    22.33 R -9999.0 -9999.0    23.1 -9999.0 -9999.0 -9999.0 -99.000 -99.000 -99.000 -99.000 -99.000 -9999.0 -9999.0 -9999.0 -9999.0 -9999.0
53877 20030826  1.006  -82.61   35.49    31.1    16.1    23.6    22.6 -9999.0    21.64 R -9999.0 -9999.0    23.2 -9999.0 -9999.0 -9999.0 -99.000 -99.000 -99.000 -99.000 -99.000 -9999.0 -9999.0 -9999.0 -9999.0 -9999.0
53877 20030827  1.006  -82.61   35.49    30.6    16.0    23.3    22.4 -9999.0    18.95 R -9999.0 -9999.0    22.9 -9999.0 -9999.0 -9999.0 -99.000 -99.000 -99.000 -99.000 -99.000 -9999.0 -9999.0 -9999.0 -9999.0 -9999.0
53877 20030828  1.006  -82.61   35.49    27.6    17.7    22.7    20.6 -9999.0    11.55 R -9999.0 -9999.0    21.8 -9999.0 -9999.0 -9999.0 -99.000 -99.000 -99.000 -99.000 -99.000 -9999.0 -9999.0 -9999.0 -9999.0 -9999.0
53877 20030829  1.006  -82.61   35.49    28.0    16.5    22.3    20.7 -9999.0    13.32 R -9999.0 -9999.0    22.3 -9999.0 -9999.0 -9999.0 -99.000 -99.000 -99.000 -99.000 -99.000 -9999.0 -9999.0 -9999.0 -9999.0 -9999.0
53877 20030830  1.006  -82.61   35.49    26.6    18.4    22.5    21.3 -9999.0    10.93 R -9999.0 -9999.0    22.7 -9999.0 -9999.0 -9999.0 -99.000 -99.000 -99.000 -99.000 -99.000 -9999.0 -9999.0 -9999.0 -9999.0 -9999.0
53877 20030831  1.006  -82.61   35.49    26.8    18.5    22.7    20.9 -9999.0    10.13 R -9999.0 -9999.0    22.6 -9999.0 -9999.0 -9999.0 -99.000 -99.000 -99.000 -99.000 -99.000 -9999.0 -9999.0 -9999.0 -9999.0 -9999.0
53877 20030901  1.006  -82.61   35.49    27.8    16.2    22.0    21.6 -9999.0    21.99 R -9999.0 -9999.0    23.4 -9999.0 -9999.0 -9999.0 -99.000 -99.000 -99.000 -99.000 -99.000 -9999.0 -9999.0 -9999.0 -9999.0 -9999.0
53877 20030902  1.006  -82.61   35.49    27.7    15.3    21.5    20.8 -9999.0    18.08 R -9999.0 -9999.0    23.0 -9999.0 -9999.0 -9999.0 -99.000 -99.000 -99.000 -99.000 -99.000 -9999.0 -9999.0 -9999.0 -9999.0 -9999.0
53877 20030903  1.006  -82.61   35.49    26.0    18.0    22.0    21.0 -9999.0    12.40 R -9999.0 -9999.0    22.7 -9999.0 -9999.0 -9999.0 -99.000 -99.000 -99.000 -99.000 -99.000 -9999.0 -9999.0 -9999.0 -9999.0 -9999.0
53877 20030904  1.006  -82.61   35.49    24.6    15.2    19.9    20.2 -9999.0     8.62 R -9999.0 -9999.0    21.0 -9999.0 -9999.0 -9999.0 -99.000 -99.000 -99.000 -99.000 -99.000 -9999.0 -9999.0 -9999.0 -9999.0 -9999.0
53877 20030905  1.006  -82.61   35.49    25.2    12.8    19.0    18.5 -9999.0    19.68 R -9999.0 -9999.0    20.6 -9999.0 -9999.0 -9999.0 -99.000 -99.000 -99.000 -99.000 -99.000 -9999.0 -9999.0 -9999.0 -9999.0 -9999.0
53877 20030906  1.006  -82.61   35.49    22.8    16.0    19.4    18.3 -9999.0    13.34 R -9999.0 -9999.0    19.8 -9999.0 -9999.0 -9999.0 -99.000 -99.000 -99.000 -99.000 -99.000 -9999.0 -9999.0 -9999.0 -9999.0 -9999.0
53877 20030907  1.006  -82.61   35.49    22.0    14.0    18.0    17.4 -9999.0    10.00 R -9999.0 -9999.0    19.0 -9999.0 -9999.0 -9999.0 -99.000 -99.000 -99.000 -99.000 -99.000 -9999.0 -9999.0 -9999.0 -9999.0 -9999.0
53877 20030908  1.006  -82.61   35.49    24.0    13.5    18.8    17.9 -9999.0    20.64 R -9999.0 -9999.0    20.5 -9999.0 -9999.0 -9999.0 -99.000 -99.000 -99.000 -99.000 -99.000 -9999.0 -9999.0 -9999.0 -9999.0 -9999.0
53877 20030909  1.006  -82.61   35.49    23.9    12.9    18.4    17.4 -9999.0    14.73 R -9999.0 -9999.0    18.9 -9999.0 -9999.0 -9999.0 -99.000 -99.000 -99.000 -99.000 -99.000 -9999.0 -9999.0 -9999.0 -9999.0 -9999.0
53877 20030910  1.006  -82.61   35.49    23.6    12.6    18.1    17.1 -9999.0    19.61 R -9999.0 -9999.0    19.0 -9999.0 -9999.0 -9999.0 -99.000 -99.000 -99.000 -99.000 -99.000 -9999.0 -9999.0 -9999.0 -9999.0 -9999.0
53877 20030911  1.006  -82.61   35.49    23.5     9.5    16.5    16.0 -9999.0    17.85 R -9999.0 -9999.0    17.7 -9999.0 -9999.0 -9999.0 -99.000 -99.000 -99.000 -99.000 -99.000 -9999.0 -9999.0 -9999.0 -9999.0 -9999.0
53877 20030912  1.006  -82.61   35.49    24.3     9.4    16.9    15.9 -9999.0    21.29 R -9999.0 -9999.0    17.5 -9999.0 -9999.0 -9999.0 -99.000 -99.000 -99.000 -99.000 -99.000 -9999.0 -9999.0 -9999.0 -9999.0 -9999.0
53877 20030913  1.006  -82.61   35.49    26.3     9.0    17.7    17.4 -9999.0    20.19 R -9999.0 -9999.0    19.0 -9999.0 -9999.0 -9999.0 -99.000 -99.000 -99.000 -99.000 -99.000 -9999.0 -9999.0 -9999.0 -9999.0 -9999.0
53877 20030914  1.006  -82.61   35.49    26.0    11.5    18.8    18.5 -9999.0    17.62 R -9999.0 -9999.0    19.9 -9999.0 -9999.0 -9999.0 -99.000 -99.000 -99.000 -99.000 -99.000 -9999.0 -9999.0 -9999.0 -9999.0 -9999.0
53877 20030915  1.006  -82.61   35.49    22.8    14.0    18.4    18.3 -9999.0    13.62 R -9999.0 -9999.0    19.5 -9999.0 -9999.0 -9999.0 -99.000 -99.000 -99.000 -99.000 -99.000 -9999.0 -9999.0 -9999.0 -9999.0 -9999.0
53877 20030916  1.006  -82.61   35.49    23.7    11.1    17.4    16.6 -9999.0    20.15 R -9999.0 -9999.0    17.9 -9999.0 -9999.0 -9999.0 -99.000 -99.000 -99.000 -99.000 -99.000 -9999.0 -9999.0 -9999.0 -9999.0 -9999.0
53877 20030917  1.006  -82.61   35.49    23.5     7.4    15.5    14.5 -9999.0    21.78 R -9999.0 -9999.0    15.9 -9999.0 -9999.0 -9999.0 -99.000 -99.000 -99.000 -99.000 -99.000 -9999.0 -9999.0 -9999.0 -9999.0 -9999.0
53877 20030918  1.006  -82.61   35.49    24.2     6.4    15.3    15.8 -9999.0    18.33 R -9999.0 -9999.0    16.2 -9999.0 -9999.0 -9999.0 -99.000 -99.000 -99.000 -99.000 -99.000 -9999.0 -9999.0 -9999.0 -9999.0 -9999.0
53877 20030919  1.006  -82.61   35.49    25.6    11.1    18.4    18.3 -9999.0    21.14 R -9999.0 -9999.0    18.2 -9999.0 -9999.0 -9999.0 -99.000 -99.000 -99.000 -99.000 -99.000 -9999.0 -9999.0 -9999.0 -9999.0 -9999.0
53877 20030920  1.006  -82.61   35.49    27.0     9.6    18.3    16.7 -9999.0    20.32 R -9999.0 -9999.0    17.6 -9999.0 -9999.0 -9999.0 -99.000 -99.000 -99.000 -99.000 -99.000 -9999.0 -9999.0 -9999.0 -9999.0 -9999.0
53877 20030921  1.006  -82.61   35.49    25.0     8.6    16.8    16.9 -9999.0    14.90 R -9999.0 -9999.0    17.3 -9999.0 -9999.0 -9999.0 -99.000 -99.000 -99.000 -99.000 -99.000 -9999.0 -9999.0 -9999.0 -9999.0 -9999.0
53877 20030922  1.006  -82.61   35.49    19.6    16.3    18.0    18.2 -9999.0     1.73 R -9999.0 -9999.0    18.1 -9999.0 -9999.0 -9999.0 -99.000 -99.000 -99.000 -99.000 -99.000 -9999.0 -9999.0 -9999.0 -9999.0 -9999.0
53877 20030923  1.006  -82.61   35.49    22.5     8.6    15.6    15.6 -9999.0    19.47 R -9999.0 -9999.0    16.0 -9999.0 -9999.0 -9999.0 -99.000 -99.000 -99.000 -99.000 -99.000 -9999.0 -9999.0 -9999.0 -9999.0 -9999.0
53877 20030924  1.006  -82.61   35.49    22.6     6.6    14.6    13.9 -9999.0    18.65 R -9999.0 -9999.0    15.4 -9999.0 -9999.0 -9999.0 -99.000 -99.000 -99.000 -99.000 -99.000 -9999.0 -9999.0 -9999.0 -9999.0 -9999.0
53877 20030925  1.006  -82.61   35.49    24.8     7.8    16.3    15.5 -9999.0    19.11 R -9999.0 -9999.0    17.0 -9999.0 -9999.0 -9999.0 -99.000 -99.000 -99.000 -99.000 -99.000 -9999.0 -9999.0 -9999.0 -9999.0 -9999.0
53877 20030926  1.006  -82.61   35.49    24.8    11.7    18.3    16.8 -9999.0    14.97 R -9999.0 -9999.0    17.6 -9999.0 -9999.0 -9999.0 -99.000 -99.000 -99.000 -99.000 -99.000 -9999.0 -9999.0 -9999.0 -9999.0 -9999.0
53877 20030927  1.006  -82.61   35.49    25.1    10.4    17.8    16.5 -9999.0    13.83 R -9999.0 -9999.0    17.4 -9999.0 -9999.0 -9999.0 -99.000 -99.000 -99.000 -99.000 -99.000 -9999.0 -9999.0 -9999.0 -9999.0 -9999.0
53877 20030928  1.006  -82.61   35.49    19.5     6.2    12.9    13.0 -9999.0    14.99 R -9999.0 -9999.0    13.8 -9999.0 -9999.0 -9999.0 -99.000 -99.000 -99.000 -99.000 -99.000 -9999.0 -9999.0 -9999.0 -9999.0 -9999.0
53877 20030929  1.006  -82.61   35.49    15.0     1.8     8.4     7.9 -9999.0    19.25 R -9999.0 -9999.0     9.7 -9999.0 -9999.0 -9999.0 -99.000 -99.000 -99.000 -99.000 -99.000 -9999.0 -9999.0 -9999.0 -9999.0 -9999.0
53877 20030930  1.006  -82.61   35.49    18.1    -0.6     8.8     8.1 -9999.0    19.27 R -9999.0 -9999.0    11.2 -9999.0 -9999.0 -9999.0 -99.000 -99.000 -99.000 -99.000 -99.000 -9999.0 -9999.0 -9999.0 -9999.0 -9999.0
53877 20031001  1.006  -82.61   35.49    16.1     5.5    10.8    10.4 -9999.0    12.21 R -9999.0 -9999.0    12.3 -9999.0 -9999.0 -9999.0 -99.000 -99.000 -99.000 -99.000 -99.000 -9999.0 -9999.0 -9999.0 -9999.0 -9999.0
53877 20031002  1.006  -82.61   35.49    14.4     0.6     7.5     8.6 -9999.0    19.41 R -9999.0 -9999.0    10.6 -9999.0 -9999.0 -9999.0 -99.000 -99.000 -99.000 -99.000 -99.000 -9999.0 -9999.0 -9999.0 -9999.0 -9999.0
53877 20031003  1.006  -82.61   35.49    12.9    -1.9     5.5     5.5 -9999.0    14.13 R -9999.0 -9999.0     7.5 -9999.0 -9999.0 -9999.0 -99.000 -99.000 -99.000 -99.000 -99.000 -9999.0 -9999.0 -9999.0 -9999.0 -9999.0
53877 20031004  1.006  -82.61   35.49    20.0     0.1    10.1     8.9 -9999.0    15.85 R -9999.0 -9999.0    10.4 -9999.0 -9999.0 -9999.0 -99.000 -99.000 -99.000 -99.000 -99.000 -9999.0 -9999.0 -9999.0 -9999.0 -9999.0
53877 20031005  1.006  -82.61   35.49    20.3     4.1    12.2    11.6 -9999.0    12.34 R -9999.0 -9999.0    12.9 -9999.0 -9999.0 -9999.0 -99.000 -99.000 -99.000 -99.000 -99.000 -9999.0 -9999.0 -9999.0 -9999.0 -9999.0
53877 20031006  1.006  -82.61   35.49    18.6     9.4    14.0    13.2 -9999.0     6.13 R -9999.0 -9999.0    14.2 -9999.0 -9999.0 -9999.0 -99.000 -99.000 -99.000 -99.000 -99.000 -9999.0 -9999.0 -9999.0 -9999.0 -9999.0
53877 20031007  1.006  -82.61   35.49    21.7     6.4    14.1    13.1 -9999.0    16.92 R -9999.0 -9999.0    15.3 -9999.0 -9999.0 -9999.0 -99.000 -99.000 -99.000 -99.000 -99.000 -9999.0 -9999.0 -9999.0 -9999.0 -9999.0
53877 20031008  1.006  -82.61   35.49    17.6    10.2    13.9    14.0 -9999.0     3.04 R -9999.0 -9999.0    14.8 -9999.0 -9999.0 -9999.0 -99.000 -99.000 -99.000 -99.000 -99.000 -9999.0 -9999.0 -9999.0 -9999.0 -9999.0
53877 20031009  1.006  -82.61   35.49    18.0    14.5    16.3    15.6 -9999.0     4.73 R -9999.0 -9999.0    16.8 -9999.0 -9999.0 -9999.0 -99.000 -99.000 -99.000 -99.000 -99.000 -9999.0 -9999.0 -9999.0 -9999.0 -9999.0
53877 20031010  1.006  -82.61   35.49    18.8    13.2    16.0    15.7 -9999.0     7.30 R -9999.0 -9999.0    17.0 -9999.0 -9999.0 -9999.0 -99.000 -99.000 -99.000 -99.000 -99.000 -9999.0 -9999.0 -9999.0 -9999.0 -9999.0
53877 20031011  1.006  -82.61   35.49    20.8     8.8    14.8    14.6 -9999.0    11.44 R -9999.0 -9999.0    16.0 -9999.0 -9999.0 -9999.0 -99.000 -99.000 -99.000 -99.000 -99.000 -9999.0 -9999.0 -9999.0 -9999.0 -9999.0
53877 20031012  1.006  -82.61   35.49    22.2     7.1    14.7    13.7 -9999.0    12.22 R -9999.0 -9999.0    14.7 -9999.0 -9999.0 -9999.0 -99.000 -99.000 -99.000 -99.000 -99.000 -9999.0 -9999.0 -9999.0 -9999.0 -9999.0
53877 20031013  1.006  -82.61   35.49    22.5     8.1    15.3    14.9 -9999.0    10.11 R -9999.0 -9999.0    16.2 -9999.0 -9999.0 -9999.0 -99.000 -99.000 -99.000 -99.000 -99.000 -9999.0 -9999.0 -9999.0 -9999.0 -9999.0
53877 20031014  1.006  -82.61   35.49    23.2    10.8    17.0    16.1 -9999.0     7.04 R -9999.0 -9999.0    16.5 -9999.0 -9999.0 -9999.0 -99.000 -99.000 -99.000 -99.000 -99.000 -9999.0 -9999.0 -9999.0 -9999.0 -9999.0
53877 20031015  1.006  -82.61   35.49    16.6     1.9     9.3    10.6 -9999.0    16.65 R -9999.0 -9999.0    11.5 -9999.0 -9999.0 -9999.0 -99.000 -99.000 -99.000 -99.000 -99.000 -9999.0 -9999.0 -9999.0 -9999.0 -9999.0
53877 20031016  1.006  -82.61   35.49    19.5    -1.2     9.2     8.1 -9999.0    16.16 R -9999.0 -9999.0     9.7 -9999.0 -9999.0 -9999.0 -99.000 -99.000 -99.000 -99.000 -99.000 -9999.0 -9999.0 -9999.0 -9999.0 -9999.0
53877 20031017  1.006  -82.61   35.49    18.1    -0.5     8.8     8.1 -9999.0     8.43 R -9999.0 -9999.0     8.7 -9999.0 -9999.0 -9999.0 -99.000 -99.000 -99.000 -99.000 -99.000 -9999.0 -9999.0 -9999.0 -9999.0 -9999.0
53877 20031018  1.006  -82.61   35.49    18.8     3.7    11.3    10.3 -9999.0    15.44 R -9999.0 -9999.0    11.4 -9999.0 -9999.0 -9999.0 -99.000 -99.000 -99.000 -99.000 -99.000 -9999.0 -9999.0 -9999.0 -9999.0 -9999.0
53877 20031019  1.006  -82.61   35.49    22.0     0.7    11.4    10.1 -9999.0    15.01 R -9999.0 -9999.0    11.1 -9999.0 -9999.0 -9999.0 -99.000 -99.000 -99.000 -99.000 -99.000 -9999.0 -9999.0 -9999.0 -9999.0 -9999.0
53877 20031020  1.006  -82.61   35.49    22.7     1.4    12.1    11.5 -9999.0    15.03 R -9999.0 -9999.0    12.1 -9999.0 -9999.0 -9999.0 -99.000 -99.000 -99.000 -99.000 -99.000 -9999.0 -9999.0 -9999.0 -9999.0 -9999.0
53877 20031021  1.006  -82.61   35.49 -9999.0 -9999.0 -9999.0 -9999.0 -9999.0 -9999.00 U -9999.0 -9999.0 -9999.0 -9999.0 -9999.0 -9999.0 -99.000 -99.000 -99.000 -99.000 -99.000 -9999.0 -9999.0 -9999.0 -9999.0 -9999.0
53877 20031022  1.201  -82.61   35.49 -9999.0 -9999.0 -9999.0 -9999.0 -9999.0 -9999.00 U -9999.0 -9999.0 -9999.0 -9999.0 -9999.0 -9999.0 -99.000 -99.000 -99.000 -99.000 -99.000 -9999.0 -9999.0 -9999.0 -9999.0 -9999.0
53877 20031023  1.201  -82.61   35.49    14.3     0.9     7.6     7.3 -9999.0     6.45 R -9999.0 -9999.0     8.8 -9999.0 -9999.0 -9999.0 -99.000 -99.000 -99.000 -99.000 -99.000 -9999.0 -9999.0 -9999.0 -9999.0 -9999.0
53877 20031024  1.201  -82.61   35.49 -9999.0 -9999.0 -9999.0 -9999.0 -9999.0 -9999.00 U -9999.0 -9999.0 -9999.0 -9999.0 -9999.0 -9999.0 -99.000 -99.000 -99.000 -99.000 -99.000 -9999.0 -9999.0 -9999.0 -9999.0 -9999.0
53877 20031025  1.201  -82.61   35.49    20.0     2.0    11.0    11.7     0.0    12.78 R -9999.0 -9999.0    14.0 -9999.0 -9999.0 -9999.0 -99.000 -99.000 -99.000 -99.000 -99.000 -9999.0 -9999.0 -9999.0 -9999.0 -9999.0
53877 20031026  1.201  -82.61   35.49    15.1     9.4    12.3    13.2    28.9     1.32 R -9999.0 -9999.0    13.8 -9999.0 -9999.0 -9999.0 -99.000 -99.000 -99.000 -99.000 -99.000 -9999.0 -9999.0 -9999.0 -9999.0 -9999.0
53877 20031027  1.201  -82.61   35.49    14.7     3.1     8.9    10.2     7.0     1.84 R -9999.0 -9999.0    11.7 -9999.0 -9999.0 -9999.0 -99.000 -99.000 -99.000 -99.000 -99.000 -9999.0 -9999.0 -9999.0 -9999.0 -9999.0
53877 20031028  1.201  -82.61   35.49    11.1     3.1     7.1     6.9     0.3     5.24 R -9999.0 -9999.0     9.6 -9999.0 -9999.0 -9999.0 -99.000 -99.000 -99.000 -99.000 -99.000 -9999.0 -9999.0 -9999.0 -9999.0 -9999.0
53877 20031029  1.201  -82.61   35.49    17.1     1.6     9.4     8.5     0.2    14.47 R -9999.0 -9999.0    10.7 -9999.0 -9999.0 -9999.0 -99.000 -99.000 -99.000 -99.000 -99.000 -9999.0 -9999.0 -9999.0 -9999.0 -9999.0
53877 20031030  1.201  -82.61   35.49    23.8    -1.2    11.3    10.3     0.0    14.11 R -9999.0 -9999.0    11.3 -9999.0 -9999.0 -9999.0 -99.000 -99.000 -99.000 -99.000 -99.000 -9999.0 -9999.0 -9999.0 -9999.0 -9999.0
53877 20031031  1.201  -82.61   35.49    24.7     2.3    13.5    12.1     0.0    13.04 R -9999.0 -9999.0    12.8 -9999.0 -9999.0 -9999.0 -99.000 -99.000 -99.000 -99.000 -99.000 -9999.0 -9999.0 -9999.0 -9999.0 -9999.0
53877 20031101  1.201  -82.61   35.49    25.3     2.4    13.9    12.0     0.0    13.78 R -9999.0 -9999.0    12.7 -9999.0 -9999.0 -9999.0 -99.000 -99.000 -99.000 -99.000 -99.000 -9999.0 -9999.0 -9999.0 -9999.0 -9999.0
53877 20031102  1.201  -82.61   35.49    26.3     2.8    14.6    12.3     0.0    13.66 R -9999.0 -9999.0    13.3 -9999.0 -9999.0 -9999.0 -99.000 -99.000 -99.000 -99.000 -99.000 -9999.0 -9999.0 -9999.0 -9999.0 -9999.0
53877 20031103  1.201  -82.61   35.49    25.4     3.3    14.4    12.6     0.0    13.51 R -9999.0 -9999.0    13.4 -9999.0 -9999.0 -9999.0 -99.000 -99.000 -99.000 -99.000 -99.000 -9999.0 -9999.0 -9999.0 -9999.0 -9999.0
53877 20031104  1.201  -82.61   35.49    23.4     5.5    14.5    15.3     0.0     9.19 R -9999.0 -9999.0    16.2 -9999.0 -9999.0 -9999.0 -99.000 -99.000 -99.000 -99.000 -99.000 -9999.0 -9999.0 -9999.0 -9999.0 -9999.0
53877 20031105  1.201  -82.61   35.49    22.8    17.5    20.2    19.4    23.9     7.09 R -9999.0 -9999.0    19.5 -9999.0 -9999.0 -9999.0 -99.000 -99.000 -99.000 -99.000 -99.000 -9999.0 -9999.0 -9999.0 -9999.0 -9999.0
53877 20031106  1.201  -82.61   35.49    24.5    16.4    20.5    19.0    11.2     7.21 R -9999.0 -9999.0    19.8 -9999.0 -9999.0 -9999.0 -99.000 -99.000 -99.000 -99.000 -99.000 -9999.0 -9999.0 -9999.0 -9999.0 -9999.0
53877 20031107  1.201  -82.61   35.49    20.6    11.6    16.1    15.9     0.0    11.54 R -9999.0 -9999.0    17.0 -9999.0 -9999.0 -9999.0 -99.000 -99.000 -99.000 -99.000 -99.000 -9999.0 -9999.0 -9999.0 -9999.0 -9999.0
53877 20031108  1.201  -82.61   35.49    16.3     4.0    10.2    11.3     0.0     6.26 R -9999.0 -9999.0    13.0 -9999.0 -9999.0 -9999.0 -99.000 -99.000 -99.000 -99.000 -99.000 -9999.0 -9999.0 -9999.0 -9999.0 -9999.0
53877 20031109  1.201  -82.61   35.49    11.4     2.3     6.9     6.6     0.0    10.75 R -9999.0 -9999.0     8.3 -9999.0 -9999.0 -9999.0 -99.000 -99.000 -99.000 -99.000 -99.000 -9999.0 -9999.0 -9999.0 -9999.0 -9999.0
53877 20031110  1.201  -82.61   35.49    15.6    -2.4     6.6     5.5     0.0    12.26 R -9999.0 -9999.0     7.2 -9999.0 -9999.0 -9999.0 -99.000 -99.000 -99.000 -99.000 -99.000 -9999.0 -9999.0 -9999.0 -9999.0 -9999.0
53877 20031111  1.201  -82.61   35.49    22.4     0.8    11.6    10.0     0.0     9.76 R -9999.0 -9999.0    10.7 -9999.0 -9999.0 -9999.0 -99.000 -99.000 -99.000 -99.000 -99.000 -9999.0 -9999.0 -9999.0 -9999.0 -9999.0
53877 20031112  1.201  -82.61   35.49    24.1     4.5    14.3    15.1     2.0    11.32 R -9999.0 -9999.0    15.0 -9999.0 -9999.0 -9999.0 -99.000 -99.000 -99.000 -99.000 -99.000 -9999.0 -9999.0 -9999.0 -9999.0 -9999.0
53877 20031113  1.201  -82.61   35.49    13.6     1.2     7.4     6.7     0.0    12.63 R -9999.0 -9999.0     6.4 -9999.0 -9999.0 -9999.0 -99.000 -99.000 -99.000 -99.000 -99.000 -9999.0 -9999.0 -9999.0 -9999.0 -9999.0
53877 20031114  1.201  -82.61   35.49     9.8    -0.6     4.6     3.4     0.0    10.98 R -9999.0 -9999.0     3.9 -9999.0 -9999.0 -9999.0 -99.000 -99.000 -99.000 -99.000 -99.000 -9999.0 -9999.0 -9999.0 -9999.0 -9999.0
53877 20031115  1.201  -82.61   35.49    10.7     3.4     7.1     6.1     0.0     2.83 R -9999.0 -9999.0     7.3 -9999.0 -9999.0 -9999.0 -99.000 -99.000 -99.000 -99.000 -99.000 -9999.0 -9999.0 -9999.0 -9999.0 -9999.0
53877 20031116  1.201  -82.61   35.49    16.7     5.1    10.9    10.3     0.5     3.15 R -9999.0 -9999.0    10.8 -9999.0 -9999.0 -9999.0 -99.000 -99.000 -99.000 -99.000 -99.000 -9999.0 -9999.0 -9999.0 -9999.0 -9999.0
53877 20031117  1.201  -82.61   35.49    20.9     8.4    14.7    14.5     0.0     8.48 R -9999.0 -9999.0    14.3 -9999.0 -9999.0 -9999.0 -99.000 -99.000 -99.000 -99.000 -99.000 -9999.0 -9999.0 -9999.0 -9999.0 -9999.0
53877 20031118  1.201  -82.61   35.49    18.5    14.4    16.5    16.6    38.1     1.98 R -9999.0 -9999.0    15.5 -9999.0 -9999.0 -9999.0 -99.000 -99.000 -99.000 -99.000 -99.000 -9999.0 -9999.0 -9999.0 -9999.0 -9999.0
53877 20031119  1.201  -82.61   35.49    19.3     9.4    14.4    14.0    72.7     8.58 R -9999.0 -9999.0    13.9 -9999.0 -9999.0 -9999.0 -99.000 -99.000 -99.000 -99.000 -99.000 -9999.0 -9999.0 -9999.0 -9999.0 -9999.0
53877 20031120  1.201  -82.61   35.49    16.7     0.6     8.7     9.7     0.0    11.14 R -9999.0 -9999.0     8.5 -9999.0 -9999.0 -9999.0 -99.000 -99.000 -99.000 -99.000 -99.000 -9999.0 -9999.0 -9999.0 -9999.0 -9999.0
53877 20031121  1.201  -82.61   35.49    19.9    -2.3     8.8     6.0     0.0    10.91 R -9999.0 -9999.0     6.8 -9999.0 -9999.0 -9999.0 -99.000 -99.000 -99.000 -99.000 -99.000 -9999.0 -9999.0 -9999.0 -9999.0 -9999.0
53877 20031122  1.201  -82.61   35.49    21.4    -2.3     9.6     6.9     0.0    10.75 R -9999.0 -9999.0     6.9 -9999.0 -9999.0 -9999.0 -99.000 -99.000 -99.000 -99.000 -99.000 -9999.0 -9999.0 -9999.0 -9999.0 -9999.0
53877 20031123  1.201  -82.61   35.49    20.7    -2.2     9.3     9.2     0.2    10.77 R -9999.0 -9999.0     8.5 -9999.0 -9999.0 -9999.0 -99.000 -99.000 -99.000 -99.000 -99.000 -9999.0 -9999.0 -9999.0 -9999.0 -9999.0
53877 20031124  1.201  -82.61   35.49    15.6    -1.9     6.9     8.8     2.9     2.86 R -9999.0 -9999.0     8.5 -9999.0 -9999.0 -9999.0 -99.000 -99.000 -99.000 -99.000 -99.000 -9999.0 -9999.0 -9999.0 -9999.0 -9999.0
53877 20031125  1.201  -82.61   35.49     9.9    -5.8     2.1     2.2     0.0    10.60 R -9999.0 -9999.0     2.3 -9999.0 -9999.0 -9999.0 -99.000 -99.000 -99.000 -99.000 -99.000 -9999.0 -9999.0 -9999.0 -9999.0 -9999.0
53877 20031126  1.201  -82.61   35.49    12.8    -2.5     5.2     4.9     0.0     8.48 R -9999.0 -9999.0     5.6 -9999.0 -9999.0 -9999.0 -99.000 -99.000 -99.000 -99.000 -99.000 -9999.0 -9999.0 -9999.0 -9999.0 -9999.0
53877 20031127  1.201  -82.61   35.49    15.0     3.6     9.3    10.4     1.0     3.37 R -9999.0 -9999.0     9.4 -9999.0 -9999.0 -9999.0 -99.000 -99.000 -99.000 -99.000 -99.000 -9999.0 -9999.0 -9999.0 -9999.0 -9999.0
53877 20031128  1.201  -82.61   35.49    17.3    -2.6     7.4     7.9     6.2     3.10 R -9999.0 -9999.0     7.5 -9999.0 -9999.0 -9999.0 -99.000 -99.000 -99.000 -99.000 -99.000 -9999.0 -9999.0 -9999.0 -9999.0 -9999.0
53877 20031129  1.201  -82.61   35.49     2.4    -5.6    -1.6    -2.1     0.0    10.73 R -9999.0 -9999.0    -0.6 -9999.0 -9999.0 -9999.0 -99.000 -99.000 -99.000 -99.000 -99.000 -9999.0 -9999.0 -9999.0 -9999.0 -9999.0
53877 20031130  1.201  -82.61   35.49    14.2    -7.7     3.3     0.4     0.0    10.34 R -9999.0 -9999.0     0.9 -9999.0 -9999.0 -9999.0 -99.000 -99.000 -99.000 -99.000 -99.000 -9999.0 -9999.0 -9999.0 -9999.0 -9999.0
53877 20031201  1.201  -82.61   35.49    14.4    -4.3     5.1     4.2     0.0     8.71 R -9999.0 -9999.0     2.6 -9999.0 -9999.0 -9999.0 -99.000 -99.000 -99.000 -99.000 -99.000 -9999.0 -9999.0 -9999.0 -9999.0 -9999.0
53877 20031202  1.201  -82.61   35.49     8.9    -3.8     2.6     1.7     0.0     9.82 R -9999.0 -9999.0     0.8 -9999.0 -9999.0 -9999.0 -99.000 -99.000 -99.000 -99.000 -99.000 -9999.0 -9999.0 -9999.0 -9999.0 -9999.0
53877 20031203  1.201  -82.61   35.49     3.9    -3.7     0.1     1.4     0.0     5.00 R -9999.0 -9999.0     2.1 -9999.0 -9999.0 -9999.0 -99.000 -99.000 -99.000 -99.000 -99.000 -9999.0 -9999.0 -9999.0 -9999.0 -9999.0
53877 20031204  1.201  -82.61   35.49     1.6    -2.5    -0.4    -0.1    11.3     1.60 R -9999.0 -9999.0    -0.3 -9999.0 -9999.0 -9999.0 -99.000 -99.000 -99.000 -99.000 -99.000 -9999.0 -9999.0 -9999.0 -9999.0 -9999.0
53877 20031205  1.201  -82.61   35.49     3.5     0.1     1.8     1.5     3.6     1.97 R -9999.0 -9999.0     2.5 -9999.0 -9999.0 -9999.0 -99.000 -99.000 -99.000 -99.000 -99.000 -9999.0 -9999.0 -9999.0 -9999.0 -9999.0
53877 20031206  1.201  -82.61   35.49     2.3    -0.5     0.9     0.7     0.0     2.72 R -9999.0 -9999.0     1.1 -9999.0 -9999.0 -9999.0 -99.000 -99.000 -99.000 -99.000 -99.000 -9999.0 -9999.0 -9999.0 -9999.0 -9999.0
53877 20031207  1.201  -82.61   35.49     6.4    -4.4     1.0     0.4     0.0     9.97 R -9999.0 -9999.0     0.2 -9999.0 -9999.0 -9999.0 -99.000 -99.000 -99.000 -99.000 -99.000 -9999.0 -9999.0 -9999.0 -9999.0 -9999.0
53877 20031208  1.201  -82.61   35.49    12.1    -6.9     2.6     0.4     0.0     9.61 R -9999.0 -9999.0     0.5 -9999.0 -9999.0 -9999.0 -99.000 -99.000 -99.000 -99.000 -99.000 -9999.0 -9999.0 -9999.0 -9999.0 -9999.0
53877 20031209  1.201  -82.61   35.49    12.5    -5.0     3.8     3.8     0.0     6.84 R -9999.0 -9999.0     3.1 -9999.0 -9999.0 -9999.0 -99.000 -99.000 -99.000 -99.000 -99.000 -9999.0 -9999.0 -9999.0 -9999.0 -9999.0
53877 20031210  1.201  -82.61   35.49    10.3     1.5     5.9     7.2    39.4     1.28 R -9999.0 -9999.0     6.4 -9999.0 -9999.0 -9999.0 -99.000 -99.000 -99.000 -99.000 -99.000 -9999.0 -9999.0 -9999.0 -9999.0 -9999.0
53877 20031211  1.201  -82.61   35.49     3.7    -2.4     0.7     0.6     0.0    10.25 R -9999.0 -9999.0     1.5 -9999.0 -9999.0 -9999.0 -99.000 -99.000 -99.000 -99.000 -99.000 -9999.0 -9999.0 -9999.0 -9999.0 -9999.0
53877 20031212  1.201  -82.61   35.49     7.9    -4.2     1.9     0.2     0.0     8.51 R -9999.0 -9999.0     0.2 -9999.0 -9999.0 -9999.0 -99.000 -99.000 -99.000 -99.000 -99.000 -9999.0 -9999.0 -9999.0 -9999.0 -9999.0
53877 20031213  1.201  -82.61   35.49     4.4    -5.1    -0.3    -0.6     8.6     3.79 R -9999.0 -9999.0     0.2 -9999.0 -9999.0 -9999.0 -99.000 -99.000 -99.000 -99.000 -99.000 -9999.0 -9999.0 -9999.0 -9999.0 -9999.0
53877 20031214  1.201  -82.61   35.49     3.5    -0.2     1.7     1.3     2.6     2.16 R -9999.0 -9999.0     2.2 -9999.0 -9999.0 -9999.0 -99.000 -99.000 -99.000 -99.000 -99.000 -9999.0 -9999.0 -9999.0 -9999.0 -9999.0
53877 20031215  1.201  -82.61   35.49    11.3    -2.3     4.5     1.9     0.0     9.50 R -9999.0 -9999.0     1.6 -9999.0 -9999.0 -9999.0 -99.000 -99.000 -99.000 -99.000 -99.000 -9999.0 -9999.0 -9999.0 -9999.0 -9999.0
53877 20031216  1.201  -82.61   35.49    10.2    -2.9     3.7     5.0     0.0     8.74 R -9999.0 -9999.0     3.9 -9999.0 -9999.0 -9999.0 -99.000 -99.000 -99.000 -99.000 -99.000 -9999.0 -9999.0 -9999.0 -9999.0 -9999.0
53877 20031217  1.201  -82.61   35.49     7.0    -3.3     1.9     1.4     6.8     9.45 R -9999.0 -9999.0     2.0 -9999.0 -9999.0 -9999.0 -99.000 -99.000 -99.000 -99.000 -99.000 -9999.0 -9999.0 -9999.0 -9999.0 -9999.0
53877 20031218  1.201  -82.61   35.49     6.6    -7.0    -0.2    -0.9     0.2     7.21 R -9999.0 -9999.0     0.1 -9999.0 -9999.0 -9999.0 -99.000 -99.000 -99.000 -99.000 -99.000 -9999.0 -9999.0 -9999.0 -9999.0 -9999.0
53877 20031219  1.201  -82.61   35.49     1.8    -4.6    -1.4    -1.5     2.6     3.89 R -9999.0 -9999.0    -1.7 -9999.0 -9999.0 -9999.0 -99.000 -99.000 -99.000 -99.000 -99.000 -9999.0 -9999.0 -9999.0 -9999.0 -9999.0
53877 20031220  1.201  -82.61   35.49    -2.2    -9.9    -6.0    -5.6     0.3     8.83 R -9999.0 -9999.0    -5.7 -9999.0 -9999.0 -9999.0 -99.000 -99.000 -99.000 -99.000 -99.000 -9999.0 -9999.0 -9999.0 -9999.0 -9999.0
53877 20031221  1.201  -82.61   35.49     8.8   -12.5    -1.8    -4.4     0.0     9.27 R -9999.0 -9999.0    -3.5 -9999.0 -9999.0 -9999.0 -99.000 -99.000 -99.000 -99.000 -99.000 -9999.0 -9999.0 -9999.0 -9999.0 -9999.0
53877 20031222  1.201  -82.61   35.49    13.1    -7.7     2.7    -0.4     0.0     8.59 R -9999.0 -9999.0    -0.5 -9999.0 -9999.0 -9999.0 -99.000 -99.000 -99.000 -99.000 -99.000 -9999.0 -9999.0 -9999.0 -9999.0 -9999.0
53877 20031223  1.201  -82.61   35.49    12.4    -5.3     3.6     4.6     6.4     5.65 R -9999.0 -9999.0     3.7 -9999.0 -9999.0 -9999.0 -99.000 -99.000 -99.000 -99.000 -99.000 -9999.0 -9999.0 -9999.0 -9999.0 -9999.0
53877 20031224  1.201  -82.61   35.49     9.0    -2.7     3.2     2.1     2.2     4.58 R -9999.0 -9999.0     2.5 -9999.0 -9999.0 -9999.0 -99.000 -99.000 -99.000 -99.000 -99.000 -9999.0 -9999.0 -9999.0 -9999.0 -9999.0
53877 20031225  1.201  -82.61   35.49     2.9    -5.7    -1.4    -2.0     0.0     9.43 R -9999.0 -9999.0    -1.7 -9999.0 -9999.0 -9999.0 -99.000 -99.000 -99.000 -99.000 -99.000 -9999.0 -9999.0 -9999.0 -9999.0 -9999.0
53877 20031226  1.201  -82.61   35.49     9.2    -8.7     0.3    -1.8     0.0     9.66 R -9999.0 -9999.0    -1.9 -9999.0 -9999.0 -9999.0 -99.000 -99.000 -99.000 -99.000 -99.000 -9999.0 -9999.0 -9999.0 -9999.0 -9999.0
53877 20031227  1.201  -82.61   35.49    16.0    -8.4     3.8    -0.2     0.3     9.55 R -9999.0 -9999.0    -0.5 -9999.0 -9999.0 -9999.0 -99.000 -99.000 -99.000 -99.000 -99.000 -9999.0 -9999.0 -9999.0 -9999.0 -9999.0
53877 20031228  1.201  -82.61   35.49    15.0    -6.3     4.4     3.0     0.0     7.86 R -9999.0 -9999.0     1.3 -9999.0 -9999.0 -9999.0 -99.000 -99.000 -99.000 -99.000 -99.000 -9999.0 -9999.0 -9999.0 -9999.0 -9999.0
53877 20031229  1.201  -82.61   35.49    13.7    -2.0     5.9     6.5     0.0     4.89 R -9999.0 -9999.0     5.2 -9999.0 -9999.0 -9999.0 -99.000 -99.000 -99.000 -99.000 -99.000 -9999.0 -9999.0 -9999.0 -9999.0 -9999.0
53877 20031230  1.201  -82.61   35.49    11.6    -5.2     3.2     3.1     1.7     9.83 R -9999.0 -9999.0     2.7 -9999.0 -9999.0 -9999.0 -99.000 -99.000 -99.000 -99.000 -99.000 -9999.0 -9999.0 -9999.0 -9999.0 -9999.0
53877 20031231  1.201  -82.61   35.49    13.6    -8.4     2.6    -0.5     0.3     9.68 R -9999.0 -9999.0    -0.9 -9999.0 -9999.0 -9999.0 -99.000 -99.000 -99.000 -99.000 -99.000 -9999.0 -9999.0 -9999.0 -9999.0 -9999.0
