53877 20070101  1.201  -82.61   35.49    17.1     1.7     9.4     9.2     0.0     8.68 R -9999.0 -9999.0     8.8 -9999.0 -9999.0 -9999.0 -99.000 -99.000 -99.000 -99.000 -99.000 -9999.0 -9999.0 -9999.0 -9999.0 -9999.0
53877 20070102  1.201  -82.61   35.49    11.8    -3.4     4.2     2.9     0.0     9.11 R -9999.0 -9999.0     2.6 -9999.0 -9999.0 -9999.0 -99.000 -99.000 -99.000 -99.000 -99.000 -9999.0 -9999.0 -9999.0 -9999.0 -9999.0
53877 20070103  1.201  -82.61   35.49    12.8    -6.8     3.0     2.5     0.0     9.08 R -9999.0 -9999.0     1.5 -9999.0 -9999.0 -9999.0 -99.000 -99.000 -99.000 -99.000 -99.000 -9999.0 -9999.0 -9999.0 -9999.0 -9999.0
53877 20070104  1.201  -82.61   35.49    17.2    -1.6     7.8     8.0     0.4     5.68 R -9999.0 -9999.0     7.0 -9999.0 -9999.0 -9999.0 -99.000 -99.000 -99.000 -99.000 -99.000 -9999.0 -9999.0 -9999.0 -9999.0 -9999.0
53877 20070105  1.201  -82.61   35.49    17.0     8.7    12.9    13.9    32.1     1.98 R -9999.0 -9999.0    12.3 -9999.0 -9999.0 -9999.0 -99.000 -99.000 -99.000 -99.000 -99.000 -9999.0 -9999.0 -9999.0 -9999.0 -9999.0
53877 20070106  1.201  -82.61   35.49    18.2     2.6    10.4     9.6     0.0     8.97 R -9999.0 -9999.0     8.3 -9999.0 -9999.0 -9999.0 -99.000 -99.000 -99.000 -99.000 -99.000 -9999.0 -9999.0 -9999.0 -9999.0 -9999.0
53877 20070107  1.201  -82.61   35.49    11.8     2.7     7.3     8.0    21.7     2.72 R -9999.0 -9999.0     8.1 -9999.0 -9999.0 -9999.0 -99.000 -99.000 -99.000 -99.000 -99.000 -9999.0 -9999.0 -9999.0 -9999.0 -9999.0
53877 20070108  1.201  -82.61   35.49    10.6    -4.3     3.2     4.8     4.4     9.37 R -9999.0 -9999.0     4.9 -9999.0 -9999.0 -9999.0 -99.000 -99.000 -99.000 -99.000 -99.000 -9999.0 -9999.0 -9999.0 -9999.0 -9999.0
53877 20070109  1.201  -82.61   35.49     4.5    -6.7    -1.1    -1.6     2.2     5.47 R -9999.0 -9999.0    -1.1 -9999.0 -9999.0 -9999.0 -99.000 -99.000 -99.000 -99.000 -99.000 -9999.0 -9999.0 -9999.0 -9999.0 -9999.0
53877 20070110  1.201  -82.61   35.49     4.0    -6.2    -1.1    -1.5     0.0     9.71 R -9999.0 -9999.0    -2.3 -9999.0 -9999.0 -9999.0 -99.000 -99.000 -99.000 -99.000 -99.000 -9999.0 -9999.0 -9999.0 -9999.0 -9999.0
53877 20070111  1.201  -82.61   35.49     7.5    -7.2     0.2     0.9     0.0     8.66 R -9999.0 -9999.0     0.7 -9999.0 -9999.0 -9999.0 -99.000 -99.000 -99.000 -99.000 -99.000 -9999.0 -9999.0 -9999.0 -9999.0 -9999.0
53877 20070112  1.201  -82.61   35.49    13.4     2.6     8.0     7.0     0.0     3.16 R -9999.0 -9999.0     6.4 -9999.0 -9999.0 -9999.0 -99.000 -99.000 -99.000 -99.000 -99.000 -9999.0 -9999.0 -9999.0 -9999.0 -9999.0
53877 20070113  1.201  -82.61   35.49    18.2     2.5    10.4     8.7     0.0     6.86 R -9999.0 -9999.0     7.8 -9999.0 -9999.0 -9999.0 -99.000 -99.000 -99.000 -99.000 -99.000 -9999.0 -9999.0 -9999.0 -9999.0 -9999.0
53877 20070114  1.201  -82.61   35.49    18.7     2.0    10.4    10.0     0.0     6.07 R -9999.0 -9999.0     8.7 -9999.0 -9999.0 -9999.0 -99.000 -99.000 -99.000 -99.000 -99.000 -9999.0 -9999.0 -9999.0 -9999.0 -9999.0
53877 20070115  1.201  -82.61   35.49    20.0     8.2    14.1    14.2     0.0     5.87 R -9999.0 -9999.0    12.3 -9999.0 -9999.0 -9999.0 -99.000 -99.000 -99.000 -99.000 -99.000 -9999.0 -9999.0 -9999.0 -9999.0 -9999.0
53877 20070116  1.201  -82.61   35.49    11.2    -2.2     4.5     3.3     0.0     2.31 R -9999.0 -9999.0     4.3 -9999.0 -9999.0 -9999.0 -99.000 -99.000 -99.000 -99.000 -99.000 -9999.0 -9999.0 -9999.0 -9999.0 -9999.0
53877 20070117  1.201  -82.61   35.49     2.6    -5.2    -1.3    -1.3     0.0     6.67 R -9999.0 -9999.0     0.2 -9999.0 -9999.0 -9999.0 -99.000 -99.000 -99.000 -99.000 -99.000 -9999.0 -9999.0 -9999.0 -9999.0 -9999.0
53877 20070118  1.201  -82.61   35.49     2.1    -2.1     0.0    -0.1     0.0     2.63 R -9999.0 -9999.0     1.8 -9999.0 -9999.0 -9999.0 -99.000 -99.000 -99.000 -99.000 -99.000 -9999.0 -9999.0 -9999.0 -9999.0 -9999.0
53877 20070119  1.201  -82.61   35.49     7.1    -1.5     2.8     2.6     0.0     8.39 R -9999.0 -9999.0     2.1 -9999.0 -9999.0 -9999.0 -99.000 -99.000 -99.000 -99.000 -99.000 -9999.0 -9999.0 -9999.0 -9999.0 -9999.0
53877 20070120  1.201  -82.61   35.49     6.9    -2.6     2.2     0.6     0.0     9.69 R -9999.0 -9999.0     0.6 -9999.0 -9999.0 -9999.0 -99.000 -99.000 -99.000 -99.000 -99.000 -9999.0 -9999.0 -9999.0 -9999.0 -9999.0
53877 20070121  1.201  -82.61   35.49     3.6     0.5     2.1     2.1     5.2     1.55 R -9999.0 -9999.0     2.5 -9999.0 -9999.0 -9999.0 -99.000 -99.000 -99.000 -99.000 -99.000 -9999.0 -9999.0 -9999.0 -9999.0 -9999.0
53877 20070122  1.201  -82.61   35.49     6.1     0.3     3.2     3.2     0.0     1.20 R -9999.0 -9999.0     3.4 -9999.0 -9999.0 -9999.0 -99.000 -99.000 -99.000 -99.000 -99.000 -9999.0 -9999.0 -9999.0 -9999.0 -9999.0
53877 20070123  1.201  -82.61   35.49     3.1    -3.7    -0.3     0.0     0.0     5.60 R -9999.0 -9999.0     0.6 -9999.0 -9999.0 -9999.0 -99.000 -99.000 -99.000 -99.000 -99.000 -9999.0 -9999.0 -9999.0 -9999.0 -9999.0
53877 20070124  1.201  -82.61   35.49     6.9    -5.2     0.9    -0.6     0.0     8.92 R -9999.0 -9999.0    -0.3 -9999.0 -9999.0 -9999.0 -99.000 -99.000 -99.000 -99.000 -99.000 -9999.0 -9999.0 -9999.0 -9999.0 -9999.0
53877 20070125  1.201  -82.61   35.49     3.2    -3.7    -0.2    -0.4     0.0     8.40 R -9999.0 -9999.0    -6.8 -9999.0 -9999.0 -9999.0 -99.000 -99.000 -99.000 -99.000 -99.000 -9999.0 -9999.0 -9999.0 -9999.0 -9999.0
53877 20070126  1.201  -82.61   35.49     8.6    -6.4     1.1    -1.4     0.0    11.00 R -9999.0 -9999.0    -4.2 -9999.0 -9999.0 -9999.0 -99.000 -99.000 -99.000 -99.000 -99.000 -9999.0 -9999.0 -9999.0 -9999.0 -9999.0
53877 20070127  1.201  -82.61   35.49    14.9    -7.6     3.7     2.6     0.0     9.76 R -9999.0 -9999.0     1.2 -9999.0 -9999.0 -9999.0 -99.000 -99.000 -99.000 -99.000 -99.000 -9999.0 -9999.0 -9999.0 -9999.0 -9999.0
53877 20070128  1.201  -82.61   35.49     6.8    -9.4    -1.3     0.2     0.2     7.90 R -9999.0 -9999.0     0.2 -9999.0 -9999.0 -9999.0 -99.000 -99.000 -99.000 -99.000 -99.000 -9999.0 -9999.0 -9999.0 -9999.0 -9999.0
53877 20070129  1.201  -82.61   35.49     0.7   -13.2    -6.2    -7.5     0.0    11.38 R -9999.0 -9999.0    -6.5 -9999.0 -9999.0 -9999.0 -99.000 -99.000 -99.000 -99.000 -99.000 -9999.0 -9999.0 -9999.0 -9999.0 -9999.0
53877 20070130  1.201  -82.61   35.49     8.3    -9.0    -0.3    -2.0     0.0    11.68 R -9999.0 -9999.0    -1.9 -9999.0 -9999.0 -9999.0 -99.000 -99.000 -99.000 -99.000 -99.000 -9999.0 -9999.0 -9999.0 -9999.0 -9999.0
53877 20070131  1.201  -82.61   35.49     3.9   -10.7    -3.4    -3.3     0.0    11.98 R -9999.0 -9999.0    -2.5 -9999.0 -9999.0 -9999.0 -99.000 -99.000 -99.000 -99.000 -99.000 -9999.0 -9999.0 -9999.0 -9999.0 -9999.0
53877 20070201  1.201  -82.61   35.49     1.4    -2.2    -0.4     0.0     0.9     1.71 R -9999.0 -9999.0     0.4 -9999.0 -9999.0 -9999.0 -99.000 -99.000 -99.000 -99.000 -99.000 -9999.0 -9999.0 -9999.0 -9999.0 -9999.0
53877 20070202  1.201  -82.61   35.49     8.1    -4.2     2.0     1.8     0.0     7.45 R -9999.0 -9999.0     2.8 -9999.0 -9999.0 -9999.0 -99.000 -99.000 -99.000 -99.000 -99.000 -9999.0 -9999.0 -9999.0 -9999.0 -9999.0
53877 20070203  1.201  -82.61   35.49     3.3   -10.4    -3.5    -3.2     0.0    11.78 R -9999.0 -9999.0    -3.1 -9999.0 -9999.0 -9999.0 -99.000 -99.000 -99.000 -99.000 -99.000 -9999.0 -9999.0 -9999.0 -9999.0 -9999.0
53877 20070204  1.201  -82.61   35.49     3.9    -8.3    -2.2    -2.3     0.0     8.28 R -9999.0 -9999.0    -3.2 -9999.0 -9999.0 -9999.0 -99.000 -99.000 -99.000 -99.000 -99.000 -9999.0 -9999.0 -9999.0 -9999.0 -9999.0
53877 20070205  1.201  -82.61   35.49     0.7    -8.2    -3.7    -4.2     0.0    13.03 R -9999.0 -9999.0    -3.3 -9999.0 -9999.0 -9999.0 -99.000 -99.000 -99.000 -99.000 -99.000 -9999.0 -9999.0 -9999.0 -9999.0 -9999.0
53877 20070206  1.201  -82.61   35.49     6.5   -10.0    -1.7    -2.5     0.0    11.75 R -9999.0 -9999.0    -0.6 -9999.0 -9999.0 -9999.0 -99.000 -99.000 -99.000 -99.000 -99.000 -9999.0 -9999.0 -9999.0 -9999.0 -9999.0
53877 20070207  1.201  -82.61   35.49    11.2    -3.2     4.0     5.9     0.0    13.22 R -9999.0 -9999.0     4.2 -9999.0 -9999.0 -9999.0 -99.000 -99.000 -99.000 -99.000 -99.000 -9999.0 -9999.0 -9999.0 -9999.0 -9999.0
53877 20070208  1.201  -82.61   35.49     6.2    -5.0     0.6    -0.6     0.0    13.46 R -9999.0 -9999.0     0.1 -9999.0 -9999.0 -9999.0 -99.000 -99.000 -99.000 -99.000 -99.000 -9999.0 -9999.0 -9999.0 -9999.0 -9999.0
53877 20070209  1.201  -82.61   35.49     2.4    -5.9    -1.7    -2.1     0.0     5.48 R -9999.0 -9999.0    -1.9 -9999.0 -9999.0 -9999.0 -99.000 -99.000 -99.000 -99.000 -99.000 -9999.0 -9999.0 -9999.0 -9999.0 -9999.0
53877 20070210  1.201  -82.61   35.49     3.8    -7.2    -1.7    -2.5     0.0    13.75 R -9999.0 -9999.0    -1.8 -9999.0 -9999.0 -9999.0 -99.000 -99.000 -99.000 -99.000 -99.000 -9999.0 -9999.0 -9999.0 -9999.0 -9999.0
53877 20070211  1.201  -82.61   35.49    10.4   -10.9    -0.2    -1.7     0.0    14.05 R -9999.0 -9999.0    -1.2 -9999.0 -9999.0 -9999.0 -99.000 -99.000 -99.000 -99.000 -99.000 -9999.0 -9999.0 -9999.0 -9999.0 -9999.0
53877 20070212  1.201  -82.61   35.49    17.3    -6.1     5.6     4.0     0.0    11.35 R -9999.0 -9999.0     4.5 -9999.0 -9999.0 -9999.0 -99.000 -99.000 -99.000 -99.000 -99.000 -9999.0 -9999.0 -9999.0 -9999.0 -9999.0
53877 20070213  1.201  -82.61   35.49    10.1     0.6     5.4     6.1     6.9     2.35 R -9999.0 -9999.0     5.8 -9999.0 -9999.0 -9999.0 -99.000 -99.000 -99.000 -99.000 -99.000 -9999.0 -9999.0 -9999.0 -9999.0 -9999.0
53877 20070214  1.201  -82.61   35.49     4.9    -7.2    -1.1    -0.6     0.0    13.26 R -9999.0 -9999.0     1.8 -9999.0 -9999.0 -9999.0 -99.000 -99.000 -99.000 -99.000 -99.000 -9999.0 -9999.0 -9999.0 -9999.0 -9999.0
53877 20070215  1.201  -82.61   35.49     0.5    -8.9    -4.2    -4.7     0.0    14.64 R -9999.0 -9999.0    -3.0 -9999.0 -9999.0 -9999.0 -99.000 -99.000 -99.000 -99.000 -99.000 -9999.0 -9999.0 -9999.0 -9999.0 -9999.0
53877 20070216  1.201  -82.61   35.49     0.9   -10.0    -4.5    -5.1     0.0    14.92 R -9999.0 -9999.0    -6.0 -9999.0 -9999.0 -9999.0 -99.000 -99.000 -99.000 -99.000 -99.000 -9999.0 -9999.0 -9999.0 -9999.0 -9999.0
53877 20070217  1.201  -82.61   35.49     4.1   -12.1    -4.0    -3.4     0.0     6.75 R -9999.0 -9999.0    -5.2 -9999.0 -9999.0 -9999.0 -99.000 -99.000 -99.000 -99.000 -99.000 -9999.0 -9999.0 -9999.0 -9999.0 -9999.0
53877 20070218  1.201  -82.61   35.49     4.1    -5.0    -0.4    -1.6     0.0    14.90 R -9999.0 -9999.0    -4.5 -9999.0 -9999.0 -9999.0 -99.000 -99.000 -99.000 -99.000 -99.000 -9999.0 -9999.0 -9999.0 -9999.0 -9999.0
53877 20070219  1.201  -82.61   35.49    11.5    -8.9     1.3     1.8     0.0    13.01 R -9999.0 -9999.0     0.5 -9999.0 -9999.0 -9999.0 -99.000 -99.000 -99.000 -99.000 -99.000 -9999.0 -9999.0 -9999.0 -9999.0 -9999.0
53877 20070220  1.201  -82.61   35.49    13.8    -3.6     5.1     4.4     0.0     5.67 R -9999.0 -9999.0     2.7 -9999.0 -9999.0 -9999.0 -99.000 -99.000 -99.000 -99.000 -99.000 -9999.0 -9999.0 -9999.0 -9999.0 -9999.0
53877 20070221  1.303  -82.61   35.49 -9999.0 -9999.0 -9999.0 -9999.0 -9999.0 -9999.00 U -9999.0 -9999.0 -9999.0 -9999.0 -9999.0 -9999.0 -99.000 -99.000 -99.000 -99.000 -99.000 -9999.0 -9999.0 -9999.0 -9999.0 -9999.0
53877 20070222  1.303  -82.61   35.49    17.6    -0.7     8.5     9.0     0.0    15.95 R    25.8    -3.1     6.7    97.1    15.4    46.2 -99.000 -99.000 -99.000 -99.000 -99.000 -9999.0 -9999.0 -9999.0 -9999.0 -9999.0
53877 20070223  1.303  -82.61   35.49    11.5    -3.2     4.1     4.3     0.0    15.58 R    21.6    -5.0     3.3    62.6    12.2    33.6 -99.000 -99.000 -99.000 -99.000 -99.000 -9999.0 -9999.0 -9999.0 -9999.0 -9999.0
53877 20070224  1.303  -82.61   35.49    13.6    -6.6     3.5     4.7     0.0    12.41 R    24.0    -7.3     4.5    80.9    16.9    42.2 -99.000 -99.000 -99.000 -99.000 -99.000 -9999.0 -9999.0 -9999.0 -9999.0 -9999.0
53877 20070225  1.303  -82.61   35.49    11.9    -0.3     5.8     6.2    18.1     6.60 R    62.9    -1.8     5.0    97.5    31.0    83.3 -99.000 -99.000 -99.000 -99.000 -99.000 -9999.0 -9999.0 -9999.0 -9999.0 -9999.0
53877 20070226  1.303  -82.61   35.49    13.7    -2.6     5.5     4.2     0.0    15.42 R    22.6    -4.4     4.3    97.4    26.6    66.3 -99.000 -99.000 -99.000 -99.000 -99.000 -9999.0 -9999.0 -9999.0 -9999.0 -9999.0
53877 20070227  1.303  -82.61   35.49    15.5    -4.5     5.5     4.0     0.0    16.36 R    24.5    -5.2     4.3    91.0    27.0    61.3 -99.000 -99.000 -99.000 -99.000 -99.000 -9999.0 -9999.0 -9999.0 -9999.0 -9999.0
53877 20070228  1.303  -82.61   35.49    17.5    -4.7     6.4     6.8     0.0    16.52 R    26.2    -5.4     6.5    92.0    22.2    52.7 -99.000 -99.000 -99.000 -99.000 -99.000 -9999.0 -9999.0 -9999.0 -9999.0 -9999.0
53877 20070301  1.303  -82.61   35.49    13.2     6.4     9.8     9.5    48.5     2.61 R    27.9     2.4     7.2    97.2    34.3    73.8 -99.000 -99.000 -99.000 -99.000 -99.000 -9999.0 -9999.0 -9999.0 -9999.0 -9999.0
53877 20070302  1.303  -82.61   35.49    13.8     0.8     7.3     7.6     1.9    18.08 R    22.3     0.0     7.5    97.8    13.8    54.5 -99.000 -99.000 -99.000 -99.000 -99.000 -9999.0 -9999.0 -9999.0 -9999.0 -9999.0
53877 20070303  1.303  -82.61   35.49    14.5    -1.3     6.6     6.5     0.0    17.27 R    23.3    -2.1     5.8    84.7    14.4    42.4 -99.000 -99.000 -99.000 -99.000 -99.000 -9999.0 -9999.0 -9999.0 -9999.0 -9999.0
53877 20070304  1.303  -82.61   35.49     3.3    -4.5    -0.6    -1.2     0.6    15.99 R    14.1    -4.7     0.4    86.9    37.7    61.9 -99.000 -99.000 -99.000 -99.000 -99.000 -9999.0 -9999.0 -9999.0 -9999.0 -9999.0
53877 20070305  1.303  -82.61   35.49    13.9    -1.7     6.1     5.6     0.0    18.81 R    23.0    -4.5     5.0    51.1    17.9    32.1 -99.000 -99.000 -99.000 -99.000 -99.000 -9999.0 -9999.0 -9999.0 -9999.0 -9999.0
53877 20070306  1.303  -82.61   35.49    14.4    -0.1     7.1     7.3     0.0    18.69 R    23.3    -1.0     7.0    71.5    20.7    43.7 -99.000 -99.000 -99.000 -99.000 -99.000 -9999.0 -9999.0 -9999.0 -9999.0 -9999.0
53877 20070307  1.303  -82.61   35.49    19.0    -1.9     8.6     7.8     0.0    17.33 R    28.0    -1.9     7.9    79.3    21.1    49.8 -99.000 -99.000 -99.000 -99.000 -99.000 -9999.0 -9999.0 -9999.0 -9999.0 -9999.0
53877 20070308  1.303  -82.61   35.49    18.4    -2.4     8.0     8.3     0.0    17.52 R    26.7    -2.7     8.2    89.5    26.7    55.9 -99.000 -99.000 -99.000 -99.000 -99.000 -9999.0 -9999.0 -9999.0 -9999.0 -9999.0
53877 20070309  1.303  -82.61   35.49    14.1     4.0     9.0     8.2     0.0    15.37 R    23.0     1.1     8.0    72.8    37.1    57.5 -99.000 -99.000 -99.000 -99.000 -99.000 -9999.0 -9999.0 -9999.0 -9999.0 -9999.0
53877 20070310  1.303  -82.61   35.49    18.9     1.0     9.9    10.2     0.0    13.75 R    28.7     0.3    10.8    89.3    37.6    62.4 -99.000 -99.000 -99.000 -99.000 -99.000 -9999.0 -9999.0 -9999.0 -9999.0 -9999.0
53877 20070311  1.303  -82.61   35.49    18.0     2.9    10.4    10.2     0.0    16.81 R    26.8     1.2    10.5    96.0    21.0    61.7 -99.000 -99.000 -99.000 -99.000 -99.000 -9999.0 -9999.0 -9999.0 -9999.0 -9999.0
53877 20070312  1.303  -82.61   35.49    19.4    -2.1     8.6     7.7     0.0    17.79 R    27.5    -1.9     8.5    86.0    20.4    53.1 -99.000 -99.000 -99.000 -99.000 -99.000 -9999.0 -9999.0 -9999.0 -9999.0 -9999.0
53877 20070313  1.303  -82.61   35.49    23.3    -1.0    11.1    10.5     0.0    10.86 R    31.4    -0.6    10.0    85.7    29.2    58.8 -99.000 -99.000 -99.000 -99.000 -99.000 -9999.0 -9999.0 -9999.0 -9999.0 -9999.0
53877 20070314  1.303  -82.61   35.49    24.3     7.1    15.7    15.2     0.2    12.11 R    73.2     5.9    14.3    95.9    29.1    60.6 -99.000 -99.000 -99.000 -99.000 -99.000 -9999.0 -9999.0 -9999.0 -9999.0 -9999.0
53877 20070315  1.303  -82.61   35.49    20.5     5.0    12.8    13.5     4.9     6.79 R    26.8     4.0    12.7    97.7    48.6    76.1 -99.000 -99.000 -99.000 -99.000 -99.000 -9999.0 -9999.0 -9999.0 -9999.0 -9999.0
53877 20070316  1.303  -82.61   35.49    13.2     0.0     6.6     8.1    43.9     3.97 R    29.8    -0.6     8.7    97.9    49.6    85.7 -99.000 -99.000 -99.000 -99.000 -99.000 -9999.0 -9999.0 -9999.0 -9999.0 -9999.0
53877 20070317  1.303  -82.61   35.49     5.2    -1.5     1.8     0.9     0.0    20.19 R    18.2    -4.9     3.4    62.2    29.5    45.8 -99.000 -99.000 -99.000 -99.000 -99.000 -9999.0 -9999.0 -9999.0 -9999.0 -9999.0
53877 20070318  1.303  -82.61   35.49     7.9    -4.4     1.7     0.8     0.0    20.63 R    17.3    -9.9    -1.3    73.0    20.4    47.1 -99.000 -99.000 -99.000 -99.000 -99.000 -9999.0 -9999.0 -9999.0 -9999.0 -9999.0
53877 20070319  1.303  -82.61   35.49    17.5    -6.6     5.4     6.0     0.3    17.85 R    48.3    -9.2     5.7    94.9    27.9    55.7 -99.000 -99.000 -99.000 -99.000 -99.000 -9999.0 -9999.0 -9999.0 -9999.0 -9999.0
53877 20070320  1.303  -82.61   35.49    21.5     3.2    12.3    12.1     5.4    12.78 R    34.7     0.0    12.0    97.9    47.2    82.0 -99.000 -99.000 -99.000 -99.000 -99.000 -9999.0 -9999.0 -9999.0 -9999.0 -9999.0
53877 20070321  1.303  -82.61   35.49    16.1     8.1    12.1    12.0     0.0     7.47 R    53.6     6.9    11.7    98.1    62.6    83.5 -99.000 -99.000 -99.000 -99.000 -99.000 -9999.0 -9999.0 -9999.0 -9999.0 -9999.0
53877 20070322  1.303  -82.61   35.49    21.8     6.8    14.3    14.0     0.0    15.24 R    31.2     4.3    13.6    94.2    43.7    68.8 -99.000 -99.000 -99.000 -99.000 -99.000 -9999.0 -9999.0 -9999.0 -9999.0 -9999.0
53877 20070323  1.303  -82.61   35.49    24.4     2.8    13.6    13.5     0.0    19.51 R    30.8    -1.8    12.6    96.1    36.7    69.9 -99.000 -99.000 -99.000 -99.000 -99.000 -9999.0 -9999.0 -9999.0 -9999.0 -9999.0
53877 20070324  1.303  -82.61   35.49    25.3     5.5    15.4    14.8     0.0    17.35 R    30.5     1.6    13.3    95.1    36.3    68.2 -99.000 -99.000 -99.000 -99.000 -99.000 -9999.0 -9999.0 -9999.0 -9999.0 -9999.0
53877 20070325  1.303  -82.61   35.49    27.4     5.9    16.6    17.8     0.0    19.53 R    32.7     2.3    16.1    94.4    33.5    59.9 -99.000 -99.000 -99.000 -99.000 -99.000 -9999.0 -9999.0 -9999.0 -9999.0 -9999.0
53877 20070326  1.303  -82.61   35.49    23.9    11.5    17.7    17.6     0.0    15.88 R    29.3     9.1    16.8    89.5    43.4    64.3 -99.000 -99.000 -99.000 -99.000 -99.000 -9999.0 -9999.0 -9999.0 -9999.0 -9999.0
53877 20070327  1.303  -82.61   35.49    24.8     8.0    16.4    16.6     0.0    13.00 R    30.8     5.2    15.5    95.4    40.8    71.0 -99.000 -99.000 -99.000 -99.000 -99.000 -9999.0 -9999.0 -9999.0 -9999.0 -9999.0
53877 20070328  1.303  -82.61   35.49    25.6     8.4    17.0    16.3     1.1    14.49 R    32.0     5.5    15.9    95.3    36.7    76.3 -99.000 -99.000 -99.000 -99.000 -99.000 -9999.0 -9999.0 -9999.0 -9999.0 -9999.0
53877 20070329  1.303  -82.61   35.49    14.5     7.8    11.2    11.6     2.3     3.08 R    49.8     6.8    11.3    97.4    79.7    88.3 -99.000 -99.000 -99.000 -99.000 -99.000 -9999.0 -9999.0 -9999.0 -9999.0 -9999.0
53877 20070330  1.303  -82.61   35.49    18.7     7.9    13.3    12.3     0.0    14.21 R    26.5     6.4    12.7    93.5    59.3    77.2 -99.000 -99.000 -99.000 -99.000 -99.000 -9999.0 -9999.0 -9999.0 -9999.0 -9999.0
53877 20070331  1.303  -82.61   35.49    23.9     6.1    15.0    15.0     0.0    16.50 R    31.1     3.2    14.4    96.4    42.2    73.6 -99.000 -99.000 -99.000 -99.000 -99.000 -9999.0 -9999.0 -9999.0 -9999.0 -9999.0
53877 20070401  1.303  -82.61   35.49    20.7    13.0    16.8    16.6     0.8     7.98 R    33.3    10.4    15.8    95.8    60.4    80.6 -99.000 -99.000 -99.000 -99.000 -99.000 -9999.0 -9999.0 -9999.0 -9999.0 -9999.0
53877 20070402  1.303  -82.61   35.49    25.0     8.1    16.5    15.5     0.0    17.36 R    31.7     4.1    15.0   100.0    31.8    71.2 -99.000 -99.000 -99.000 -99.000 -99.000 -9999.0 -9999.0 -9999.0 -9999.0 -9999.0
53877 20070403  1.303  -82.61   35.49    26.2     5.0    15.6    15.3     0.0    17.08 R    32.3     2.0    14.0    95.6    26.6    64.3 -99.000 -99.000 -99.000 -99.000 -99.000 -9999.0 -9999.0 -9999.0 -9999.0 -9999.0
53877 20070404  1.303  -82.61   35.49    21.7     6.9    14.3    13.4     2.9    18.30 R    30.6     2.0    12.7    97.7    27.0    60.9 -99.000 -99.000 -99.000 -99.000 -99.000 -9999.0 -9999.0 -9999.0 -9999.0 -9999.0
53877 20070405  1.303  -82.61   35.49    10.2     0.1     5.1     4.6     0.0    23.56 R    22.0    -1.1     6.0    67.7    31.0    46.4 -99.000 -99.000 -99.000 -99.000 -99.000 -9999.0 -9999.0 -9999.0 -9999.0 -9999.0
53877 20070406  1.303  -82.61   35.49     9.8    -3.8     3.0     2.4     1.8    20.76 R    21.2    -4.4     5.5    91.7    34.0    56.3 -99.000 -99.000 -99.000 -99.000 -99.000 -9999.0 -9999.0 -9999.0 -9999.0 -9999.0
53877 20070407  1.303  -82.61   35.49     3.0    -6.3    -1.7    -2.2     1.2    18.94 R    18.6   -11.5    -0.5    92.5    31.1    51.8 -99.000 -99.000 -99.000 -99.000 -99.000 -9999.0 -9999.0 -9999.0 -9999.0 -9999.0
53877 20070408  1.303  -82.61   35.49     8.7    -6.4     1.2     0.5     0.0    23.82 R    22.4    -6.0     3.7    66.8    28.6    45.0 -99.000 -99.000 -99.000 -99.000 -99.000 -9999.0 -9999.0 -9999.0 -9999.0 -9999.0
53877 20070409  1.303  -82.61   35.49    10.2    -2.6     3.8     2.6     0.0    11.27 R    21.2    -3.4     3.9    73.5    24.4    50.3 -99.000 -99.000 -99.000 -99.000 -99.000 -9999.0 -9999.0 -9999.0 -9999.0 -9999.0
53877 20070410  1.303  -82.61   35.49    14.3    -5.7     4.3     5.9     0.0    22.36 R    27.0    -5.4     7.9    86.0    26.2    48.1 -99.000 -99.000 -99.000 -99.000 -99.000 -9999.0 -9999.0 -9999.0 -9999.0 -9999.0
53877 20070411  1.303  -82.61   35.49    10.1     6.3     8.2     7.8     7.7     5.46 R    28.3     5.3     7.8    97.9    34.9    79.3 -99.000 -99.000 -99.000 -99.000 -99.000 -9999.0 -9999.0 -9999.0 -9999.0 -9999.0
53877 20070412  1.303  -82.61   35.49    19.2     2.1    10.7    11.0     0.0    24.87 R    29.1     1.4    11.9   100.0    21.5    56.6 -99.000 -99.000 -99.000 -99.000 -99.000 -9999.0 -9999.0 -9999.0 -9999.0 -9999.0
53877 20070413  1.303  -82.61   35.49    17.2     1.8     9.5     9.0     0.0    17.81 R    26.8     0.3     9.3    70.4    20.3    46.0 -99.000 -99.000 -99.000 -99.000 -99.000 -9999.0 -9999.0 -9999.0 -9999.0 -9999.0
53877 20070414  1.303  -82.61   35.49    19.3     5.0    12.2    12.0     3.2    15.63 R    28.6     4.3    12.7    96.6    30.5    63.0 -99.000 -99.000 -99.000 -99.000 -99.000 -9999.0 -9999.0 -9999.0 -9999.0 -9999.0
53877 20070415  1.303  -82.61   35.49    16.6     2.5     9.5     8.8    24.4     8.79 R    25.1     2.7     9.2    98.1    53.0    80.2 -99.000 -99.000 -99.000 -99.000 -99.000 -9999.0 -9999.0 -9999.0 -9999.0 -9999.0
53877 20070416  1.303  -82.61   35.49    14.5     4.2     9.4     9.8     0.0    24.64 R    24.2     2.3    10.0    57.9    24.2    37.0 -99.000 -99.000 -99.000 -99.000 -99.000 -9999.0 -9999.0 -9999.0 -9999.0 -9999.0
53877 20070417  1.303  -82.61   35.49    19.5     7.6    13.6    13.1     0.0    25.06 R    28.9     2.8    12.2    56.0    18.4    28.8 -99.000 -99.000 -99.000 -99.000 -99.000 -9999.0 -9999.0 -9999.0 -9999.0 -9999.0
53877 20070418  1.303  -82.61   35.49    19.3     4.3    11.8    11.3     1.0    11.82 R    27.3     3.0    11.4    95.7    35.6    64.0 -99.000 -99.000 -99.000 -99.000 -99.000 -9999.0 -9999.0 -9999.0 -9999.0 -9999.0
53877 20070419  1.303  -82.61   35.49    15.9     3.0     9.4     8.8     5.2    11.60 R    30.4     2.7    10.1    97.9    62.4    87.6 -99.000 -99.000 -99.000 -99.000 -99.000 -9999.0 -9999.0 -9999.0 -9999.0 -9999.0
53877 20070420  1.303  -82.61   35.49    18.0     3.4    10.7    10.2     0.0    18.18 R    29.8     2.6    12.0    98.0    35.6    71.0 -99.000 -99.000 -99.000 -99.000 -99.000 -9999.0 -9999.0 -9999.0 -9999.0 -9999.0
53877 20070421  1.303  -82.61   35.49    22.4     0.5    11.4    12.0     0.0    25.34 R    33.1     0.7    13.7    96.6    25.4    60.8 -99.000 -99.000 -99.000 -99.000 -99.000 -9999.0 -9999.0 -9999.0 -9999.0 -9999.0
53877 20070422  1.303  -82.61   35.49    24.5     1.4    12.9    14.0     0.0    25.90 R    34.3     1.4    14.5    95.4    18.2    51.9 -99.000 -99.000 -99.000 -99.000 -99.000 -9999.0 -9999.0 -9999.0 -9999.0 -9999.0
53877 20070423  1.303  -82.61   35.49    24.9     2.0    13.4    14.5     0.0    24.52 R    34.3     1.6    15.4    93.7    29.3    56.3 -99.000 -99.000 -99.000 -99.000 -99.000 -9999.0 -9999.0 -9999.0 -9999.0 -9999.0
53877 20070424  1.303  -82.61   35.49    25.5     7.5    16.5    15.7     0.0    13.26 R    33.1     6.3    15.7    91.9    41.0    70.1 -99.000 -99.000 -99.000 -99.000 -99.000 -9999.0 -9999.0 -9999.0 -9999.0 -9999.0
53877 20070425  1.303  -82.61   35.49    27.8     8.3    18.0    17.9     0.0    21.41 R    36.1     7.3    18.3    96.3    23.3    62.0 -99.000 -99.000 -99.000 -99.000 -99.000 -9999.0 -9999.0 -9999.0 -9999.0 -9999.0
53877 20070426  1.303  -82.61   35.49    21.7    10.4    16.0    16.5     1.9    14.04 R    35.3     8.7    16.7    92.1    54.6    74.8 -99.000 -99.000 -99.000 -99.000 -99.000 -9999.0 -9999.0 -9999.0 -9999.0 -9999.0
53877 20070427  1.303  -82.61   35.49    23.7     8.6    16.2    16.2     0.0    22.80 R    35.2     7.2    17.1    96.7    33.8    65.1 -99.000 -99.000 -99.000 -99.000 -99.000 -9999.0 -9999.0 -9999.0 -9999.0 -9999.0
53877 20070428  1.303  -82.61   35.49    18.2     7.9    13.1    13.1     0.0    12.65 R    28.4     6.6    12.9    82.6    41.2    59.9 -99.000 -99.000 -99.000 -99.000 -99.000 -9999.0 -9999.0 -9999.0 -9999.0 -9999.0
53877 20070429  1.303  -82.61   35.49    23.5     7.6    15.6    16.5     0.0    26.03 R    34.5     6.5    16.7    84.8    25.6    48.0 -99.000 -99.000 -99.000 -99.000 -99.000 -9999.0 -9999.0 -9999.0 -9999.0 -9999.0
53877 20070430  1.303  -82.61   35.49    28.5     3.5    16.0    16.5     0.0    25.69 R    37.6     3.3    17.6    93.8    18.9    55.1 -99.000 -99.000 -99.000 -99.000 -99.000 -9999.0 -9999.0 -9999.0 -9999.0 -9999.0
53877 20070501  1.303  -82.61   35.49    30.1     6.5    18.3    18.8     0.0    25.32 R    39.5     6.0    19.3    94.8    17.4    53.4 -99.000 -99.000 -99.000 -99.000 -99.000 -9999.0 -9999.0 -9999.0 -9999.0 -9999.0
53877 20070502  1.303  -82.61   35.49    28.2     8.0    18.1    19.1     0.0    16.99 R    37.4     7.5    19.6    91.8    31.2    58.8 -99.000 -99.000 -99.000 -99.000 -99.000 -9999.0 -9999.0 -9999.0 -9999.0 -9999.0
53877 20070503  1.303  -82.61   35.49    23.3    11.9    17.6    16.5    16.1     8.50 R    36.6    10.9    17.3    97.8    55.2    84.5 -99.000 -99.000 -99.000 -99.000 -99.000 -9999.0 -9999.0 -9999.0 -9999.0 -9999.0
53877 20070504  1.303  -82.61   35.49    17.3    12.0    14.6    14.0     0.0     8.19 R    28.2    12.9    16.1    96.6    80.8    90.4 -99.000 -99.000 -99.000 -99.000 -99.000 -9999.0 -9999.0 -9999.0 -9999.0 -9999.0
53877 20070505  1.303  -82.61   35.49    16.0    11.2    13.6    13.4     8.0     4.78 R    27.8    12.1    15.1    98.2    88.5    94.6 -99.000 -99.000 -99.000 -99.000 -99.000 -9999.0 -9999.0 -9999.0 -9999.0 -9999.0
53877 20070506  1.303  -82.61   35.49    24.4    11.0    17.7    15.7     0.0    17.07 R    38.4     8.9    18.0   100.0    31.3    72.1 -99.000 -99.000 -99.000 -99.000 -99.000 -9999.0 -9999.0 -9999.0 -9999.0 -9999.0
53877 20070507  1.303  -82.61   35.49    21.3     0.4    10.9    11.4     0.0    27.28 R    33.4     1.5    14.7    92.1    21.7    51.3 -99.000 -99.000 -99.000 -99.000 -99.000 -9999.0 -9999.0 -9999.0 -9999.0 -9999.0
53877 20070508  1.303  -82.61   35.49    24.3    -0.1    12.1    13.1     0.0    25.74 R    36.0     1.2    16.3    96.0    25.3    65.5 -99.000 -99.000 -99.000 -99.000 -99.000 -9999.0 -9999.0 -9999.0 -9999.0 -9999.0
53877 20070509  1.303  -82.61   35.49    24.8    10.4    17.6    18.0     0.0    23.80 R    38.4    10.1    20.4    97.4    43.6    69.2 -99.000 -99.000 -99.000 -99.000 -99.000 -9999.0 -9999.0 -9999.0 -9999.0 -9999.0
53877 20070510  1.303  -82.61   35.49    28.0     9.3    18.7    18.0     0.0    22.52 R    38.7     9.3    20.5    96.6    34.0    75.1 -99.000 -99.000 -99.000 -99.000 -99.000 -9999.0 -9999.0 -9999.0 -9999.0 -9999.0
53877 20070511  1.303  -82.61   35.49    28.4    12.7    20.5    20.0     0.0    23.61 R    39.5    12.3    22.9    98.0    36.6    73.7 -99.000 -99.000 -99.000 -99.000 -99.000 -9999.0 -9999.0 -9999.0 -9999.0 -9999.0
53877 20070512  1.303  -82.61   35.49    22.5    13.0    17.7    17.6     0.0     8.11 R    30.0    11.8    18.3    96.8    61.8    84.6 -99.000 -99.000 -99.000 -99.000 -99.000 -9999.0 -9999.0 -9999.0 -9999.0 -9999.0
53877 20070513  1.303  -82.61   35.49    26.1     9.5    17.8    18.6     0.0    26.62 R    38.7     8.8    20.8    97.3    23.0    61.7 -99.000 -99.000 -99.000 -99.000 -99.000 -9999.0 -9999.0 -9999.0 -9999.0 -9999.0
53877 20070514  1.303  -82.61   35.49    22.4    10.6    16.5    16.9     0.0    23.62 R    36.6     8.8    19.7    73.4    47.1    57.8 -99.000 -99.000 -99.000 -99.000 -99.000 -9999.0 -9999.0 -9999.0 -9999.0 -9999.0
53877 20070515  1.303  -82.61   35.49    26.2     7.0    16.6    17.0     0.0    22.38 R    40.5     6.9    19.6    95.9    38.7    67.7 -99.000 -99.000 -99.000 -99.000 -99.000 -9999.0 -9999.0 -9999.0 -9999.0 -9999.0
53877 20070516  1.303  -82.61   35.49    22.7     8.6    15.7    15.2     0.4    10.28 R    31.5     8.3    16.5    96.7    53.6    80.5 -99.000 -99.000 -99.000 -99.000 -99.000 -9999.0 -9999.0 -9999.0 -9999.0 -9999.0
53877 20070517  1.303  -82.61   35.49    20.4     7.0    13.7    13.8     0.0    25.46 R    37.4     5.7    16.9    96.5    29.1    57.7 -99.000 -99.000 -99.000 -99.000 -99.000 -9999.0 -9999.0 -9999.0 -9999.0 -9999.0
53877 20070518  1.303  -82.61   35.49    15.5     4.5    10.0    10.7     0.0    25.32 R    35.5     4.1    14.9    84.2    39.2    58.3 -99.000 -99.000 -99.000 -99.000 -99.000 -9999.0 -9999.0 -9999.0 -9999.0 -9999.0
53877 20070519  1.303  -82.61   35.49    21.4     1.6    11.5    11.5     0.0    27.59 R    39.0     1.5    15.8    96.5    12.4    55.8 -99.000 -99.000 -99.000 -99.000 -99.000 -9999.0 -9999.0 -9999.0 -9999.0 -9999.0
53877 20070520  1.303  -82.61   35.49    25.6     2.1    13.9    13.7     0.0    27.12 R    42.1     2.7    17.7    93.8    16.0    53.3 -99.000 -99.000 -99.000 -99.000 -99.000 -9999.0 -9999.0 -9999.0 -9999.0 -9999.0
53877 20070521  1.303  -82.61   35.49    27.2     1.4    14.3    15.0     0.0    27.23 R    44.0     1.7    19.2    94.8    16.0    54.1 -99.000 -99.000 -99.000 -99.000 -99.000 -9999.0 -9999.0 -9999.0 -9999.0 -9999.0
53877 20070522  1.303  -82.61   35.49    27.9     5.0    16.5    16.9     0.0    26.26 R    45.6     5.1    21.1    94.7    25.7    59.4 -99.000 -99.000 -99.000 -99.000 -99.000 -9999.0 -9999.0 -9999.0 -9999.0 -9999.0
53877 20070523  1.303  -82.61   35.49    25.9     8.8    17.4    17.5     0.0    24.81 R    44.6     8.5    22.4    96.0    49.0    73.1 -99.000 -99.000 -99.000 -99.000 -99.000 -9999.0 -9999.0 -9999.0 -9999.0 -9999.0
53877 20070524  1.303  -82.61   35.49    24.6    11.1    17.8    18.2     0.0    26.16 R    45.9    10.5    23.3    95.1    43.8    68.3 -99.000 -99.000 -99.000 -99.000 -99.000 -9999.0 -9999.0 -9999.0 -9999.0 -9999.0
53877 20070525  1.303  -82.61   35.49    26.9     7.4    17.1    17.3     0.0    22.09 R    47.7     7.3    21.6    96.2    38.7    70.4 -99.000 -99.000 -99.000 -99.000 -99.000 -9999.0 -9999.0 -9999.0 -9999.0 -9999.0
53877 20070526  1.303  -82.61   35.49    29.3     9.8    19.5    19.1     0.0    25.20 R    48.2     9.7    23.9    96.1    29.1    65.4 -99.000 -99.000 -99.000 -99.000 -99.000 -9999.0 -9999.0 -9999.0 -9999.0 -9999.0
53877 20070527  1.303  -82.61   35.49    28.6     9.1    18.8    18.8     0.0    23.40 R    49.5     8.7    23.4    96.0    31.8    66.0 -99.000 -99.000 -99.000 -99.000 -99.000 -9999.0 -9999.0 -9999.0 -9999.0 -9999.0
53877 20070528  1.303  -82.61   35.49    28.5    10.0    19.2    19.0     0.0    25.00 R    51.5    10.1    23.9    95.9    33.4    67.1 -99.000 -99.000 -99.000 -99.000 -99.000 -9999.0 -9999.0 -9999.0 -9999.0 -9999.0
53877 20070529  1.303  -82.61   35.49    29.5     8.2    18.8    18.5     0.0    27.59 R    50.1     8.1    24.0    96.1    20.2    62.8 -99.000 -99.000 -99.000 -99.000 -99.000 -9999.0 -9999.0 -9999.0 -9999.0 -9999.0
53877 20070530  1.303  -82.61   35.49    29.4     7.2    18.3    18.3     0.0    26.51 R    50.3     7.2    24.1    95.7    23.2    63.2 -99.000 -99.000 -99.000 -99.000 -99.000 -9999.0 -9999.0 -9999.0 -9999.0 -9999.0
53877 20070531  1.303  -82.61   35.49    29.6    10.4    20.0    19.4     0.0    21.36 R    49.1    10.6    24.5    92.8    30.2    65.6 -99.000 -99.000 -99.000 -99.000 -99.000 -9999.0 -9999.0 -9999.0 -9999.0 -9999.0
53877 20070601  1.303  -82.61   35.49    28.5    12.9    20.7    18.5    12.9    16.01 R    50.6    12.6    22.7    98.0    39.0    82.6 -99.000 -99.000 -99.000 -99.000 -99.000 -9999.0 -9999.0 -9999.0 -9999.0 -9999.0
53877 20070602  1.303  -82.61   35.49    23.9    13.2    18.5    17.8     0.0    13.18 R    33.4    14.2    20.9    98.2    55.1    83.4 -99.000 -99.000 -99.000 -99.000 -99.000 -9999.0 -9999.0 -9999.0 -9999.0 -9999.0
53877 20070603  1.303  -82.61   35.49    23.4    14.6    19.0    17.9     2.7    14.27 R    44.5    14.1    20.5    97.7    52.8    84.5 -99.000 -99.000 -99.000 -99.000 -99.000 -9999.0 -9999.0 -9999.0 -9999.0 -9999.0
53877 20070604  1.303  -82.61   35.49    27.7    12.4    20.1    19.8     0.0    23.60 R    44.3    12.8    23.1    97.4    33.6    67.2 -99.000 -99.000 -99.000 -99.000 -99.000 -9999.0 -9999.0 -9999.0 -9999.0 -9999.0
53877 20070605  1.303  -82.61   35.49    28.0    12.7    20.3    20.2     1.1    26.02 R    46.1    12.0    24.0    96.6    29.6    63.1 -99.000 -99.000 -99.000 -99.000 -99.000 -9999.0 -9999.0 -9999.0 -9999.0 -9999.0
53877 20070606  1.303  -82.61   35.49    27.6    11.1    19.3    18.5     0.0    26.58 R    44.7    11.4    23.3   100.0    35.1    74.0 -99.000 -99.000 -99.000 -99.000 -99.000 -9999.0 -9999.0 -9999.0 -9999.0 -9999.0
53877 20070607  1.303  -82.61   35.49    30.5     9.5    20.0    21.3     0.0    26.73 R    48.6    10.1    25.9    96.1    40.5    67.5 -99.000 -99.000 -99.000 -99.000 -99.000 -9999.0 -9999.0 -9999.0 -9999.0 -9999.0
53877 20070608  1.303  -82.61   35.49    32.6    15.8    24.2    22.9     0.0    21.84 R    52.0    15.3    27.0    96.4    37.4    73.0 -99.000 -99.000 -99.000 -99.000 -99.000 -9999.0 -9999.0 -9999.0 -9999.0 -9999.0
53877 20070609  1.303  -82.61   35.49    28.3    13.2    20.8    20.6     0.0    27.89 R    49.5    12.7    26.2    97.4    40.0    72.6 -99.000 -99.000 -99.000 -99.000 -99.000 -9999.0 -9999.0 -9999.0 -9999.0 -9999.0
53877 20070610  1.303  -82.61   35.49    30.3    12.7    21.5    20.9     0.0    27.06 R    51.0    12.3    26.8    96.6    25.5    64.3 -99.000 -99.000 -99.000 -99.000 -99.000 -9999.0 -9999.0 -9999.0 -9999.0 -9999.0
53877 20070611  1.303  -82.61   35.49    25.3    13.8    19.6    19.3     1.3    13.55 R    43.3    13.6    22.6    96.7    64.3    81.9 -99.000 -99.000 -99.000 -99.000 -99.000 -9999.0 -9999.0 -9999.0 -9999.0 -9999.0
53877 20070612  1.303  -82.61   35.49    27.2    11.4    19.3    17.4     1.2    21.19 R    51.2    11.3    22.8    98.5    38.8    85.5 -99.000 -99.000 -99.000 -99.000 -99.000 -9999.0 -9999.0 -9999.0 -9999.0 -9999.0
53877 20070613  1.303  -82.61   35.49    25.4    12.3    18.9    16.6     3.8    15.50 R    45.9    13.4    21.1   100.0    41.8    87.8 -99.000 -99.000 -99.000 -99.000 -99.000 -9999.0 -9999.0 -9999.0 -9999.0 -9999.0
53877 20070614  1.303  -82.61   35.49    25.9    10.9    18.4    17.2     1.8    21.72 R    48.0    11.8    22.7   100.0    45.4    84.2 -99.000 -99.000 -99.000 -99.000 -99.000 -9999.0 -9999.0 -9999.0 -9999.0 -9999.0
53877 20070615  1.303  -82.61   35.49    24.4    12.9    18.7    17.1     1.7    16.00 R    43.5    13.3    21.0    98.0    63.9    88.1 -99.000 -99.000 -99.000 -99.000 -99.000 -9999.0 -9999.0 -9999.0 -9999.0 -9999.0
53877 20070616  1.303  -82.61   35.49    25.8    11.7    18.8    17.8     6.0    16.79 R    42.3    12.4    21.5    97.8    56.4    90.2 -99.000 -99.000 -99.000 -99.000 -99.000 -9999.0 -9999.0 -9999.0 -9999.0 -9999.0
53877 20070617  1.303  -82.61   35.49    29.4    11.5    20.4    19.4     0.0    26.53 R    43.3    12.0    24.1   100.0    33.1    74.4 -99.000 -99.000 -99.000 -99.000 -99.000 -9999.0 -9999.0 -9999.0 -9999.0 -9999.0
53877 20070618  1.303  -82.61   35.49    31.6    10.9    21.3    19.0     2.0    19.96 R    47.3    11.4    23.2    97.4    33.7    80.2 -99.000 -99.000 -99.000 -99.000 -99.000 -9999.0 -9999.0 -9999.0 -9999.0 -9999.0
53877 20070619  1.303  -82.61   35.49    29.8    15.5    22.6    21.3     0.3    19.26 R    47.5    16.1    25.2    97.7    49.1    79.6 -99.000 -99.000 -99.000 -99.000 -99.000 -9999.0 -9999.0 -9999.0 -9999.0 -9999.0
53877 20070620  1.303  -82.61   35.49    27.5    11.7    19.6    20.9     0.3    26.26 R    46.8    11.4    25.5    96.9    36.7    66.6 -99.000 -99.000 -99.000 -99.000 -99.000 -9999.0 -9999.0 -9999.0 -9999.0 -9999.0
53877 20070621  1.303  -82.61   35.49    30.1     7.7    18.9    18.4     0.0    29.32 R    50.1     7.9    24.2    96.2    17.5    59.7 -99.000 -99.000 -99.000 -99.000 -99.000 -9999.0 -9999.0 -9999.0 -9999.0 -9999.0
53877 20070622  1.303  -82.61   35.49    29.9     7.9    18.9    19.3     0.0    25.52 R    49.2     8.3    24.7    95.6    31.1    63.5 -99.000 -99.000 -99.000 -99.000 -99.000 -9999.0 -9999.0 -9999.0 -9999.0 -9999.0
53877 20070623  1.303  -82.61   35.49    30.9    12.2    21.5    21.0     2.1    25.02 R    52.1    12.6    27.5    97.7    36.9    72.3 -99.000 -99.000 -99.000 -99.000 -99.000 -9999.0 -9999.0 -9999.0 -9999.0 -9999.0
53877 20070624  1.303  -82.61   35.49    29.1    15.5    22.3    20.7     7.6    18.75 R    46.9    16.2    24.8    97.9    56.1    89.8 -99.000 -99.000 -99.000 -99.000 -99.000 -9999.0 -9999.0 -9999.0 -9999.0 -9999.0
53877 20070625  1.303  -82.61   35.49    28.0    16.0    22.0    19.9     0.7    13.36 R    42.4    16.2    22.8    97.9    57.7    85.7 -99.000 -99.000 -99.000 -99.000 -99.000 -9999.0 -9999.0 -9999.0 -9999.0 -9999.0
53877 20070626  1.303  -82.61   35.49    28.9    15.6    22.2    20.4     0.3    16.52 R    46.4    16.1    23.8    97.1    49.4    83.1 -99.000 -99.000 -99.000 -99.000 -99.000 -9999.0 -9999.0 -9999.0 -9999.0 -9999.0
53877 20070627  1.303  -82.61   35.49    30.9    13.9    22.4    20.9     1.2    21.65 R    48.6    14.4    25.6    97.7    41.4    84.5 -99.000 -99.000 -99.000 -99.000 -99.000 -9999.0 -9999.0 -9999.0 -9999.0 -9999.0
53877 20070628  1.303  -82.61   35.49    30.0    15.0    22.5    21.4     0.0    18.66 R    48.2    15.3    25.3    98.2    46.8    81.6 -99.000 -99.000 -99.000 -99.000 -99.000 -9999.0 -9999.0 -9999.0 -9999.0 -9999.0
53877 20070629  1.303  -82.61   35.49    29.7    16.4    23.0    22.1     0.4    17.94 R    50.0    16.1    25.6    97.0    52.1    79.7 -99.000 -99.000 -99.000 -99.000 -99.000 -9999.0 -9999.0 -9999.0 -9999.0 -9999.0
53877 20070630  1.303  -82.61   35.49    30.3    15.5    22.9    22.2     0.0    18.51 R    51.0    15.6    26.0    96.1    44.7    74.4 -99.000 -99.000 -99.000 -99.000 -99.000 -9999.0 -9999.0 -9999.0 -9999.0 -9999.0
53877 20070701  1.303  -82.61   35.49    29.9    16.1    23.0    22.1     0.0    20.42 R    52.0    16.0    27.4    96.7    45.3    74.4 -99.000 -99.000 -99.000 -99.000 -99.000 -9999.0 -9999.0 -9999.0 -9999.0 -9999.0
53877 20070702  1.303  -82.61   35.49    20.4    14.3    17.4    18.0     3.2     5.54 R    28.3    14.6    20.2    97.6    69.9    83.9 -99.000 -99.000 -99.000 -99.000 -99.000 -9999.0 -9999.0 -9999.0 -9999.0 -9999.0
53877 20070703  1.303  -82.61   35.49    26.4    12.6    19.5    19.1     0.0    20.88 R    43.5    12.8    23.5    97.8    48.2    77.3 -99.000 -99.000 -99.000 -99.000 -99.000 -9999.0 -9999.0 -9999.0 -9999.0 -9999.0
53877 20070704  1.303  -82.61   35.49    28.6    12.0    20.3    20.5     0.0    24.86 R    50.5    12.2    26.1    96.5    42.8    73.4 -99.000 -99.000 -99.000 -99.000 -99.000 -9999.0 -9999.0 -9999.0 -9999.0 -9999.0
53877 20070705  1.303  -82.61   35.49    30.3    12.8    21.6    21.9     0.0    21.31 R    51.7    12.8    26.7    96.6    43.3    72.4 -99.000 -99.000 -99.000 -99.000 -99.000 -9999.0 -9999.0 -9999.0 -9999.0 -9999.0
53877 20070706  1.303  -82.61   35.49    30.0    15.8    22.9    21.0     1.5    14.05 R    51.7    15.8    24.7    97.4    44.9    84.3 -99.000 -99.000 -99.000 -99.000 -99.000 -9999.0 -9999.0 -9999.0 -9999.0 -9999.0
53877 20070707  1.303  -82.61   35.49    28.2    14.7    21.5    20.9     0.0    14.95 R    44.1    14.9    24.4    97.5    53.0    80.6 -99.000 -99.000 -99.000 -99.000 -99.000 -9999.0 -9999.0 -9999.0 -9999.0 -9999.0
53877 20070708  1.303  -82.61   35.49    31.2    14.9    23.1    23.0     0.0    24.81 R    53.0    14.7    28.9    98.6    34.1    72.8 -99.000 -99.000 -99.000 -99.000 -99.000 -9999.0 -9999.0 -9999.0 -9999.0 -9999.0
53877 20070709  1.303  -82.61   35.49    32.0    15.3    23.6    21.9    22.1    18.43 R    55.0    15.3    26.8    98.0    38.5    79.7 -99.000 -99.000 -99.000 -99.000 -99.000 -9999.0 -9999.0 -9999.0 -9999.0 -9999.0
53877 20070710  1.303  -82.61   35.49    30.0    17.5    23.7    22.2     0.0    19.77 R    46.7    18.7    26.1    98.1    51.7    81.8 -99.000 -99.000 -99.000 -99.000 -99.000 -9999.0 -9999.0 -9999.0 -9999.0 -9999.0
53877 20070711  1.303  -82.61   35.49    27.1    16.7    21.9    21.0     1.6    12.11 R    38.9    16.6    23.3    96.7    60.7    85.2 -99.000 -99.000 -99.000 -99.000 -99.000 -9999.0 -9999.0 -9999.0 -9999.0 -9999.0
53877 20070712  1.303  -82.61   35.49    28.5    13.6    21.1    20.0     0.0    23.08 R    43.2    13.4    23.4    97.2    33.3    69.3 -99.000 -99.000 -99.000 -99.000 -99.000 -9999.0 -9999.0 -9999.0 -9999.0 -9999.0
53877 20070713  1.303  -82.61   35.49    21.6    12.2    16.9    16.1     0.2     7.95 R    29.7    12.9    18.1    96.4    63.3    87.0 -99.000 -99.000 -99.000 -99.000 -99.000 -9999.0 -9999.0 -9999.0 -9999.0 -9999.0
53877 20070714  1.303  -82.61   35.49    26.1    10.4    18.2    18.5     0.0    17.32 R    41.3    11.2    21.8    97.6    57.6    77.8 -99.000 -99.000 -99.000 -99.000 -99.000 -9999.0 -9999.0 -9999.0 -9999.0 -9999.0
53877 20070715  1.303  -82.61   35.49    27.7    14.0    20.8    20.5     0.0    16.52 R    42.3    14.0    23.4    96.2    53.3    79.9 -99.000 -99.000 -99.000 -99.000 -99.000 -9999.0 -9999.0 -9999.0 -9999.0 -9999.0
53877 20070716  1.303  -82.61   35.49    29.9    13.7    21.8    20.3    19.8    18.44 R    45.8    13.8    24.0    97.9    46.9    83.6 -99.000 -99.000 -99.000 -99.000 -99.000 -9999.0 -9999.0 -9999.0 -9999.0 -9999.0
53877 20070717  1.303  -82.61   35.49    27.9    16.0    22.0    21.0     0.0    14.11 R    38.9    16.7    23.6    98.3    57.4    87.0 -99.000 -99.000 -99.000 -99.000 -99.000 -9999.0 -9999.0 -9999.0 -9999.0 -9999.0
53877 20070718  1.303  -82.61   35.49    28.6    15.8    22.2    20.5     0.7    16.55 R    41.9    16.2    23.4    97.7    52.8    86.4 -99.000 -99.000 -99.000 -99.000 -99.000 -9999.0 -9999.0 -9999.0 -9999.0 -9999.0
53877 20070719  1.303  -82.61   35.49    30.2    14.6    22.4    21.5     0.0    16.99 R    41.8    15.1    23.9    97.3    50.1    82.8 -99.000 -99.000 -99.000 -99.000 -99.000 -9999.0 -9999.0 -9999.0 -9999.0 -9999.0
53877 20070720  1.303  -82.61   35.49    27.2    16.5    21.9    21.5     0.0    16.08 R    39.2    16.0    23.3    96.9    54.9    78.3 -99.000 -99.000 -99.000 -99.000 -99.000 -9999.0 -9999.0 -9999.0 -9999.0 -9999.0
53877 20070721  1.303  -82.61   35.49    26.9    11.7    19.3    19.3     0.0    24.41 R    40.7    11.8    22.9    96.6    32.8    68.4 -99.000 -99.000 -99.000 -99.000 -99.000 -9999.0 -9999.0 -9999.0 -9999.0 -9999.0
53877 20070722  1.303  -82.61   35.49    25.3    11.6    18.4    17.5     1.2    19.08 R    40.9    12.5    21.2    96.9    43.7    77.4 -99.000 -99.000 -99.000 -99.000 -99.000 -9999.0 -9999.0 -9999.0 -9999.0 -9999.0
53877 20070723  1.303  -82.61   35.49    24.8     9.6    17.2    16.0     5.2    17.42 R    38.9    10.3    19.4    97.5    45.2    86.3 -99.000 -99.000 -99.000 -99.000 -99.000 -9999.0 -9999.0 -9999.0 -9999.0 -9999.0
53877 20070724  1.303  -82.61   35.49    22.4    14.3    18.3    17.6     1.1     8.47 R    31.6    14.9    19.7    97.7    64.5    91.9 -99.000 -99.000 -99.000 -99.000 -99.000 -9999.0 -9999.0 -9999.0 -9999.0 -9999.0
53877 20070725  1.303  -82.61   35.49    25.8    15.6    20.7    18.5    42.1    11.03 R    39.1    16.2    20.5    97.8    57.2    89.2 -99.000 -99.000 -99.000 -99.000 -99.000 -9999.0 -9999.0 -9999.0 -9999.0 -9999.0
53877 20070726  1.303  -82.61   35.49    27.2    16.1    21.7    20.1     0.4    19.83 R    37.2    16.5    23.1    98.3    46.5    87.3 -99.000 -99.000 -99.000 -99.000 -99.000 -9999.0 -9999.0 -9999.0 -9999.0 -9999.0
53877 20070727  1.303  -82.61   35.49    28.3    13.9    21.1    19.1     4.8    14.98 R    36.7    14.7    21.5    98.0    56.8    88.6 -99.000 -99.000 -99.000 -99.000 -99.000 -9999.0 -9999.0 -9999.0 -9999.0 -9999.0
53877 20070728  1.303  -82.61   35.49    22.8    17.2    20.0    19.6    10.9     8.06 R    29.2    18.2    21.4    97.9    78.0    93.8 -99.000 -99.000 -99.000 -99.000 -99.000 -9999.0 -9999.0 -9999.0 -9999.0 -9999.0
53877 20070729  1.303  -82.61   35.49    26.3    19.4    22.9    22.1     3.0    15.37 R    36.6    19.8    24.4    97.7    69.3    88.0 -99.000 -99.000 -99.000 -99.000 -99.000 -9999.0 -9999.0 -9999.0 -9999.0 -9999.0
53877 20070730  1.303  -82.61   35.49    27.9    16.8    22.3    20.8     5.6    14.68 R    37.3    17.4    23.1    98.9    62.7    92.5 -99.000 -99.000 -99.000 -99.000 -99.000 -9999.0 -9999.0 -9999.0 -9999.0 -9999.0
53877 20070731  1.303  -82.61   35.49    28.5    16.9    22.7    21.5     0.0    22.18 R    36.4    17.6    24.2   100.0    50.1    84.4 -99.000 -99.000 -99.000 -99.000 -99.000 -9999.0 -9999.0 -9999.0 -9999.0 -9999.0
53877 20070801  1.303  -82.61   35.49    29.0    15.8    22.4    21.7     0.0    20.68 R    37.2    16.3    24.1   100.0    47.5    81.9 -99.000 -99.000 -99.000 -99.000 -99.000 -9999.0 -9999.0 -9999.0 -9999.0 -9999.0
53877 20070802  1.303  -82.61   35.49    29.0    16.5    22.7    21.6     0.0    17.58 R    36.5    16.8    23.5    96.7    48.9    82.8 -99.000 -99.000 -99.000 -99.000 -99.000 -9999.0 -9999.0 -9999.0 -9999.0 -9999.0
53877 20070803  1.303  -82.61   35.49    29.7    15.9    22.8    21.6     0.0    23.86 R    36.7    16.1    24.1   100.0    43.3    80.5 -99.000 -99.000 -99.000 -99.000 -99.000 -9999.0 -9999.0 -9999.0 -9999.0 -9999.0
53877 20070804  1.303  -82.61   35.49    30.6    14.8    22.7    21.8     0.0    21.55 R    37.0    15.2    23.8    96.4    46.2    79.5 -99.000 -99.000 -99.000 -99.000 -99.000 -9999.0 -9999.0 -9999.0 -9999.0 -9999.0
53877 20070805  1.303  -82.61   35.49    28.9    15.3    22.1    21.5     2.2    16.69 R    37.6    15.6    23.4    96.9    57.2    87.7 -99.000 -99.000 -99.000 -99.000 -99.000 -9999.0 -9999.0 -9999.0 -9999.0 -9999.0
53877 20070806  1.303  -82.61   35.49    30.7    17.2    23.9    23.2     0.0    18.15 R    36.4    17.5    24.5    97.1    54.4    83.2 -99.000 -99.000 -99.000 -99.000 -99.000 -9999.0 -9999.0 -9999.0 -9999.0 -9999.0
53877 20070807  1.303  -82.61   35.49    31.7    16.8    24.3    23.7     0.0    21.11 R    38.3    16.7    25.4    97.0    48.7    81.4 -99.000 -99.000 -99.000 -99.000 -99.000 -9999.0 -9999.0 -9999.0 -9999.0 -9999.0
53877 20070808  1.303  -82.61   35.49    32.6    17.7    25.2    23.6    25.1    17.40 R    39.9    17.6    25.1    98.0    48.0    87.3 -99.000 -99.000 -99.000 -99.000 -99.000 -9999.0 -9999.0 -9999.0 -9999.0 -9999.0
53877 20070809  1.303  -82.61   35.49    33.2    17.8    25.5    24.3     0.0    22.91 R    38.5    17.9    26.0    97.7    47.9    82.8 -99.000 -99.000 -99.000 -99.000 -99.000 -9999.0 -9999.0 -9999.0 -9999.0 -9999.0
53877 20070810  1.303  -82.61   35.49    32.6    16.9    24.7    24.1     0.0    20.89 R    39.0    17.0    25.3    96.7    47.8    78.5 -99.000 -99.000 -99.000 -99.000 -99.000 -9999.0 -9999.0 -9999.0 -9999.0 -9999.0
53877 20070811  1.303  -82.61   35.49    30.8    17.0    23.9    23.4     0.0    21.47 R    37.4    16.8    24.8    96.8    46.7    77.5 -99.000 -99.000 -99.000 -99.000 -99.000 -9999.0 -9999.0 -9999.0 -9999.0 -9999.0
53877 20070812  1.303  -82.61   35.49    29.3    19.6    24.4    23.6     6.4    22.17 R    35.8    19.4    25.7    97.5    58.9    83.7 -99.000 -99.000 -99.000 -99.000 -99.000 -9999.0 -9999.0 -9999.0 -9999.0 -9999.0
53877 20070813  1.303  -82.61   35.49    30.2    15.7    23.0    22.4     0.0    20.29 R    36.2    15.7    23.7    96.8    42.3    77.8 -99.000 -99.000 -99.000 -99.000 -99.000 -9999.0 -9999.0 -9999.0 -9999.0 -9999.0
53877 20070814  1.303  -82.61   35.49    30.2    14.0    22.1    20.9     0.0    23.12 R    35.3    14.0    22.4    96.2    31.2    75.2 -99.000 -99.000 -99.000 -99.000 -99.000 -9999.0 -9999.0 -9999.0 -9999.0 -9999.0
53877 20070815  1.303  -82.61   35.49    32.5    12.3    22.4    21.7     0.0    23.17 R    36.8    12.4    23.0    96.0    33.1    72.9 -99.000 -99.000 -99.000 -99.000 -99.000 -9999.0 -9999.0 -9999.0 -9999.0 -9999.0
53877 20070816  1.303  -82.61   35.49    33.9    15.5    24.7    22.9     0.0    20.21 R    37.9    15.5    24.2    96.0    39.7    78.4 -99.000 -99.000 -99.000 -99.000 -99.000 -9999.0 -9999.0 -9999.0 -9999.0 -9999.0
53877 20070817  1.303  -82.61   35.49    32.3    17.2    24.7    23.1     0.0    15.32 R    37.5    16.2    23.6    96.0    42.4    77.2 -99.000 -99.000 -99.000 -99.000 -99.000 -9999.0 -9999.0 -9999.0 -9999.0 -9999.0
53877 20070818  1.303  -82.61   35.49    32.0    13.8    22.9    22.2     0.0    22.02 R    36.8    13.2    23.1    96.3    25.5    73.5 -99.000 -99.000 -99.000 -99.000 -99.000 -9999.0 -9999.0 -9999.0 -9999.0 -9999.0
53877 20070819  1.303  -82.61   35.49    31.1    14.6    22.8    22.4     0.0    20.52 R    38.6    14.6    23.9    95.9    51.1    79.3 -99.000 -99.000 -99.000 -99.000 -99.000 -9999.0 -9999.0 -9999.0 -9999.0 -9999.0
53877 20070820  1.303  -82.61   35.49    31.7    15.4    23.6    22.8     0.0    18.65 R    39.6    15.0    23.8    96.1    41.3    75.9 -99.000 -99.000 -99.000 -99.000 -99.000 -9999.0 -9999.0 -9999.0 -9999.0 -9999.0
53877 20070821  1.303  -82.61   35.49    33.8    15.6    24.7    22.5     0.5    17.16 R    42.8    15.4    24.0    96.3    39.7    81.1 -99.000 -99.000 -99.000 -99.000 -99.000 -9999.0 -9999.0 -9999.0 -9999.0 -9999.0
53877 20070822  1.303  -82.61   35.49    32.9    16.7    24.8    24.1     0.0    21.51 R    42.1    16.4    26.1    96.6    41.0    75.1 -99.000 -99.000 -99.000 -99.000 -99.000 -9999.0 -9999.0 -9999.0 -9999.0 -9999.0
53877 20070823  1.303  -82.61   35.49    32.5    17.6    25.0    23.9     0.0    18.15 R    47.1    17.3    26.4    96.2    51.2    78.1 -99.000 -99.000 -99.000 -99.000 -99.000 -9999.0 -9999.0 -9999.0 -9999.0 -9999.0
53877 20070824  1.303  -82.61   35.49    33.0    16.5    24.7    21.7     1.0    13.87 R    46.7    16.4    24.1    97.3    42.7    84.5 -99.000 -99.000 -99.000 -99.000 -99.000 -9999.0 -9999.0 -9999.0 -9999.0 -9999.0
53877 20070825  1.303  -82.61   35.49    31.9    17.1    24.5    22.4     0.0    15.15 R    45.9    17.3    25.1    97.7    43.4    81.2 -99.000 -99.000 -99.000 -99.000 -99.000 -9999.0 -9999.0 -9999.0 -9999.0 -9999.0
53877 20070826  1.303  -82.61   35.49    30.2    16.0    23.1    21.4     0.0    13.44 R    45.6    15.9    23.7    96.6    50.2    82.0 -99.000 -99.000 -99.000 -99.000 -99.000 -9999.0 -9999.0 -9999.0 -9999.0 -9999.0
53877 20070827  1.303  -82.61   35.49    29.0    15.8    22.4    21.8     0.0    18.24 R    44.1    15.9    25.2    96.9    56.2    81.1 -99.000 -99.000 -99.000 -99.000 -99.000 -9999.0 -9999.0 -9999.0 -9999.0 -9999.0
53877 20070828  1.303  -82.61   35.49    30.8    16.2    23.5    21.7     0.5    17.92 R    46.2    15.9    25.3    97.2    46.1    83.7 -99.000 -99.000 -99.000 -99.000 -99.000 -9999.0 -9999.0 -9999.0 -9999.0 -9999.0
53877 20070829  1.303  -82.61   35.49    31.0    16.0    23.5    21.3     0.2    14.75 R    47.9    16.0    24.4    96.6    50.4    84.5 -99.000 -99.000 -99.000 -99.000 -99.000 -9999.0 -9999.0 -9999.0 -9999.0 -9999.0
53877 20070830  1.303  -82.61   35.49    28.4    18.6    23.5    21.5    29.8     9.17 R    43.3    19.2    23.5    97.4    60.8    87.3 -99.000 -99.000 -99.000 -99.000 -99.000 -9999.0 -9999.0 -9999.0 -9999.0 -9999.0
53877 20070831  1.303  -82.61   35.49    27.7    17.4    22.6    21.0     0.0    15.82 R    38.2    17.6    23.8    97.7    55.7    86.7 -99.000 -99.000 -99.000 -99.000 -99.000 -9999.0 -9999.0 -9999.0 -9999.0 -9999.0
53877 20070901  1.303  -82.61   35.49    26.2    15.6    20.9    20.6     0.0    15.46 R    35.9    15.9    23.1    98.3    60.2    83.8 -99.000 -99.000 -99.000 -99.000 -99.000 -9999.0 -9999.0 -9999.0 -9999.0 -9999.0
53877 20070902  1.303  -82.61   35.49    25.9    15.3    20.6    20.0     0.0    18.58 R    37.2    15.2    23.1    95.7    57.6    79.8 -99.000 -99.000 -99.000 -99.000 -99.000 -9999.0 -9999.0 -9999.0 -9999.0 -9999.0
53877 20070903  1.303  -82.61   35.49    28.7    12.5    20.6    19.7     0.0    18.31 R    39.6    13.0    22.2    97.1    47.0    80.0 -99.000 -99.000 -99.000 -99.000 -99.000 -9999.0 -9999.0 -9999.0 -9999.0 -9999.0
53877 20070904  1.303  -82.61   35.49    30.0    13.1    21.5    19.9     0.0    22.51 R    40.6    12.8    22.7    97.4    27.7    72.9 -99.000 -99.000 -99.000 -99.000 -99.000 -9999.0 -9999.0 -9999.0 -9999.0 -9999.0
53877 20070905  1.303  -82.61   35.49    30.4    10.2    20.3    19.2     0.0    20.11 R    41.1    10.4    21.6    95.7    30.1    72.7 -99.000 -99.000 -99.000 -99.000 -99.000 -9999.0 -9999.0 -9999.0 -9999.0 -9999.0
53877 20070906  1.303  -82.61   35.49    29.3    12.3    20.8    19.8     0.0    19.61 R    41.4    12.4    22.5    95.7    38.4    76.2 -99.000 -99.000 -99.000 -99.000 -99.000 -9999.0 -9999.0 -9999.0 -9999.0 -9999.0
53877 20070907  1.303  -82.61   35.49    28.6    12.7    20.7    20.0     0.0    20.47 R    43.3    12.8    22.8    96.0    41.1    76.6 -99.000 -99.000 -99.000 -99.000 -99.000 -9999.0 -9999.0 -9999.0 -9999.0 -9999.0
53877 20070908  1.303  -82.61   35.49    30.1    11.7    20.9    19.7     0.0    20.65 R    43.2    11.2    22.6    96.0    35.3    74.6 -99.000 -99.000 -99.000 -99.000 -99.000 -9999.0 -9999.0 -9999.0 -9999.0 -9999.0
53877 20070909  1.303  -82.61   35.49    30.9    11.5    21.2    20.4     0.0    19.79 R    44.0    11.5    23.6    95.8    35.0    73.9 -99.000 -99.000 -99.000 -99.000 -99.000 -9999.0 -9999.0 -9999.0 -9999.0 -9999.0
53877 20070910  1.303  -82.61   35.49    29.1    15.3    22.2    20.7     0.0     9.66 R    42.7    15.0    22.5    95.7    43.8    83.0 -99.000 -99.000 -99.000 -99.000 -99.000 -9999.0 -9999.0 -9999.0 -9999.0 -9999.0
53877 20070911  1.303  -82.61   35.49    28.4    14.3    21.4    20.2     0.0     9.35 R    43.3    13.9    21.2    96.2    45.5    79.7 -99.000 -99.000 -99.000 -99.000 -99.000 -9999.0 -9999.0 -9999.0 -9999.0 -9999.0
53877 20070912  1.303  -82.61   35.49    28.2    14.9    21.6    20.6     0.0    19.18 R    45.7    14.3    24.0    96.3    43.8    73.7 -99.000 -99.000 -99.000 -99.000 -99.000 -9999.0 -9999.0 -9999.0 -9999.0 -9999.0
53877 20070913  1.303  -82.61   35.49    24.9    14.5    19.7    20.3     0.0    11.38 R    38.7    14.1    23.0    90.0    67.6    79.0 -99.000 -99.000 -99.000 -99.000 -99.000 -9999.0 -9999.0 -9999.0 -9999.0 -9999.0
53877 20070914  1.303  -82.61   35.49    22.8    16.9    19.9    19.3    60.3     4.11 R    27.1    15.8    20.4    97.2    83.8    95.2 -99.000 -99.000 -99.000 -99.000 -99.000 -9999.0 -9999.0 -9999.0 -9999.0 -9999.0
53877 20070915  1.303  -82.61   35.49    21.5     9.0    15.2    16.2     0.0    17.87 R    33.8    10.0    18.2    97.3    49.4    80.4 -99.000 -99.000 -99.000 -99.000 -99.000 -9999.0 -9999.0 -9999.0 -9999.0 -9999.0
53877 20070916  1.303  -82.61   35.49    21.3     5.0    13.2    13.3     0.0    18.77 R    33.4     6.2    16.5    96.3    50.2    77.7 -99.000 -99.000 -99.000 -99.000 -99.000 -9999.0 -9999.0 -9999.0 -9999.0 -9999.0
53877 20070917  1.303  -82.61   35.49    23.0     7.9    15.5    14.7     0.0    17.13 R    33.2     8.6    17.6    96.0    53.1    80.7 -99.000 -99.000 -99.000 -99.000 -99.000 -9999.0 -9999.0 -9999.0 -9999.0 -9999.0
53877 20070918  1.303  -82.61   35.49    23.9     7.6    15.7    14.7     0.0    20.42 R    33.4     7.7    17.2    96.3    42.2    78.1 -99.000 -99.000 -99.000 -99.000 -99.000 -9999.0 -9999.0 -9999.0 -9999.0 -9999.0
53877 20070919  1.303  -82.61   35.49    25.3     7.6    16.4    15.7     0.0    19.89 R    36.6     7.7    18.2    96.1    47.9    78.3 -99.000 -99.000 -99.000 -99.000 -99.000 -9999.0 -9999.0 -9999.0 -9999.0 -9999.0
53877 20070920  1.303  -82.61   35.49    22.1     7.7    14.9    15.8     0.0     8.75 R    32.5     7.6    17.6    96.0    62.7    84.3 -99.000 -99.000 -99.000 -99.000 -99.000 -9999.0 -9999.0 -9999.0 -9999.0 -9999.0
53877 20070921  1.303  -82.61   35.49    22.6    17.5    20.1    19.4     0.0     6.63 R    32.2    17.9    20.9    94.0    70.8    85.8 -99.000 -99.000 -99.000 -99.000 -99.000 -9999.0 -9999.0 -9999.0 -9999.0 -9999.0
53877 20070922  1.303  -82.61   35.49    28.5    15.5    22.0    21.1     0.0    18.08 R    39.5    14.9    23.6    96.3    42.2    81.2 -99.000 -99.000 -99.000 -99.000 -99.000 -9999.0 -9999.0 -9999.0 -9999.0 -9999.0
53877 20070923  1.303  -82.61   35.49    29.0    13.8    21.4    19.8     0.0    17.36 R    40.0    13.4    21.9   100.0    44.4    82.5 -99.000 -99.000 -99.000 -99.000 -99.000 -9999.0 -9999.0 -9999.0 -9999.0 -9999.0
53877 20070924  1.303  -82.61   35.49    29.1    12.4    20.8    19.4     0.0    18.19 R    39.6    12.1    21.5    96.2    43.6    80.6 -99.000 -99.000 -99.000 -99.000 -99.000 -9999.0 -9999.0 -9999.0 -9999.0 -9999.0
53877 20070925  1.303  -82.61   35.49    28.6    12.5    20.5    18.9     0.0    15.00 R    38.6    12.1    20.6    96.2    43.7    82.0 -99.000 -99.000 -99.000 -99.000 -99.000 -9999.0 -9999.0 -9999.0 -9999.0 -9999.0
53877 20070926  1.303  -82.61   35.49    28.0    11.9    19.9    18.1     0.0    15.78 R    38.6    10.9    20.3   100.0    45.6    84.2 -99.000 -99.000 -99.000 -99.000 -99.000 -9999.0 -9999.0 -9999.0 -9999.0 -9999.0
53877 20070927  1.303  -82.61   35.49    26.8     9.2    18.0    17.0     0.0    15.41 R    37.8     9.2    19.2    96.0    44.5    82.3 -99.000 -99.000 -99.000 -99.000 -99.000 -9999.0 -9999.0 -9999.0 -9999.0 -9999.0
53877 20070928  1.303  -82.61   35.49    24.2     7.1    15.7    16.4     0.0    18.86 R    36.1     6.3    17.8    96.7    32.3    69.4 -99.000 -99.000 -99.000 -99.000 -99.000 -9999.0 -9999.0 -9999.0 -9999.0 -9999.0
53877 20070929  1.303  -82.61   35.49    24.0     2.5    13.3    11.7     0.0    19.48 R    36.4     2.4    14.1    95.8    20.4    70.9 -99.000 -99.000 -99.000 -99.000 -99.000 -9999.0 -9999.0 -9999.0 -9999.0 -9999.0
53877 20070930  1.303  -82.61   35.49    22.4     2.1    12.2    11.4     0.0    18.80 R    35.6     2.1    14.0    95.6    36.6    75.0 -99.000 -99.000 -99.000 -99.000 -99.000 -9999.0 -9999.0 -9999.0 -9999.0 -9999.0
53877 20071001  1.303  -82.61   35.49    22.8     2.7    12.7    12.0     0.0    18.49 R    35.9     2.6    14.7    95.8    40.3    77.4 -99.000 -99.000 -99.000 -99.000 -99.000 -9999.0 -9999.0 -9999.0 -9999.0 -9999.0
53877 20071002  1.303  -82.61   35.49    23.8     4.6    14.2    14.2     0.0    18.31 R    36.9     4.5    17.1    95.8    40.7    76.5 -99.000 -99.000 -99.000 -99.000 -99.000 -9999.0 -9999.0 -9999.0 -9999.0 -9999.0
53877 20071003  1.303  -82.61   35.49    22.9    16.0    19.4    18.9     0.6     6.38 R    33.4    16.8    20.5    96.6    65.9    84.6 -99.000 -99.000 -99.000 -99.000 -99.000 -9999.0 -9999.0 -9999.0 -9999.0 -9999.0
53877 20071004  1.303  -82.61   35.49    21.2    17.5    19.3    19.2     8.8     4.06 R    55.9    18.0    20.6    97.1    89.8    95.9 -99.000 -99.000 -99.000 -99.000 -99.000 -9999.0 -9999.0 -9999.0 -9999.0 -9999.0
53877 20071005  1.303  -82.61   35.49    24.5    16.5    20.5    19.7     4.2     9.86 R    37.3    16.4    21.3    97.0    66.4    90.5 -99.000 -99.000 -99.000 -99.000 -99.000 -9999.0 -9999.0 -9999.0 -9999.0 -9999.0
53877 20071006  1.303  -82.61   35.49    25.8    13.7    19.8    18.6     0.0    15.12 R    36.9    13.3    20.6    97.0    54.5    86.5 -99.000 -99.000 -99.000 -99.000 -99.000 -9999.0 -9999.0 -9999.0 -9999.0 -9999.0
53877 20071007  1.303  -82.61   35.49    27.2    12.7    19.9    17.9     0.0    17.02 R    35.7    12.5    20.4    99.8    51.0    86.6 -99.000 -99.000 -99.000 -99.000 -99.000 -9999.0 -9999.0 -9999.0 -9999.0 -9999.0
53877 20071008  1.303  -82.61   35.49    27.4    10.4    18.9    17.7     0.0    17.04 R    35.9    10.6    19.5    96.2    47.1    82.8 -99.000 -99.000 -99.000 -99.000 -99.000 -9999.0 -9999.0 -9999.0 -9999.0 -9999.0
53877 20071009  1.303  -82.61   35.49    28.1    11.8    20.0    18.0     2.2    12.21 R    37.3    11.7    19.8    97.1    39.0    87.0 -99.000 -99.000 -99.000 -99.000 -99.000 -9999.0 -9999.0 -9999.0 -9999.0 -9999.0
53877 20071010  1.303  -82.61   35.49    24.7     8.7    16.7    16.5     0.0    17.03 R    32.6     8.8    17.4    97.1    28.5    70.4 -99.000 -99.000 -99.000 -99.000 -99.000 -9999.0 -9999.0 -9999.0 -9999.0 -9999.0
53877 20071011  1.303  -82.61   35.49    14.7     5.2     9.9    10.1     0.0    17.02 R    30.2     4.4    12.3    86.6    41.4    58.3 -99.000 -99.000 -99.000 -99.000 -99.000 -9999.0 -9999.0 -9999.0 -9999.0 -9999.0
53877 20071012  1.303  -82.61   35.49    16.5     3.6    10.1    10.2     0.0    16.06 R    32.8     3.2    12.9    94.9    44.4    68.1 -99.000 -99.000 -99.000 -99.000 -99.000 -9999.0 -9999.0 -9999.0 -9999.0 -9999.0
53877 20071013  1.303  -82.61   35.49    20.2     0.3    10.3     8.9     0.0    15.72 R    34.9     0.6    11.9    95.6    39.3    78.1 -99.000 -99.000 -99.000 -99.000 -99.000 -9999.0 -9999.0 -9999.0 -9999.0 -9999.0
53877 20071014  1.303  -82.61   35.49    23.7     2.5    13.1    11.5     0.0    15.49 R    37.6     2.6    14.2    95.7    36.6    77.5 -99.000 -99.000 -99.000 -99.000 -99.000 -9999.0 -9999.0 -9999.0 -9999.0 -9999.0
53877 20071015  1.303  -82.61   35.49    24.1     4.6    14.3    13.6     0.0    15.21 R    38.4     4.1    15.7    95.9    41.1    74.6 -99.000 -99.000 -99.000 -99.000 -99.000 -9999.0 -9999.0 -9999.0 -9999.0 -9999.0
53877 20071016  1.303  -82.61   35.49    20.4     9.3    14.8    14.5     0.0     7.40 R    26.6     8.1    15.3    95.7    65.9    84.3 -99.000 -99.000 -99.000 -99.000 -99.000 -9999.0 -9999.0 -9999.0 -9999.0 -9999.0
53877 20071017  1.303  -82.61   35.49    23.4     9.1    16.3    16.4     0.0    12.32 R    39.1     8.3    18.4    97.2    58.9    81.2 -99.000 -99.000 -99.000 -99.000 -99.000 -9999.0 -9999.0 -9999.0 -9999.0 -9999.0
53877 20071018  1.303  -82.61   35.49    22.3    17.0    19.7    19.5     0.5     4.23 R    34.4    16.0    19.7    92.1    65.6    81.1 -99.000 -99.000 -99.000 -99.000 -99.000 -9999.0 -9999.0 -9999.0 -9999.0 -9999.0
53877 20071019  1.303  -82.61   35.49    23.2     8.0    15.6    17.4     2.9     5.41 R    31.6     7.1    17.8    96.3    58.3    87.9 -99.000 -99.000 -99.000 -99.000 -99.000 -9999.0 -9999.0 -9999.0 -9999.0 -9999.0
53877 20071020  1.303  -82.61   35.49    20.7     3.4    12.1    11.0     0.0    15.36 R    33.5     3.0    12.4    96.6    24.8    71.3 -99.000 -99.000 -99.000 -99.000 -99.000 -9999.0 -9999.0 -9999.0 -9999.0 -9999.0
53877 20071021  1.303  -82.61   35.49    22.7    -0.1    11.3    10.6     0.0    14.97 R    36.3     0.2    12.3    95.8    30.8    70.9 -99.000 -99.000 -99.000 -99.000 -99.000 -9999.0 -9999.0 -9999.0 -9999.0 -9999.0
53877 20071022  1.303  -82.61   35.49    17.9     5.5    11.7    13.5    21.8     5.08 R    40.7     5.2    15.3    97.0    82.6    92.9 -99.000 -99.000 -99.000 -99.000 -99.000 -9999.0 -9999.0 -9999.0 -9999.0 -9999.0
53877 20071023  1.303  -82.61   35.49    22.7    16.9    19.8    19.5    22.2     5.67 R    44.2    17.2    19.8    96.9    73.4    88.9 -99.000 -99.000 -99.000 -99.000 -99.000 -9999.0 -9999.0 -9999.0 -9999.0 -9999.0
53877 20071024  1.303  -82.61   35.49    18.8    13.4    16.1    14.7    10.4     2.82 R    22.6    14.2    16.5    96.9    87.3    95.2 -99.000 -99.000 -99.000 -99.000 -99.000 -9999.0 -9999.0 -9999.0 -9999.0 -9999.0
53877 20071025  1.303  -82.61   35.49    18.2    12.4    15.3    14.5     0.4     9.52 R    29.8    11.8    16.2    96.2    56.7    79.4 -99.000 -99.000 -99.000 -99.000 -99.000 -9999.0 -9999.0 -9999.0 -9999.0 -9999.0
53877 20071026  1.303  -82.61   35.49    20.0     6.9    13.5    13.7     0.0    10.78 R    30.2     6.6    15.6    95.7    50.6    81.1 -99.000 -99.000 -99.000 -99.000 -99.000 -9999.0 -9999.0 -9999.0 -9999.0 -9999.0
53877 20071027  1.303  -82.61   35.49    16.9     5.5    11.2    10.8     0.0    13.63 R    27.9     5.5    12.9   100.0    44.6    74.2 -99.000 -99.000 -99.000 -99.000 -99.000 -9999.0 -9999.0 -9999.0 -9999.0 -9999.0
53877 20071028  1.303  -82.61   35.49    15.3     1.3     8.3    10.6     0.0    10.80 R    29.1     1.3    11.9    94.4    49.4    66.3 -99.000 -99.000 -99.000 -99.000 -99.000 -9999.0 -9999.0 -9999.0 -9999.0 -9999.0
53877 20071029  1.303  -82.61   35.49    15.2    -1.7     6.7     4.6     0.0    14.50 R    26.4    -1.8     6.9    95.6    34.1    75.2 -99.000 -99.000 -99.000 -99.000 -99.000 -9999.0 -9999.0 -9999.0 -9999.0 -9999.0
53877 20071030  1.303  -82.61   35.49    18.9    -3.7     7.6     5.2     0.0    14.57 R    28.2    -3.7     6.5    96.3    20.5    71.5 -99.000 -99.000 -99.000 -99.000 -99.000 -9999.0 -9999.0 -9999.0 -9999.0 -9999.0
53877 20071031  1.303  -82.61   35.49    19.3    -4.0     7.7     6.8     0.0    14.24 R    28.0    -4.2     7.6    94.8    28.5    73.2 -99.000 -99.000 -99.000 -99.000 -99.000 -9999.0 -9999.0 -9999.0 -9999.0 -9999.0
53877 20071101  1.303  -82.61   35.49    20.4     2.2    11.3    11.1     0.0    12.23 R    28.8     1.9    11.5    97.3    45.5    75.8 -99.000 -99.000 -99.000 -99.000 -99.000 -9999.0 -9999.0 -9999.0 -9999.0 -9999.0
53877 20071102  1.303  -82.61   35.49    18.2     1.7     9.9     9.2     0.0    13.36 R    26.7     0.9     9.7    96.2    39.2    73.4 -99.000 -99.000 -99.000 -99.000 -99.000 -9999.0 -9999.0 -9999.0 -9999.0 -9999.0
53877 20071103  1.303  -82.61   35.49    17.9    -1.7     8.1     6.3     0.0    13.71 R    26.3    -2.0     6.4    95.9    19.7    66.2 -99.000 -99.000 -99.000 -99.000 -99.000 -9999.0 -9999.0 -9999.0 -9999.0 -9999.0
53877 20071104  1.303  -82.61   35.49    16.6    -2.8     6.9     6.4     0.0    13.19 R    26.0    -3.3     6.2    92.9    21.9    60.6 -99.000 -99.000 -99.000 -99.000 -99.000 -9999.0 -9999.0 -9999.0 -9999.0 -9999.0
53877 20071105  1.303  -82.61   35.49    19.8    -2.4     8.7     8.7     0.0    12.95 R    27.5    -2.8     8.5    91.3    23.5    58.6 -99.000 -99.000 -99.000 -99.000 -99.000 -9999.0 -9999.0 -9999.0 -9999.0 -9999.0
53877 20071106  1.303  -82.61   35.49    12.1     1.4     6.7     6.7     0.7    12.93 R    51.6    -1.0     7.5    96.1    28.9    56.0 -99.000 -99.000 -99.000 -99.000 -99.000 -9999.0 -9999.0 -9999.0 -9999.0 -9999.0
53877 20071107  1.303  -82.61   35.49     8.3    -4.0     2.1     2.1     0.0    12.61 R    20.1    -5.0     2.6    86.5    33.3    53.8 -99.000 -99.000 -99.000 -99.000 -99.000 -9999.0 -9999.0 -9999.0 -9999.0 -9999.0
53877 20071108  1.303  -82.61   35.49    10.1    -6.9     1.6     1.5     0.0    12.22 R    21.3    -6.8     3.5    91.2    32.8    65.4 -99.000 -99.000 -99.000 -99.000 -99.000 -9999.0 -9999.0 -9999.0 -9999.0 -9999.0
53877 20071109  1.303  -82.61   35.49    16.0    -2.8     6.6     6.1     0.0    11.15 R    25.3    -3.0     6.9    91.9    31.9    65.3 -99.000 -99.000 -99.000 -99.000 -99.000 -9999.0 -9999.0 -9999.0 -9999.0 -9999.0
53877 20071110  1.303  -82.61   35.49    10.9    -3.2     3.8     5.7     0.0    10.80 R    21.7    -4.1     5.7    89.8    32.6    56.8 -99.000 -99.000 -99.000 -99.000 -99.000 -9999.0 -9999.0 -9999.0 -9999.0 -9999.0
53877 20071111  1.303  -82.61   35.49    14.2    -5.7     4.2     2.8     0.0    11.11 R    23.5    -5.9     3.9    92.2    32.4    70.9 -99.000 -99.000 -99.000 -99.000 -99.000 -9999.0 -9999.0 -9999.0 -9999.0 -9999.0
53877 20071112  1.303  -82.61   35.49    20.0    -1.5     9.3     7.6     0.0     9.48 R    26.7    -1.2     8.2    95.0    33.7    74.8 -99.000 -99.000 -99.000 -99.000 -99.000 -9999.0 -9999.0 -9999.0 -9999.0 -9999.0
53877 20071113  1.303  -82.61   35.49    17.5     4.6    11.0    10.4     0.0     5.62 R    26.9     3.4    10.9    95.9    47.6    81.6 -99.000 -99.000 -99.000 -99.000 -99.000 -9999.0 -9999.0 -9999.0 -9999.0 -9999.0
53877 20071114  1.303  -82.61   35.49    23.0     6.4    14.7    14.3     8.5     6.95 R    32.5     4.9    14.0    96.7    41.8    75.7 -99.000 -99.000 -99.000 -99.000 -99.000 -9999.0 -9999.0 -9999.0 -9999.0 -9999.0
53877 20071115  1.303  -82.61   35.49    14.7     0.7     7.7     5.8    10.3     6.04 R    31.5     0.1     6.8    96.9    45.1    65.1 -99.000 -99.000 -99.000 -99.000 -99.000 -9999.0 -9999.0 -9999.0 -9999.0 -9999.0
53877 20071116  1.303  -82.61   35.49     8.2    -4.4     1.9     1.1     0.0    10.93 R    16.9    -4.6     2.2    90.1    34.0    57.9 -99.000 -99.000 -99.000 -99.000 -99.000 -9999.0 -9999.0 -9999.0 -9999.0 -9999.0
53877 20071117  1.303  -82.61   35.49    13.1    -6.6     3.3     1.4     0.0     7.95 R    20.1    -6.2     2.4    92.1    27.1    69.7 -99.000 -99.000 -99.000 -99.000 -99.000 -9999.0 -9999.0 -9999.0 -9999.0 -9999.0
53877 20071118  1.303  -82.61   35.49    17.3    -2.2     7.6     6.9     0.0     9.02 R    24.6    -2.2     7.5    93.7    45.2    76.4 -99.000 -99.000 -99.000 -99.000 -99.000 -9999.0 -9999.0 -9999.0 -9999.0 -9999.0
53877 20071119  1.303  -82.61   35.49    18.9     1.5    10.2     8.7     0.0     9.27 R    26.9     0.8     8.9    96.1    51.4    83.0 -99.000 -99.000 -99.000 -99.000 -99.000 -9999.0 -9999.0 -9999.0 -9999.0 -9999.0
53877 20071120  1.303  -82.61   35.49    20.0     2.8    11.4     8.5     0.0    10.55 R    25.9     1.8     9.7   100.0    45.1    85.4 -99.000 -99.000 -99.000 -99.000 -99.000 -9999.0 -9999.0 -9999.0 -9999.0 -9999.0
53877 20071121  1.303  -82.61   35.49    20.8     1.0    10.9    10.1     0.5     8.30 R    72.2     0.6    10.3    97.7    40.1    79.9 -99.000 -99.000 -99.000 -99.000 -99.000 -9999.0 -9999.0 -9999.0 -9999.0 -9999.0
53877 20071122  1.303  -82.61   35.49    17.3     2.3     9.8     9.5     5.5     3.15 R    30.3     0.7    10.1    97.3    60.1    85.4 -99.000 -99.000 -99.000 -99.000 -99.000 -9999.0 -9999.0 -9999.0 -9999.0 -9999.0
53877 20071123  1.303  -82.61   35.49     4.2    -5.7    -0.8     0.6     0.0     6.80 R    12.5    -6.1     1.5    91.1    46.1    66.9 -99.000 -99.000 -99.000 -99.000 -99.000 -9999.0 -9999.0 -9999.0 -9999.0 -9999.0
53877 20071124  1.303  -82.61   35.49     5.3    -8.5    -1.6    -0.7     0.0     9.78 R    15.2    -8.1     1.1    92.1    39.3    63.7 -99.000 -99.000 -99.000 -99.000 -99.000 -9999.0 -9999.0 -9999.0 -9999.0 -9999.0
53877 20071125  1.303  -82.61   35.49     8.1     2.3     5.2     5.2     1.3     2.09 R    13.4     3.3     6.6    95.8    59.2    81.8 -99.000 -99.000 -99.000 -99.000 -99.000 -9999.0 -9999.0 -9999.0 -9999.0 -9999.0
53877 20071126  1.303  -82.61   35.49    16.5     7.0    11.7    11.5     7.4     3.11 R    27.2     7.3    11.2    97.6    70.8    89.1 -99.000 -99.000 -99.000 -99.000 -99.000 -9999.0 -9999.0 -9999.0 -9999.0 -9999.0
53877 20071127  1.303  -82.61   35.49    11.4    -2.8     4.3     6.4     0.0     8.09 R    34.9    -3.1     6.4    94.8    37.8    66.5 -99.000 -99.000 -99.000 -99.000 -99.000 -9999.0 -9999.0 -9999.0 -9999.0 -9999.0
53877 20071128  1.303  -82.61   35.49    14.8    -4.9     4.9     3.4     0.0    10.15 R    21.6    -4.9     3.1    93.3    22.5    64.3 -99.000 -99.000 -99.000 -99.000 -99.000 -9999.0 -9999.0 -9999.0 -9999.0 -9999.0
53877 20071129  1.303  -82.61   35.49    13.7    -3.2     5.2     3.4     0.0     9.93 R    20.6    -3.4     3.7    94.2    43.9    73.0 -99.000 -99.000 -99.000 -99.000 -99.000 -9999.0 -9999.0 -9999.0 -9999.0 -9999.0
53877 20071130  1.303  -82.61   35.49    13.0    -4.4     4.3     2.5     0.0     9.45 R    19.9    -4.8     2.6    94.8    30.0    71.8 -99.000 -99.000 -99.000 -99.000 -99.000 -9999.0 -9999.0 -9999.0 -9999.0 -9999.0
53877 20071201  1.303  -82.61   35.49    15.9    -3.9     6.0     5.9     0.0     9.25 R    22.4    -4.2     5.4    90.4    18.2    51.2 -99.000 -99.000 -99.000 -99.000 -99.000 -9999.0 -9999.0 -9999.0 -9999.0 -9999.0
53877 20071202  1.303  -82.61   35.49    16.5     5.6    11.0    10.7     1.1     6.55 R    23.4     2.6    10.3    96.1    29.6    50.2 -99.000 -99.000 -99.000 -99.000 -99.000 -9999.0 -9999.0 -9999.0 -9999.0 -9999.0
53877 20071203  1.303  -82.61   35.49 -9999.0 -9999.0 -9999.0 -9999.0 -9999.0 -9999.00 U -9999.0 -9999.0 -9999.0 -9999.0 -9999.0 -9999.0 -99.000 -99.000 -99.000 -99.000 -99.000 -9999.0 -9999.0 -9999.0 -9999.0 -9999.0
53877 20071204  1.303  -82.61   35.49     6.8    -5.2     0.8    -0.2     0.0     9.12 R    15.7    -5.7     0.7    81.2    22.7    53.3 -99.000 -99.000 -99.000 -99.000 -99.000 -9999.0 -9999.0 -9999.0 -9999.0 -9999.0
53877 20071205  1.303  -82.61   35.49    14.9    -4.3     5.3     4.4 -9999.0     8.84 R    22.2    -4.5     5.7    79.3    28.1    55.9 -99.000 -99.000 -99.000 -99.000 -99.000 -9999.0 -9999.0 -9999.0 -9999.0 -9999.0
53877 20071206  1.303  -82.61   35.49     4.0    -5.3    -0.6    -0.2     0.0     7.88 R    13.4    -6.5     0.3    81.7    35.8    55.7 -99.000 -99.000 -99.000 -99.000 -99.000 -9999.0 -9999.0 -9999.0 -9999.0 -9999.0
53877 20071207  1.303  -82.61   35.49    11.2    -1.4     4.9     3.4     0.0     4.61 R    14.2    -2.1     3.8    86.7    45.7    60.8 -99.000 -99.000 -99.000 -99.000 -99.000 -9999.0 -9999.0 -9999.0 -9999.0 -9999.0
53877 20071208  1.303  -82.61   35.49    19.6    -0.8     9.4     8.3     0.0     4.64 R    27.3    -1.0     7.6    95.8    52.2    81.8 -99.000 -99.000 -99.000 -99.000 -99.000 -9999.0 -9999.0 -9999.0 -9999.0 -9999.0
53877 20071209  1.303  -82.61   35.49    15.8     4.3    10.0     8.9     1.6     3.25 R    21.5     2.8     8.9   100.0    85.9    96.5 -99.000 -99.000 -99.000 -99.000 -99.000 -9999.0 -9999.0 -9999.0 -9999.0 -9999.0
53877 20071210  1.303  -82.61   35.49    22.5     6.4    14.4    12.3     0.0     8.65 R    26.3     4.7    12.2   100.0    47.2    87.6 -99.000 -99.000 -99.000 -99.000 -99.000 -9999.0 -9999.0 -9999.0 -9999.0 -9999.0
53877 20071211  1.303  -82.61   35.49    22.6     2.9    12.8    11.2     0.0     8.65 R    25.8     2.3    10.2    97.2    47.6    80.2 -99.000 -99.000 -99.000 -99.000 -99.000 -9999.0 -9999.0 -9999.0 -9999.0 -9999.0
53877 20071212  1.303  -82.61   35.49    21.5     3.3    12.4    10.7     0.0     4.24 R    26.0     2.2     9.4    96.8    52.5    84.9 -99.000 -99.000 -99.000 -99.000 -99.000 -9999.0 -9999.0 -9999.0 -9999.0 -9999.0
53877 20071213  1.303  -82.61   35.49    18.9     5.9    12.4    11.5     0.0     3.33 R    21.2     4.1    10.9   100.0    62.7    87.8 -99.000 -99.000 -99.000 -99.000 -99.000 -9999.0 -9999.0 -9999.0 -9999.0 -9999.0
53877 20071214  1.303  -82.61   35.49    14.7     0.2     7.4     6.3     0.0     9.43 R    20.1    -0.3     5.9    96.2    43.9    79.7 -99.000 -99.000 -99.000 -99.000 -99.000 -9999.0 -9999.0 -9999.0 -9999.0 -9999.0
53877 20071215  1.303  -82.61   35.49     8.3    -0.4     4.0     4.2    14.6     1.55 R    17.5    -0.6     4.6    96.6    63.3    86.8 -99.000 -99.000 -99.000 -99.000 -99.000 -9999.0 -9999.0 -9999.0 -9999.0 -9999.0
53877 20071216  1.303  -82.61   35.49     5.3    -3.1     1.1     1.7     1.5     8.15 R    13.4    -4.8     2.6    97.1    46.2    69.5 -99.000 -99.000 -99.000 -99.000 -99.000 -9999.0 -9999.0 -9999.0 -9999.0 -9999.0
53877 20071217  1.303  -82.61   35.49     4.0    -7.5    -1.8    -2.3     0.0     9.52 R    13.4    -8.1    -2.0    88.5    36.7    59.3 -99.000 -99.000 -99.000 -99.000 -99.000 -9999.0 -9999.0 -9999.0 -9999.0 -9999.0
53877 20071218  1.303  -82.61   35.49     7.2   -11.3    -2.1    -2.7     0.0     6.46 R    13.3   -10.5    -2.4    90.3    26.7    63.4 -99.000 -99.000 -99.000 -99.000 -99.000 -9999.0 -9999.0 -9999.0 -9999.0 -9999.0
53877 20071219  1.303  -82.61   35.49     8.5    -3.9     2.3     1.2     0.0     4.62 R    15.3    -5.1     1.5    94.4    47.0    73.5 -99.000 -99.000 -99.000 -99.000 -99.000 -9999.0 -9999.0 -9999.0 -9999.0 -9999.0
53877 20071220  1.303  -82.61   35.49     7.2    -4.0     1.6     1.7     0.6     6.30 R    15.6    -4.9     3.2    97.0    64.2    85.3 -99.000 -99.000 -99.000 -99.000 -99.000 -9999.0 -9999.0 -9999.0 -9999.0 -9999.0
53877 20071221  1.303  -82.61   35.49     5.3     4.1     4.7     4.6     4.8     1.12 R    17.1     4.4     5.2    96.8    81.1    92.2 -99.000 -99.000 -99.000 -99.000 -99.000 -9999.0 -9999.0 -9999.0 -9999.0 -9999.0
53877 20071222  1.303  -82.61   35.49     8.0     4.2     6.1     6.2    10.2     2.00 R    13.2     4.4     6.6    94.1    80.2    86.8 -99.000 -99.000 -99.000 -99.000 -99.000 -9999.0 -9999.0 -9999.0 -9999.0 -9999.0
53877 20071223  1.303  -82.61   35.49    16.7    -1.5     7.6     7.7    21.6     8.99 R    22.1    -2.7     7.5    95.1    29.6    77.4 -99.000 -99.000 -99.000 -99.000 -99.000 -9999.0 -9999.0 -9999.0 -9999.0 -9999.0
53877 20071224  1.303  -82.61   35.49     9.6    -2.2     3.7     2.0     0.0     9.06 R    17.6    -3.4     1.6    86.1    27.0    53.8 -99.000 -99.000 -99.000 -99.000 -99.000 -9999.0 -9999.0 -9999.0 -9999.0 -9999.0
53877 20071225  1.303  -82.61   35.49     9.6    -2.1     3.7     3.7     1.0     4.56 R    17.2    -2.3     4.1    94.2    21.4    59.9 -99.000 -99.000 -99.000 -99.000 -99.000 -9999.0 -9999.0 -9999.0 -9999.0 -9999.0
53877 20071226  1.303  -82.61   35.49    11.5     0.0     5.7     4.5     7.6     9.13 R    23.3     0.0     5.3    97.2    57.8    83.7 -99.000 -99.000 -99.000 -99.000 -99.000 -9999.0 -9999.0 -9999.0 -9999.0 -9999.0
53877 20071227  1.303  -82.61   35.49    15.5     4.6    10.0     8.6     0.0     9.27 R    21.4     3.7     8.5    93.1    45.0    76.3 -99.000 -99.000 -99.000 -99.000 -99.000 -9999.0 -9999.0 -9999.0 -9999.0 -9999.0
53877 20071228  1.303  -82.61   35.49    11.4     0.6     6.0     7.5    15.3     1.18 R    18.9    -0.1     6.8    98.2    85.5    92.7 -99.000 -99.000 -99.000 -99.000 -99.000 -9999.0 -9999.0 -9999.0 -9999.0 -9999.0
53877 20071229  1.303  -82.61   35.49    12.4     1.6     7.0     8.3     0.0     5.64 R    20.4     1.2     8.5    97.4    57.8    88.7 -99.000 -99.000 -99.000 -99.000 -99.000 -9999.0 -9999.0 -9999.0 -9999.0 -9999.0
53877 20071230  1.303  -82.61   35.49    10.4     1.5     5.9     5.2    14.7     1.37 R    16.1     0.3     5.5    97.0    87.6    95.1 -99.000 -99.000 -99.000 -99.000 -99.000 -9999.0 -9999.0 -9999.0 -9999.0 -9999.0
53877 20071231  1.303  -82.61   35.49    10.9    -3.2     3.8     3.0     0.0     9.42 R    18.4    -4.5     2.3    97.3    34.5    72.7 -99.000 -99.000 -99.000 -99.000 -99.000 -9999.0 -9999.0 -9999.0 -9999.0 -9999.0
