53877 20040101  1.201  -82.61   35.49    17.1    -6.1     5.5     3.6     0.0     8.51 R -9999.0 -9999.0     2.5 -9999.0 -9999.0 -9999.0 -99.000 -99.000 -99.000 -99.000 -99.000 -9999.0 -9999.0 -9999.0 -9999.0 -9999.0
53877 20040102  1.201  -82.61   35.49    17.6     0.6     9.1     6.4     0.0     5.22 R -9999.0 -9999.0     4.8 -9999.0 -9999.0 -9999.0 -99.000 -99.000 -99.000 -99.000 -99.000 -9999.0 -9999.0 -9999.0 -9999.0 -9999.0
53877 20040103  1.201  -82.61   35.49    22.3     0.0    11.2     9.6     0.0     8.50 R -9999.0 -9999.0     8.4 -9999.0 -9999.0 -9999.0 -99.000 -99.000 -99.000 -99.000 -99.000 -9999.0 -9999.0 -9999.0 -9999.0 -9999.0
53877 20040104  1.201  -82.61   35.49    22.7     7.7    15.2    14.4     0.2     8.21 R -9999.0 -9999.0    12.7 -9999.0 -9999.0 -9999.0 -99.000 -99.000 -99.000 -99.000 -99.000 -9999.0 -9999.0 -9999.0 -9999.0 -9999.0
53877 20040105  1.201  -82.61   35.49    16.4    -0.5     8.0    10.2     6.6     1.15 R -9999.0 -9999.0     9.6 -9999.0 -9999.0 -9999.0 -99.000 -99.000 -99.000 -99.000 -99.000 -9999.0 -9999.0 -9999.0 -9999.0 -9999.0
53877 20040106  1.201  -82.61   35.49     1.8    -8.2    -3.2    -2.3     0.0     8.24 R -9999.0 -9999.0    -1.2 -9999.0 -9999.0 -9999.0 -99.000 -99.000 -99.000 -99.000 -99.000 -9999.0 -9999.0 -9999.0 -9999.0 -9999.0
53877 20040107  1.201  -82.61   35.49    -2.3   -11.4    -6.8    -7.5     0.0     6.48 R -9999.0 -9999.0    -6.5 -9999.0 -9999.0 -9999.0 -99.000 -99.000 -99.000 -99.000 -99.000 -9999.0 -9999.0 -9999.0 -9999.0 -9999.0
53877 20040108  1.201  -82.61   35.49     2.8    -9.7    -3.4    -2.5     0.0     2.36 R -9999.0 -9999.0    -1.2 -9999.0 -9999.0 -9999.0 -99.000 -99.000 -99.000 -99.000 -99.000 -9999.0 -9999.0 -9999.0 -9999.0 -9999.0
53877 20040109  1.201  -82.61   35.49     1.7    -2.1    -0.2    -0.6     0.4     2.99 R -9999.0 -9999.0     0.7 -9999.0 -9999.0 -9999.0 -99.000 -99.000 -99.000 -99.000 -99.000 -9999.0 -9999.0 -9999.0 -9999.0 -9999.0
53877 20040110  1.201  -82.61   35.49     0.1    -9.8    -4.8    -3.4     0.0     6.68 R -9999.0 -9999.0    -2.2 -9999.0 -9999.0 -9999.0 -99.000 -99.000 -99.000 -99.000 -99.000 -9999.0 -9999.0 -9999.0 -9999.0 -9999.0
53877 20040111  1.201  -82.61   35.49     5.9   -12.8    -3.4    -4.8     0.0    10.00 R -9999.0 -9999.0    -3.8 -9999.0 -9999.0 -9999.0 -99.000 -99.000 -99.000 -99.000 -99.000 -9999.0 -9999.0 -9999.0 -9999.0 -9999.0
53877 20040112  1.201  -82.61   35.49    15.2    -7.9     3.7     1.2     0.0    10.07 R -9999.0 -9999.0     0.4 -9999.0 -9999.0 -9999.0 -99.000 -99.000 -99.000 -99.000 -99.000 -9999.0 -9999.0 -9999.0 -9999.0 -9999.0
53877 20040113  1.201  -82.61   35.49    14.0    -3.1     5.5     5.2     0.0    10.08 R -9999.0 -9999.0     2.9 -9999.0 -9999.0 -9999.0 -99.000 -99.000 -99.000 -99.000 -99.000 -9999.0 -9999.0 -9999.0 -9999.0 -9999.0
53877 20040114  1.201  -82.61   35.49    14.0    -4.5     4.8     4.0     0.2    10.37 R -9999.0 -9999.0     2.6 -9999.0 -9999.0 -9999.0 -99.000 -99.000 -99.000 -99.000 -99.000 -9999.0 -9999.0 -9999.0 -9999.0 -9999.0
53877 20040115  1.201  -82.61   35.49    10.1    -2.3     3.9     3.6     0.0    10.69 R -9999.0 -9999.0     2.9 -9999.0 -9999.0 -9999.0 -99.000 -99.000 -99.000 -99.000 -99.000 -9999.0 -9999.0 -9999.0 -9999.0 -9999.0
53877 20040116  1.201  -82.61   35.49    10.9    -4.3     3.3     0.6     0.0    10.13 R -9999.0 -9999.0     0.4 -9999.0 -9999.0 -9999.0 -99.000 -99.000 -99.000 -99.000 -99.000 -9999.0 -9999.0 -9999.0 -9999.0 -9999.0
53877 20040117  1.201  -82.61   35.49     9.9    -5.5     2.2     2.7     0.0     4.30 R -9999.0 -9999.0     2.5 -9999.0 -9999.0 -9999.0 -99.000 -99.000 -99.000 -99.000 -99.000 -9999.0 -9999.0 -9999.0 -9999.0 -9999.0
53877 20040118  1.201  -82.61   35.49    13.5    -1.4     6.1     6.7     0.8     3.24 R -9999.0 -9999.0     6.4 -9999.0 -9999.0 -9999.0 -99.000 -99.000 -99.000 -99.000 -99.000 -9999.0 -9999.0 -9999.0 -9999.0 -9999.0
53877 20040119  1.201  -82.61   35.49     0.4    -7.1    -3.3    -2.9     0.0    10.02 R -9999.0 -9999.0    -1.7 -9999.0 -9999.0 -9999.0 -99.000 -99.000 -99.000 -99.000 -99.000 -9999.0 -9999.0 -9999.0 -9999.0 -9999.0
53877 20040120  1.201  -82.61   35.49     3.4    -9.6    -3.1    -4.5     0.0    11.02 R -9999.0 -9999.0    -3.9 -9999.0 -9999.0 -9999.0 -99.000 -99.000 -99.000 -99.000 -99.000 -9999.0 -9999.0 -9999.0 -9999.0 -9999.0
53877 20040121  1.201  -82.61   35.49     6.0    -9.0    -1.5    -3.2     0.4     8.40 R -9999.0 -9999.0    -2.3 -9999.0 -9999.0 -9999.0 -99.000 -99.000 -99.000 -99.000 -99.000 -9999.0 -9999.0 -9999.0 -9999.0 -9999.0
53877 20040122  1.201  -82.61   35.49    10.4    -9.3     0.6     0.1     0.4    10.70 R -9999.0 -9999.0    -0.4 -9999.0 -9999.0 -9999.0 -99.000 -99.000 -99.000 -99.000 -99.000 -9999.0 -9999.0 -9999.0 -9999.0 -9999.0
53877 20040123  1.201  -82.61   35.49     4.1    -8.1    -2.0    -3.0     0.0    11.41 R -9999.0 -9999.0    -2.8 -9999.0 -9999.0 -9999.0 -99.000 -99.000 -99.000 -99.000 -99.000 -9999.0 -9999.0 -9999.0 -9999.0 -9999.0
53877 20040124  1.201  -82.61   35.49    14.9    -7.4     3.8     4.6     0.0    10.97 R -9999.0 -9999.0     3.8 -9999.0 -9999.0 -9999.0 -99.000 -99.000 -99.000 -99.000 -99.000 -9999.0 -9999.0 -9999.0 -9999.0 -9999.0
53877 20040125  1.201  -82.61   35.49     5.5    -4.2     0.7    -0.9    17.0     1.96 R -9999.0 -9999.0    -0.6 -9999.0 -9999.0 -9999.0 -99.000 -99.000 -99.000 -99.000 -99.000 -9999.0 -9999.0 -9999.0 -9999.0 -9999.0
53877 20040126  1.201  -82.61   35.49     0.8    -3.6    -1.4    -1.4     0.0     2.79 R -9999.0 -9999.0    -1.2 -9999.0 -9999.0 -9999.0 -99.000 -99.000 -99.000 -99.000 -99.000 -9999.0 -9999.0 -9999.0 -9999.0 -9999.0
53877 20040127  1.201  -82.61   35.49     5.9    -5.4     0.3    -0.4     0.0     7.90 R -9999.0 -9999.0    -1.3 -9999.0 -9999.0 -9999.0 -99.000 -99.000 -99.000 -99.000 -99.000 -9999.0 -9999.0 -9999.0 -9999.0 -9999.0
53877 20040128  1.201  -82.61   35.49     0.5    -8.7    -4.1    -4.5     0.0    12.64 R -9999.0 -9999.0    -5.2 -9999.0 -9999.0 -9999.0 -99.000 -99.000 -99.000 -99.000 -99.000 -9999.0 -9999.0 -9999.0 -9999.0 -9999.0
53877 20040129  1.201  -82.61   35.49     7.0   -10.8    -1.9    -3.1     0.0    11.52 R -9999.0 -9999.0    -3.4 -9999.0 -9999.0 -9999.0 -99.000 -99.000 -99.000 -99.000 -99.000 -9999.0 -9999.0 -9999.0 -9999.0 -9999.0
53877 20040130  1.201  -82.61   35.49     8.5    -5.9     1.3     0.1     0.0    11.95 R -9999.0 -9999.0     0.2 -9999.0 -9999.0 -9999.0 -99.000 -99.000 -99.000 -99.000 -99.000 -9999.0 -9999.0 -9999.0 -9999.0 -9999.0
53877 20040131  1.201  -82.61   35.49     5.5   -10.5    -2.5    -3.7     0.0    13.23 R -9999.0 -9999.0    -2.8 -9999.0 -9999.0 -9999.0 -99.000 -99.000 -99.000 -99.000 -99.000 -9999.0 -9999.0 -9999.0 -9999.0 -9999.0
53877 20040201  1.201  -82.61   35.49     6.7    -9.6    -1.4    -1.2     0.0    13.20 R -9999.0 -9999.0    -1.0 -9999.0 -9999.0 -9999.0 -99.000 -99.000 -99.000 -99.000 -99.000 -9999.0 -9999.0 -9999.0 -9999.0 -9999.0
53877 20040202  1.201  -82.61   35.49     0.9    -3.2    -1.1    -0.4    18.5     3.10 R -9999.0 -9999.0    -0.1 -9999.0 -9999.0 -9999.0 -99.000 -99.000 -99.000 -99.000 -99.000 -9999.0 -9999.0 -9999.0 -9999.0 -9999.0
53877 20040203  1.201  -82.61   35.49     8.4    -1.9     3.3     1.7     0.0     8.86 R -9999.0 -9999.0     1.6 -9999.0 -9999.0 -9999.0 -99.000 -99.000 -99.000 -99.000 -99.000 -9999.0 -9999.0 -9999.0 -9999.0 -9999.0
53877 20040204  1.201  -82.61   35.49     8.0    -2.4     2.8     1.2     0.0    10.18 R -9999.0 -9999.0     1.3 -9999.0 -9999.0 -9999.0 -99.000 -99.000 -99.000 -99.000 -99.000 -9999.0 -9999.0 -9999.0 -9999.0 -9999.0
53877 20040205  1.201  -82.61   35.49     2.3    -0.1     1.1     1.2    14.6     1.58 R -9999.0 -9999.0     0.7 -9999.0 -9999.0 -9999.0 -99.000 -99.000 -99.000 -99.000 -99.000 -9999.0 -9999.0 -9999.0 -9999.0 -9999.0
53877 20040206  1.201  -82.61   35.49     9.1     0.9     5.0     4.1    39.3     2.68 R -9999.0 -9999.0     4.4 -9999.0 -9999.0 -9999.0 -99.000 -99.000 -99.000 -99.000 -99.000 -9999.0 -9999.0 -9999.0 -9999.0 -9999.0
53877 20040207  1.201  -82.61   35.49     4.1    -4.4    -0.1    -0.4     0.4     5.71 R -9999.0 -9999.0     0.2 -9999.0 -9999.0 -9999.0 -99.000 -99.000 -99.000 -99.000 -99.000 -9999.0 -9999.0 -9999.0 -9999.0 -9999.0
53877 20040208  1.201  -82.61   35.49     5.4    -4.9     0.3    -0.6     0.0    14.87 R -9999.0 -9999.0    -0.1 -9999.0 -9999.0 -9999.0 -99.000 -99.000 -99.000 -99.000 -99.000 -9999.0 -9999.0 -9999.0 -9999.0 -9999.0
53877 20040209  1.201  -82.61   35.49     9.8    -1.9     4.0     2.7     0.0     7.65 R -9999.0 -9999.0     2.7 -9999.0 -9999.0 -9999.0 -99.000 -99.000 -99.000 -99.000 -99.000 -9999.0 -9999.0 -9999.0 -9999.0 -9999.0
53877 20040210  1.201  -82.61   35.49     8.5    -1.9     3.3     3.1     0.0     3.50 R -9999.0 -9999.0     3.2 -9999.0 -9999.0 -9999.0 -99.000 -99.000 -99.000 -99.000 -99.000 -9999.0 -9999.0 -9999.0 -9999.0 -9999.0
53877 20040211  1.201  -82.61   35.49     7.7    -1.8     3.0     3.2     0.0     8.00 R -9999.0 -9999.0     3.5 -9999.0 -9999.0 -9999.0 -99.000 -99.000 -99.000 -99.000 -99.000 -9999.0 -9999.0 -9999.0 -9999.0 -9999.0
53877 20040212  1.201  -82.61   35.49     3.9    -0.1     1.9     1.5    10.9     3.33 R -9999.0 -9999.0     1.3 -9999.0 -9999.0 -9999.0 -99.000 -99.000 -99.000 -99.000 -99.000 -9999.0 -9999.0 -9999.0 -9999.0 -9999.0
53877 20040213  1.201  -82.61   35.49    11.7    -2.5     4.6     4.0     0.4    15.04 R -9999.0 -9999.0     4.9 -9999.0 -9999.0 -9999.0 -99.000 -99.000 -99.000 -99.000 -99.000 -9999.0 -9999.0 -9999.0 -9999.0 -9999.0
53877 20040214  1.201  -82.61   35.49     7.7    -1.1     3.3     3.5     0.0     2.78 R -9999.0 -9999.0     3.7 -9999.0 -9999.0 -9999.0 -99.000 -99.000 -99.000 -99.000 -99.000 -9999.0 -9999.0 -9999.0 -9999.0 -9999.0
53877 20040215  1.201  -82.61   35.49     5.2    -1.8     1.7     1.3     4.8     2.43 R -9999.0 -9999.0     2.3 -9999.0 -9999.0 -9999.0 -99.000 -99.000 -99.000 -99.000 -99.000 -9999.0 -9999.0 -9999.0 -9999.0 -9999.0
53877 20040216  1.201  -82.61   35.49     1.2    -1.4    -0.1     0.0     0.0     3.57 R -9999.0 -9999.0     1.8 -9999.0 -9999.0 -9999.0 -99.000 -99.000 -99.000 -99.000 -99.000 -9999.0 -9999.0 -9999.0 -9999.0 -9999.0
53877 20040217  1.201  -82.61   35.49     3.9    -2.8     0.6     0.0     0.0     5.29 R -9999.0 -9999.0     1.6 -9999.0 -9999.0 -9999.0 -99.000 -99.000 -99.000 -99.000 -99.000 -9999.0 -9999.0 -9999.0 -9999.0 -9999.0
53877 20040218  1.201  -82.61   35.49    10.1    -4.2     3.0     2.5     0.0    16.05 R -9999.0 -9999.0     3.0 -9999.0 -9999.0 -9999.0 -99.000 -99.000 -99.000 -99.000 -99.000 -9999.0 -9999.0 -9999.0 -9999.0 -9999.0
53877 20040219  1.201  -82.61   35.49    15.9    -5.5     5.2     2.6     0.0    13.45 R -9999.0 -9999.0     3.0 -9999.0 -9999.0 -9999.0 -99.000 -99.000 -99.000 -99.000 -99.000 -9999.0 -9999.0 -9999.0 -9999.0 -9999.0
53877 20040220  1.201  -82.61   35.49    18.1    -4.4     6.9     6.8     0.0    14.94 R -9999.0 -9999.0     7.6 -9999.0 -9999.0 -9999.0 -99.000 -99.000 -99.000 -99.000 -99.000 -9999.0 -9999.0 -9999.0 -9999.0 -9999.0
53877 20040221  1.201  -82.61   35.49    13.4     1.8     7.6     8.1     0.0    16.22 R -9999.0 -9999.0     8.5 -9999.0 -9999.0 -9999.0 -99.000 -99.000 -99.000 -99.000 -99.000 -9999.0 -9999.0 -9999.0 -9999.0 -9999.0
53877 20040222  1.201  -82.61   35.49    14.9    -3.7     5.6     4.0     0.0    15.15 R -9999.0 -9999.0     4.7 -9999.0 -9999.0 -9999.0 -99.000 -99.000 -99.000 -99.000 -99.000 -9999.0 -9999.0 -9999.0 -9999.0 -9999.0
53877 20040223  1.201  -82.61   35.49    10.0    -3.4     3.3     3.7     0.0     5.68 R -9999.0 -9999.0     4.0 -9999.0 -9999.0 -9999.0 -99.000 -99.000 -99.000 -99.000 -99.000 -9999.0 -9999.0 -9999.0 -9999.0 -9999.0
53877 20040224  1.201  -82.61   35.49    10.1     2.7     6.4     6.1     0.3     5.26 R -9999.0 -9999.0     6.5 -9999.0 -9999.0 -9999.0 -99.000 -99.000 -99.000 -99.000 -99.000 -9999.0 -9999.0 -9999.0 -9999.0 -9999.0
53877 20040225  1.201  -82.61   35.49     7.4     2.5     5.0     5.1     0.0    10.86 R -9999.0 -9999.0     6.4 -9999.0 -9999.0 -9999.0 -99.000 -99.000 -99.000 -99.000 -99.000 -9999.0 -9999.0 -9999.0 -9999.0 -9999.0
53877 20040226  1.201  -82.61   35.49     4.0    -3.4     0.3    -0.6     8.0     2.23 R -9999.0 -9999.0    -0.6 -9999.0 -9999.0 -9999.0 -99.000 -99.000 -99.000 -99.000 -99.000 -9999.0 -9999.0 -9999.0 -9999.0 -9999.0
53877 20040227  1.201  -82.61   35.49     8.5    -3.1     2.7     1.8     0.7    10.06 R -9999.0 -9999.0     1.9 -9999.0 -9999.0 -9999.0 -99.000 -99.000 -99.000 -99.000 -99.000 -9999.0 -9999.0 -9999.0 -9999.0 -9999.0
53877 20040228  1.201  -82.61   35.49    15.4    -7.5     4.0     2.4     0.0    17.63 R -9999.0 -9999.0     3.2 -9999.0 -9999.0 -9999.0 -99.000 -99.000 -99.000 -99.000 -99.000 -9999.0 -9999.0 -9999.0 -9999.0 -9999.0
53877 20040229  1.201  -82.61   35.49    17.7    -7.4     5.2     4.8     0.0    16.13 R -9999.0 -9999.0     4.3 -9999.0 -9999.0 -9999.0 -99.000 -99.000 -99.000 -99.000 -99.000 -9999.0 -9999.0 -9999.0 -9999.0 -9999.0
53877 20040301  1.201  -82.61   35.49    17.6    -1.9     7.9     8.9     0.0     8.99 R -9999.0 -9999.0     8.5 -9999.0 -9999.0 -9999.0 -99.000 -99.000 -99.000 -99.000 -99.000 -9999.0 -9999.0 -9999.0 -9999.0 -9999.0
53877 20040302  1.201  -82.61   35.49    15.7     7.3    11.5    12.5     3.1     3.18 R -9999.0 -9999.0    11.6 -9999.0 -9999.0 -9999.0 -99.000 -99.000 -99.000 -99.000 -99.000 -9999.0 -9999.0 -9999.0 -9999.0 -9999.0
53877 20040303  1.201  -82.61   35.49    19.0     7.0    13.0    13.1     0.0    10.04 R -9999.0 -9999.0    13.3 -9999.0 -9999.0 -9999.0 -99.000 -99.000 -99.000 -99.000 -99.000 -9999.0 -9999.0 -9999.0 -9999.0 -9999.0
53877 20040304  1.201  -82.61   35.49    22.5     8.7    15.6    15.7     0.0    14.64 R -9999.0 -9999.0    15.0 -9999.0 -9999.0 -9999.0 -99.000 -99.000 -99.000 -99.000 -99.000 -9999.0 -9999.0 -9999.0 -9999.0 -9999.0
53877 20040305  1.201  -82.61   35.49    20.1    13.6    16.9    17.7     0.0     6.55 R -9999.0 -9999.0    15.9 -9999.0 -9999.0 -9999.0 -99.000 -99.000 -99.000 -99.000 -99.000 -9999.0 -9999.0 -9999.0 -9999.0 -9999.0
53877 20040306  1.201  -82.61   35.49    19.7     7.5    13.6    15.5     4.7    10.93 R -9999.0 -9999.0    14.7 -9999.0 -9999.0 -9999.0 -99.000 -99.000 -99.000 -99.000 -99.000 -9999.0 -9999.0 -9999.0 -9999.0 -9999.0
53877 20040307  1.201  -82.61   35.49    18.0     0.9     9.5     8.3     0.4    18.46 R -9999.0 -9999.0     9.6 -9999.0 -9999.0 -9999.0 -99.000 -99.000 -99.000 -99.000 -99.000 -9999.0 -9999.0 -9999.0 -9999.0 -9999.0
53877 20040308  1.201  -82.61   35.49     9.3    -2.8     3.3     4.5     0.0    19.99 R -9999.0 -9999.0     5.7 -9999.0 -9999.0 -9999.0 -99.000 -99.000 -99.000 -99.000 -99.000 -9999.0 -9999.0 -9999.0 -9999.0 -9999.0
53877 20040309  1.201  -82.61   35.49     5.5    -5.1     0.2     0.5     1.0     8.27 R -9999.0 -9999.0     2.8 -9999.0 -9999.0 -9999.0 -99.000 -99.000 -99.000 -99.000 -99.000 -9999.0 -9999.0 -9999.0 -9999.0 -9999.0
53877 20040310  1.201  -82.61   35.49     8.8    -4.1     2.4     2.4     0.0    18.55 R -9999.0 -9999.0     5.1 -9999.0 -9999.0 -9999.0 -99.000 -99.000 -99.000 -99.000 -99.000 -9999.0 -9999.0 -9999.0 -9999.0 -9999.0
53877 20040311  1.201  -82.61   35.49    16.1    -7.9     4.1     3.5     0.0    17.17 R -9999.0 -9999.0     5.5 -9999.0 -9999.0 -9999.0 -99.000 -99.000 -99.000 -99.000 -99.000 -9999.0 -9999.0 -9999.0 -9999.0 -9999.0
53877 20040312  1.201  -82.61   35.49    14.3    -1.1     6.6     6.9     0.0    20.52 R -9999.0 -9999.0     7.0 -9999.0 -9999.0 -9999.0 -99.000 -99.000 -99.000 -99.000 -99.000 -9999.0 -9999.0 -9999.0 -9999.0 -9999.0
53877 20040313  1.201  -82.61   35.49    15.6    -1.0     7.3     7.0     0.0    18.68 R -9999.0 -9999.0     7.5 -9999.0 -9999.0 -9999.0 -99.000 -99.000 -99.000 -99.000 -99.000 -9999.0 -9999.0 -9999.0 -9999.0 -9999.0
53877 20040314  1.201  -82.61   35.49    17.5     5.3    11.4    11.2     0.0    14.87 R -9999.0 -9999.0    11.4 -9999.0 -9999.0 -9999.0 -99.000 -99.000 -99.000 -99.000 -99.000 -9999.0 -9999.0 -9999.0 -9999.0 -9999.0
53877 20040315  1.201  -82.61   35.49    14.4     8.1    11.3    11.0     8.7     5.38 R -9999.0 -9999.0    11.7 -9999.0 -9999.0 -9999.0 -99.000 -99.000 -99.000 -99.000 -99.000 -9999.0 -9999.0 -9999.0 -9999.0 -9999.0
53877 20040316  1.201  -82.61   35.49    19.2     5.7    12.5    12.8     2.7    13.95 R -9999.0 -9999.0    12.8 -9999.0 -9999.0 -9999.0 -99.000 -99.000 -99.000 -99.000 -99.000 -9999.0 -9999.0 -9999.0 -9999.0 -9999.0
53877 20040317  1.201  -82.61   35.49    12.8    -1.2     5.8     5.4     0.0    17.36 R -9999.0 -9999.0     7.3 -9999.0 -9999.0 -9999.0 -99.000 -99.000 -99.000 -99.000 -99.000 -9999.0 -9999.0 -9999.0 -9999.0 -9999.0
53877 20040318  1.201  -82.61   35.49    12.1    -2.0     5.1     4.5     6.7     6.34 R -9999.0 -9999.0     6.0 -9999.0 -9999.0 -9999.0 -99.000 -99.000 -99.000 -99.000 -99.000 -9999.0 -9999.0 -9999.0 -9999.0 -9999.0
53877 20040319  1.201  -82.61   35.49    17.8     1.1     9.5     8.8     0.0    21.53 R -9999.0 -9999.0     9.4 -9999.0 -9999.0 -9999.0 -99.000 -99.000 -99.000 -99.000 -99.000 -9999.0 -9999.0 -9999.0 -9999.0 -9999.0
53877 20040320  1.201  -82.61   35.49    20.5     0.6    10.6    11.2     2.6    17.15 R -9999.0 -9999.0    11.4 -9999.0 -9999.0 -9999.0 -99.000 -99.000 -99.000 -99.000 -99.000 -9999.0 -9999.0 -9999.0 -9999.0 -9999.0
53877 20040321  1.201  -82.61   35.49    14.5    -1.8     6.4     6.6     0.5    22.62 R -9999.0 -9999.0     8.8 -9999.0 -9999.0 -9999.0 -99.000 -99.000 -99.000 -99.000 -99.000 -9999.0 -9999.0 -9999.0 -9999.0 -9999.0
53877 20040322  1.201  -82.61   35.49     5.3    -6.3    -0.5    -0.5     0.0    21.71 R -9999.0 -9999.0     2.7 -9999.0 -9999.0 -9999.0 -99.000 -99.000 -99.000 -99.000 -99.000 -9999.0 -9999.0 -9999.0 -9999.0 -9999.0
53877 20040323  1.201  -82.61   35.49    12.3   -10.1     1.1     0.9     0.0    22.54 R -9999.0 -9999.0     4.0 -9999.0 -9999.0 -9999.0 -99.000 -99.000 -99.000 -99.000 -99.000 -9999.0 -9999.0 -9999.0 -9999.0 -9999.0
53877 20040324  1.201  -82.61   35.49    18.1    -1.7     8.2     8.3     0.0    18.06 R -9999.0 -9999.0     9.7 -9999.0 -9999.0 -9999.0 -99.000 -99.000 -99.000 -99.000 -99.000 -9999.0 -9999.0 -9999.0 -9999.0 -9999.0
53877 20040325  1.201  -82.61   35.49    20.7    -1.2     9.8    10.6     0.0    21.77 R -9999.0 -9999.0    11.4 -9999.0 -9999.0 -9999.0 -99.000 -99.000 -99.000 -99.000 -99.000 -9999.0 -9999.0 -9999.0 -9999.0 -9999.0
53877 20040326  1.201  -82.61   35.49    22.1     3.0    12.6    12.6     0.0    22.03 R -9999.0 -9999.0    14.0 -9999.0 -9999.0 -9999.0 -99.000 -99.000 -99.000 -99.000 -99.000 -9999.0 -9999.0 -9999.0 -9999.0 -9999.0
53877 20040327  1.201  -82.61   35.49    23.4     2.8    13.1    13.0     0.0    15.10 R -9999.0 -9999.0    13.7 -9999.0 -9999.0 -9999.0 -99.000 -99.000 -99.000 -99.000 -99.000 -9999.0 -9999.0 -9999.0 -9999.0 -9999.0
53877 20040328  1.201  -82.61   35.49    24.4     6.4    15.4    15.8     0.0    17.95 R -9999.0 -9999.0    16.3 -9999.0 -9999.0 -9999.0 -99.000 -99.000 -99.000 -99.000 -99.000 -9999.0 -9999.0 -9999.0 -9999.0 -9999.0
53877 20040329  1.201  -82.61   35.49    20.3    10.8    15.6    14.7     0.0    20.88 R -9999.0 -9999.0    16.6 -9999.0 -9999.0 -9999.0 -99.000 -99.000 -99.000 -99.000 -99.000 -9999.0 -9999.0 -9999.0 -9999.0 -9999.0
53877 20040330  1.201  -82.61   35.49    13.6     6.9    10.3     9.6     1.9     7.49 R -9999.0 -9999.0    11.1 -9999.0 -9999.0 -9999.0 -99.000 -99.000 -99.000 -99.000 -99.000 -9999.0 -9999.0 -9999.0 -9999.0 -9999.0
53877 20040331  1.201  -82.61   35.49     9.0     3.1     6.1     5.0    24.0     6.27 R -9999.0 -9999.0     7.3 -9999.0 -9999.0 -9999.0 -99.000 -99.000 -99.000 -99.000 -99.000 -9999.0 -9999.0 -9999.0 -9999.0 -9999.0
53877 20040401  1.201  -82.61   35.49     8.9     2.9     5.9     5.7     0.0    12.43 R -9999.0 -9999.0     7.0 -9999.0 -9999.0 -9999.0 -99.000 -99.000 -99.000 -99.000 -99.000 -9999.0 -9999.0 -9999.0 -9999.0 -9999.0
53877 20040402  1.201  -82.61   35.49     9.1     3.9     6.5     5.7     0.0    11.38 R -9999.0 -9999.0     7.5 -9999.0 -9999.0 -9999.0 -99.000 -99.000 -99.000 -99.000 -99.000 -9999.0 -9999.0 -9999.0 -9999.0 -9999.0
53877 20040403  1.201  -82.61   35.49    16.2     3.9    10.1     9.8     0.0    22.33 R -9999.0 -9999.0    11.8 -9999.0 -9999.0 -9999.0 -99.000 -99.000 -99.000 -99.000 -99.000 -9999.0 -9999.0 -9999.0 -9999.0 -9999.0
53877 20040404  1.201  -82.61   35.49    10.8     3.3     7.1     7.4     0.0    24.86 R -9999.0 -9999.0     9.3 -9999.0 -9999.0 -9999.0 -99.000 -99.000 -99.000 -99.000 -99.000 -9999.0 -9999.0 -9999.0 -9999.0 -9999.0
53877 20040405  1.201  -82.61   35.49    13.1    -0.2     6.5     6.1     0.0    24.68 R -9999.0 -9999.0     8.3 -9999.0 -9999.0 -9999.0 -99.000 -99.000 -99.000 -99.000 -99.000 -9999.0 -9999.0 -9999.0 -9999.0 -9999.0
53877 20040406  1.201  -82.61   35.49    20.0    -3.0     8.5     8.3     0.0    24.48 R -9999.0 -9999.0    10.5 -9999.0 -9999.0 -9999.0 -99.000 -99.000 -99.000 -99.000 -99.000 -9999.0 -9999.0 -9999.0 -9999.0 -9999.0
53877 20040407  1.201  -82.61   35.49    23.3    -1.3    11.0    11.0     0.0    19.34 R -9999.0 -9999.0    12.0 -9999.0 -9999.0 -9999.0 -99.000 -99.000 -99.000 -99.000 -99.000 -9999.0 -9999.0 -9999.0 -9999.0 -9999.0
53877 20040408  1.201  -82.61   35.49    20.0     6.9    13.5    13.5     0.0     8.80 R -9999.0 -9999.0    12.7 -9999.0 -9999.0 -9999.0 -99.000 -99.000 -99.000 -99.000 -99.000 -9999.0 -9999.0 -9999.0 -9999.0 -9999.0
53877 20040409  1.201  -82.61   35.49    21.7     4.4    13.1    14.1     0.0    25.02 R -9999.0 -9999.0    14.3 -9999.0 -9999.0 -9999.0 -99.000 -99.000 -99.000 -99.000 -99.000 -9999.0 -9999.0 -9999.0 -9999.0 -9999.0
53877 20040410  1.201  -82.61   35.49    20.1    -0.6     9.8    10.6     0.0    14.29 R -9999.0 -9999.0    11.7 -9999.0 -9999.0 -9999.0 -99.000 -99.000 -99.000 -99.000 -99.000 -9999.0 -9999.0 -9999.0 -9999.0 -9999.0
53877 20040411  1.201  -82.61   35.49    18.8     7.3    13.1    12.0    11.3     6.55 R -9999.0 -9999.0    12.8 -9999.0 -9999.0 -9999.0 -99.000 -99.000 -99.000 -99.000 -99.000 -9999.0 -9999.0 -9999.0 -9999.0 -9999.0
53877 20040412  1.201  -82.61   35.49    11.0     7.6     9.3     8.9    18.7     4.85 R -9999.0 -9999.0    10.6 -9999.0 -9999.0 -9999.0 -99.000 -99.000 -99.000 -99.000 -99.000 -9999.0 -9999.0 -9999.0 -9999.0 -9999.0
53877 20040413  1.201  -82.61   35.49    16.9     2.4     9.7    10.0    42.3    15.66 R -9999.0 -9999.0    12.2 -9999.0 -9999.0 -9999.0 -99.000 -99.000 -99.000 -99.000 -99.000 -9999.0 -9999.0 -9999.0 -9999.0 -9999.0
53877 20040414  1.201  -82.61   35.49     8.8     0.5     4.7     5.0     1.7    12.94 R -9999.0 -9999.0     6.9 -9999.0 -9999.0 -9999.0 -99.000 -99.000 -99.000 -99.000 -99.000 -9999.0 -9999.0 -9999.0 -9999.0 -9999.0
53877 20040415  1.201  -82.61   35.49    19.4     3.2    11.3    11.2     0.0    25.61 R -9999.0 -9999.0    12.7 -9999.0 -9999.0 -9999.0 -99.000 -99.000 -99.000 -99.000 -99.000 -9999.0 -9999.0 -9999.0 -9999.0 -9999.0
53877 20040416  1.201  -82.61   35.49    22.1    -0.5    10.8    11.4     0.0    20.75 R -9999.0 -9999.0    12.6 -9999.0 -9999.0 -9999.0 -99.000 -99.000 -99.000 -99.000 -99.000 -9999.0 -9999.0 -9999.0 -9999.0 -9999.0
53877 20040417  1.201  -82.61   35.49    25.0     1.3    13.2    14.0     0.0    23.84 R -9999.0 -9999.0    15.5 -9999.0 -9999.0 -9999.0 -99.000 -99.000 -99.000 -99.000 -99.000 -9999.0 -9999.0 -9999.0 -9999.0 -9999.0
53877 20040418  1.201  -82.61   35.49    27.5     4.4    16.0    16.8     0.0    23.42 R -9999.0 -9999.0    17.3 -9999.0 -9999.0 -9999.0 -99.000 -99.000 -99.000 -99.000 -99.000 -9999.0 -9999.0 -9999.0 -9999.0 -9999.0
53877 20040419  1.201  -82.61   35.49    26.6     5.5    16.1    16.4     0.3    24.33 R -9999.0 -9999.0    17.7 -9999.0 -9999.0 -9999.0 -99.000 -99.000 -99.000 -99.000 -99.000 -9999.0 -9999.0 -9999.0 -9999.0 -9999.0
53877 20040420  1.201  -82.61   35.49    23.6     7.7    15.7    15.9     0.0    11.61 R -9999.0 -9999.0    15.7 -9999.0 -9999.0 -9999.0 -99.000 -99.000 -99.000 -99.000 -99.000 -9999.0 -9999.0 -9999.0 -9999.0 -9999.0
53877 20040421  1.201  -82.61   35.49    24.3     6.1    15.2    16.4     0.0    20.89 R -9999.0 -9999.0    17.1 -9999.0 -9999.0 -9999.0 -99.000 -99.000 -99.000 -99.000 -99.000 -9999.0 -9999.0 -9999.0 -9999.0 -9999.0
53877 20040422  1.201  -82.61   35.49    24.6    10.2    17.4    18.7     0.2    23.23 R -9999.0 -9999.0    19.6 -9999.0 -9999.0 -9999.0 -99.000 -99.000 -99.000 -99.000 -99.000 -9999.0 -9999.0 -9999.0 -9999.0 -9999.0
53877 20040423  1.201  -82.61   35.49    27.7     8.2    18.0    18.0     0.2    19.15 R -9999.0 -9999.0    19.4 -9999.0 -9999.0 -9999.0 -99.000 -99.000 -99.000 -99.000 -99.000 -9999.0 -9999.0 -9999.0 -9999.0 -9999.0
53877 20040424  1.201  -82.61   35.49    26.5    10.6    18.6    19.3     0.0    21.76 R -9999.0 -9999.0    21.0 -9999.0 -9999.0 -9999.0 -99.000 -99.000 -99.000 -99.000 -99.000 -9999.0 -9999.0 -9999.0 -9999.0 -9999.0
53877 20040425  1.201  -82.61   35.49    25.5    10.6    18.1    19.1     0.2    18.40 R -9999.0 -9999.0    19.8 -9999.0 -9999.0 -9999.0 -99.000 -99.000 -99.000 -99.000 -99.000 -9999.0 -9999.0 -9999.0 -9999.0 -9999.0
53877 20040426  1.201  -82.61   35.49    20.1     6.5    13.3    13.1    38.8     4.03 R -9999.0 -9999.0    14.2 -9999.0 -9999.0 -9999.0 -99.000 -99.000 -99.000 -99.000 -99.000 -9999.0 -9999.0 -9999.0 -9999.0 -9999.0
53877 20040427  1.201  -82.61   35.49    17.2     1.7     9.5    10.1     0.0    23.28 R -9999.0 -9999.0    12.5 -9999.0 -9999.0 -9999.0 -99.000 -99.000 -99.000 -99.000 -99.000 -9999.0 -9999.0 -9999.0 -9999.0 -9999.0
53877 20040428  1.201  -82.61   35.49    21.0    -0.9    10.1    11.2     0.0    27.00 R -9999.0 -9999.0    14.2 -9999.0 -9999.0 -9999.0 -99.000 -99.000 -99.000 -99.000 -99.000 -9999.0 -9999.0 -9999.0 -9999.0 -9999.0
53877 20040429  1.201  -82.61   35.49    21.4     1.8    11.6    12.9     0.0    24.39 R -9999.0 -9999.0    16.1 -9999.0 -9999.0 -9999.0 -99.000 -99.000 -99.000 -99.000 -99.000 -9999.0 -9999.0 -9999.0 -9999.0 -9999.0
53877 20040430  1.201  -82.61   35.49    17.9    10.8    14.4    15.1     1.4     5.18 R -9999.0 -9999.0    15.8 -9999.0 -9999.0 -9999.0 -99.000 -99.000 -99.000 -99.000 -99.000 -9999.0 -9999.0 -9999.0 -9999.0 -9999.0
53877 20040501  1.201  -82.61   35.49    20.6    14.9    17.8    16.8     4.4     9.26 R -9999.0 -9999.0    18.1 -9999.0 -9999.0 -9999.0 -99.000 -99.000 -99.000 -99.000 -99.000 -9999.0 -9999.0 -9999.0 -9999.0 -9999.0
53877 20040502  1.201  -82.61   35.49    21.3     8.3    14.8    15.1     6.1    10.73 R -9999.0 -9999.0    16.9 -9999.0 -9999.0 -9999.0 -99.000 -99.000 -99.000 -99.000 -99.000 -9999.0 -9999.0 -9999.0 -9999.0 -9999.0
53877 20040503  1.201  -82.61   35.49    12.2     1.6     6.9     7.7     0.2    16.05 R -9999.0 -9999.0    11.4 -9999.0 -9999.0 -9999.0 -99.000 -99.000 -99.000 -99.000 -99.000 -9999.0 -9999.0 -9999.0 -9999.0 -9999.0
53877 20040504  1.201  -82.61   35.49    18.2    -1.9     8.2     8.0     0.0    27.67 R -9999.0 -9999.0    13.7 -9999.0 -9999.0 -9999.0 -99.000 -99.000 -99.000 -99.000 -99.000 -9999.0 -9999.0 -9999.0 -9999.0 -9999.0
53877 20040505  1.201  -82.61   35.49    23.5     1.6    12.6    12.8     0.0    19.07 R -9999.0 -9999.0    16.3 -9999.0 -9999.0 -9999.0 -99.000 -99.000 -99.000 -99.000 -99.000 -9999.0 -9999.0 -9999.0 -9999.0 -9999.0
53877 20040506  1.201  -82.61   35.49    26.8     6.9    16.9    17.1     0.2    24.27 R -9999.0 -9999.0    20.2 -9999.0 -9999.0 -9999.0 -99.000 -99.000 -99.000 -99.000 -99.000 -9999.0 -9999.0 -9999.0 -9999.0 -9999.0
53877 20040507  1.201  -82.61   35.49    27.4     7.6    17.5    17.9     0.5    26.91 R -9999.0 -9999.0    21.0 -9999.0 -9999.0 -9999.0 -99.000 -99.000 -99.000 -99.000 -99.000 -9999.0 -9999.0 -9999.0 -9999.0 -9999.0
53877 20040508  1.201  -82.61   35.49    26.9     7.7    17.3    16.9    11.3    21.75 R -9999.0 -9999.0    20.6 -9999.0 -9999.0 -9999.0 -99.000 -99.000 -99.000 -99.000 -99.000 -9999.0 -9999.0 -9999.0 -9999.0 -9999.0
53877 20040509  1.201  -82.61   35.49    25.4     9.5    17.5    16.9     0.6    19.63 R -9999.0 -9999.0    19.7 -9999.0 -9999.0 -9999.0 -99.000 -99.000 -99.000 -99.000 -99.000 -9999.0 -9999.0 -9999.0 -9999.0 -9999.0
53877 20040510  1.201  -82.61   35.49    26.5     9.6    18.1    17.6     0.0    24.67 R -9999.0 -9999.0    21.1 -9999.0 -9999.0 -9999.0 -99.000 -99.000 -99.000 -99.000 -99.000 -9999.0 -9999.0 -9999.0 -9999.0 -9999.0
53877 20040511  1.201  -82.61   35.49    26.3     8.1    17.2    17.7     0.2    26.32 R -9999.0 -9999.0    21.8 -9999.0 -9999.0 -9999.0 -99.000 -99.000 -99.000 -99.000 -99.000 -9999.0 -9999.0 -9999.0 -9999.0 -9999.0
53877 20040512  1.201  -82.61   35.49    24.6    11.3    17.9    18.1    12.8    21.94 R -9999.0 -9999.0    21.9 -9999.0 -9999.0 -9999.0 -99.000 -99.000 -99.000 -99.000 -99.000 -9999.0 -9999.0 -9999.0 -9999.0 -9999.0
53877 20040513  1.201  -82.61   35.49    20.1    14.4    17.3    17.3    18.2     7.36 R -9999.0 -9999.0    18.9 -9999.0 -9999.0 -9999.0 -99.000 -99.000 -99.000 -99.000 -99.000 -9999.0 -9999.0 -9999.0 -9999.0 -9999.0
53877 20040514  1.201  -82.61   35.49    24.0    14.1    19.0    18.7     1.7    23.23 R -9999.0 -9999.0    21.7 -9999.0 -9999.0 -9999.0 -99.000 -99.000 -99.000 -99.000 -99.000 -9999.0 -9999.0 -9999.0 -9999.0 -9999.0
53877 20040515  1.201  -82.61   35.49    24.6    12.8    18.7    18.2     0.7    27.45 R -9999.0 -9999.0    22.0 -9999.0 -9999.0 -9999.0 -99.000 -99.000 -99.000 -99.000 -99.000 -9999.0 -9999.0 -9999.0 -9999.0 -9999.0
53877 20040516  1.201  -82.61   35.49    25.3    12.3    18.8    17.6     1.3    18.99 R -9999.0 -9999.0    21.0 -9999.0 -9999.0 -9999.0 -99.000 -99.000 -99.000 -99.000 -99.000 -9999.0 -9999.0 -9999.0 -9999.0 -9999.0
53877 20040517  1.201  -82.61   35.49    23.1    12.4    17.8    17.1     4.3    15.05 R -9999.0 -9999.0    19.9 -9999.0 -9999.0 -9999.0 -99.000 -99.000 -99.000 -99.000 -99.000 -9999.0 -9999.0 -9999.0 -9999.0 -9999.0
53877 20040518  1.201  -82.61   35.49    24.5    14.5    19.5    18.5     1.3    18.53 R -9999.0 -9999.0    21.4 -9999.0 -9999.0 -9999.0 -99.000 -99.000 -99.000 -99.000 -99.000 -9999.0 -9999.0 -9999.0 -9999.0 -9999.0
53877 20040519  1.201  -82.61   35.49    25.5    13.0    19.2    18.2     9.8    16.85 R -9999.0 -9999.0    21.2 -9999.0 -9999.0 -9999.0 -99.000 -99.000 -99.000 -99.000 -99.000 -9999.0 -9999.0 -9999.0 -9999.0 -9999.0
53877 20040520  1.201  -82.61   35.49    26.4    13.7    20.1    19.2     1.4    18.04 R -9999.0 -9999.0    22.1 -9999.0 -9999.0 -9999.0 -99.000 -99.000 -99.000 -99.000 -99.000 -9999.0 -9999.0 -9999.0 -9999.0 -9999.0
53877 20040521  1.201  -82.61   35.49    28.9    14.2    21.6    20.1    11.4    23.06 R -9999.0 -9999.0    23.5 -9999.0 -9999.0 -9999.0 -99.000 -99.000 -99.000 -99.000 -99.000 -9999.0 -9999.0 -9999.0 -9999.0 -9999.0
53877 20040522  1.201  -82.61   35.49    25.8    14.0    19.9    19.3     3.3    17.49 R -9999.0 -9999.0    22.2 -9999.0 -9999.0 -9999.0 -99.000 -99.000 -99.000 -99.000 -99.000 -9999.0 -9999.0 -9999.0 -9999.0 -9999.0
53877 20040523  1.201  -82.61   35.49    24.6    13.5    19.1    18.5     9.0    17.00 R -9999.0 -9999.0    21.3 -9999.0 -9999.0 -9999.0 -99.000 -99.000 -99.000 -99.000 -99.000 -9999.0 -9999.0 -9999.0 -9999.0 -9999.0
53877 20040524  1.201  -82.61   35.49    28.0    13.0    20.5    19.6     2.0    20.97 R -9999.0 -9999.0    22.2 -9999.0 -9999.0 -9999.0 -99.000 -99.000 -99.000 -99.000 -99.000 -9999.0 -9999.0 -9999.0 -9999.0 -9999.0
53877 20040525  1.201  -82.61   35.49    29.3    12.4    20.9    20.8     0.6    26.41 R -9999.0 -9999.0    23.5 -9999.0 -9999.0 -9999.0 -99.000 -99.000 -99.000 -99.000 -99.000 -9999.0 -9999.0 -9999.0 -9999.0 -9999.0
53877 20040526  1.201  -82.61   35.49    27.3    14.8    21.1    20.2     7.2    12.83 R -9999.0 -9999.0    21.9 -9999.0 -9999.0 -9999.0 -99.000 -99.000 -99.000 -99.000 -99.000 -9999.0 -9999.0 -9999.0 -9999.0 -9999.0
53877 20040527  1.201  -82.61   35.49    28.4    13.9    21.1    19.6     1.6    23.68 R -9999.0 -9999.0    22.1 -9999.0 -9999.0 -9999.0 -99.000 -99.000 -99.000 -99.000 -99.000 -9999.0 -9999.0 -9999.0 -9999.0 -9999.0
53877 20040528  1.201  -82.61   35.49    23.7    13.9    18.8    19.6     1.1    11.41 R -9999.0 -9999.0    20.7 -9999.0 -9999.0 -9999.0 -99.000 -99.000 -99.000 -99.000 -99.000 -9999.0 -9999.0 -9999.0 -9999.0 -9999.0
53877 20040529  1.201  -82.61   35.49    26.1    12.1    19.1    18.9     1.8    20.96 R -9999.0 -9999.0    22.1 -9999.0 -9999.0 -9999.0 -99.000 -99.000 -99.000 -99.000 -99.000 -9999.0 -9999.0 -9999.0 -9999.0 -9999.0
53877 20040530  1.201  -82.61   35.49    26.6    15.5    21.0    19.9     9.4    13.19 R -9999.0 -9999.0    21.7 -9999.0 -9999.0 -9999.0 -99.000 -99.000 -99.000 -99.000 -99.000 -9999.0 -9999.0 -9999.0 -9999.0 -9999.0
53877 20040531  1.201  -82.61   35.49    23.8    13.3    18.5    18.8    19.9    12.12 R -9999.0 -9999.0    20.2 -9999.0 -9999.0 -9999.0 -99.000 -99.000 -99.000 -99.000 -99.000 -9999.0 -9999.0 -9999.0 -9999.0 -9999.0
53877 20040601  1.201  -82.61   35.49    24.4     9.7    17.0    17.6     0.8    25.82 R -9999.0 -9999.0    20.4 -9999.0 -9999.0 -9999.0 -99.000 -99.000 -99.000 -99.000 -99.000 -9999.0 -9999.0 -9999.0 -9999.0 -9999.0
53877 20040602  1.201  -82.61   35.49    26.7     7.0    16.9    17.0     0.4    28.29 R -9999.0 -9999.0    21.0 -9999.0 -9999.0 -9999.0 -99.000 -99.000 -99.000 -99.000 -99.000 -9999.0 -9999.0 -9999.0 -9999.0 -9999.0
53877 20040603  1.201  -82.61   35.49    26.3    10.4    18.4    17.7    11.4    23.01 R -9999.0 -9999.0    21.7 -9999.0 -9999.0 -9999.0 -99.000 -99.000 -99.000 -99.000 -99.000 -9999.0 -9999.0 -9999.0 -9999.0 -9999.0
53877 20040604  1.201  -82.61   35.49    23.1    12.3    17.7    17.4    12.8    18.39 R -9999.0 -9999.0    20.5 -9999.0 -9999.0 -9999.0 -99.000 -99.000 -99.000 -99.000 -99.000 -9999.0 -9999.0 -9999.0 -9999.0 -9999.0
53877 20040605  1.201  -82.61   35.49    22.2     9.0    15.6    16.2     0.8    27.31 R -9999.0 -9999.0    20.3 -9999.0 -9999.0 -9999.0 -99.000 -99.000 -99.000 -99.000 -99.000 -9999.0 -9999.0 -9999.0 -9999.0 -9999.0
53877 20040606  1.201  -82.61   35.49    24.0    10.3    17.1    17.4     1.0    17.84 R -9999.0 -9999.0    20.6 -9999.0 -9999.0 -9999.0 -99.000 -99.000 -99.000 -99.000 -99.000 -9999.0 -9999.0 -9999.0 -9999.0 -9999.0
53877 20040607  1.201  -82.61   35.49    25.0    15.2    20.1    19.6     0.7    12.74 R -9999.0 -9999.0    21.8 -9999.0 -9999.0 -9999.0 -99.000 -99.000 -99.000 -99.000 -99.000 -9999.0 -9999.0 -9999.0 -9999.0 -9999.0
53877 20040608  1.201  -82.61   35.49    22.3    17.0    19.6    19.3     4.2     8.88 R -9999.0 -9999.0    21.1 -9999.0 -9999.0 -9999.0 -99.000 -99.000 -99.000 -99.000 -99.000 -9999.0 -9999.0 -9999.0 -9999.0 -9999.0
53877 20040609  1.201  -82.61   35.49    26.5    15.1    20.8    20.2     0.0    21.21 R -9999.0 -9999.0    23.4 -9999.0 -9999.0 -9999.0 -99.000 -99.000 -99.000 -99.000 -99.000 -9999.0 -9999.0 -9999.0 -9999.0 -9999.0
53877 20040610  1.201  -82.61   35.49    27.5    14.7    21.1    20.6     1.3    19.79 R -9999.0 -9999.0    23.8 -9999.0 -9999.0 -9999.0 -99.000 -99.000 -99.000 -99.000 -99.000 -9999.0 -9999.0 -9999.0 -9999.0 -9999.0
53877 20040611  1.201  -82.61   35.49    29.2    15.8    22.5    21.8     0.5    25.41 R -9999.0 -9999.0    25.3 -9999.0 -9999.0 -9999.0 -99.000 -99.000 -99.000 -99.000 -99.000 -9999.0 -9999.0 -9999.0 -9999.0 -9999.0
53877 20040612  1.201  -82.61   35.49    29.6    15.9    22.8    22.2    11.4    23.91 R -9999.0 -9999.0    25.4 -9999.0 -9999.0 -9999.0 -99.000 -99.000 -99.000 -99.000 -99.000 -9999.0 -9999.0 -9999.0 -9999.0 -9999.0
53877 20040613  1.201  -82.61   35.49    21.7    19.1    20.4    19.9     5.2     8.92 R -9999.0 -9999.0    22.0 -9999.0 -9999.0 -9999.0 -99.000 -99.000 -99.000 -99.000 -99.000 -9999.0 -9999.0 -9999.0 -9999.0 -9999.0
53877 20040614  1.201  -82.61   35.49    26.4    19.6    23.0    22.4     1.0    23.85 R -9999.0 -9999.0    25.4 -9999.0 -9999.0 -9999.0 -99.000 -99.000 -99.000 -99.000 -99.000 -9999.0 -9999.0 -9999.0 -9999.0 -9999.0
53877 20040615  1.201  -82.61   35.49    23.8    19.7    21.7    21.3    40.3     9.93 R -9999.0 -9999.0    23.1 -9999.0 -9999.0 -9999.0 -99.000 -99.000 -99.000 -99.000 -99.000 -9999.0 -9999.0 -9999.0 -9999.0 -9999.0
53877 20040616  1.201  -82.61   35.49    28.2    17.9    23.1    22.5     0.2    22.50 R -9999.0 -9999.0    25.2 -9999.0 -9999.0 -9999.0 -99.000 -99.000 -99.000 -99.000 -99.000 -9999.0 -9999.0 -9999.0 -9999.0 -9999.0
53877 20040617  1.201  -82.61   35.49    29.2    18.0    23.6    22.3    22.5    21.16 R -9999.0 -9999.0    25.0 -9999.0 -9999.0 -9999.0 -99.000 -99.000 -99.000 -99.000 -99.000 -9999.0 -9999.0 -9999.0 -9999.0 -9999.0
53877 20040618  1.201  -82.61   35.49    28.6    16.8    22.7    21.7     0.3    21.51 R -9999.0 -9999.0    24.7 -9999.0 -9999.0 -9999.0 -99.000 -99.000 -99.000 -99.000 -99.000 -9999.0 -9999.0 -9999.0 -9999.0 -9999.0
53877 20040619  1.201  -82.61   35.49    28.6    16.0    22.3    21.9     0.0    24.35 R -9999.0 -9999.0    24.7 -9999.0 -9999.0 -9999.0 -99.000 -99.000 -99.000 -99.000 -99.000 -9999.0 -9999.0 -9999.0 -9999.0 -9999.0
53877 20040620  1.201  -82.61   35.49    26.2    15.6    20.9    20.9     0.0    23.09 R -9999.0 -9999.0    24.2 -9999.0 -9999.0 -9999.0 -99.000 -99.000 -99.000 -99.000 -99.000 -9999.0 -9999.0 -9999.0 -9999.0 -9999.0
53877 20040621  1.201  -82.61   35.49    22.7    15.9    19.3    19.5     3.9     7.27 R -9999.0 -9999.0    21.2 -9999.0 -9999.0 -9999.0 -99.000 -99.000 -99.000 -99.000 -99.000 -9999.0 -9999.0 -9999.0 -9999.0 -9999.0
53877 20040622  1.201  -82.61   35.49    26.8    17.1    21.9    20.7     4.5    16.44 R -9999.0 -9999.0    23.4 -9999.0 -9999.0 -9999.0 -99.000 -99.000 -99.000 -99.000 -99.000 -9999.0 -9999.0 -9999.0 -9999.0 -9999.0
53877 20040623  1.201  -82.61   35.49    25.0    16.9    20.9    20.1     0.5    11.84 R -9999.0 -9999.0    22.2 -9999.0 -9999.0 -9999.0 -99.000 -99.000 -99.000 -99.000 -99.000 -9999.0 -9999.0 -9999.0 -9999.0 -9999.0
53877 20040624  1.201  -82.61   35.49    25.5    18.3    21.9    21.1     0.9    16.77 R -9999.0 -9999.0    23.6 -9999.0 -9999.0 -9999.0 -99.000 -99.000 -99.000 -99.000 -99.000 -9999.0 -9999.0 -9999.0 -9999.0 -9999.0
53877 20040625  1.201  -82.61   35.49    22.7    18.2    20.5    20.0    10.4     7.34 R -9999.0 -9999.0    21.6 -9999.0 -9999.0 -9999.0 -99.000 -99.000 -99.000 -99.000 -99.000 -9999.0 -9999.0 -9999.0 -9999.0 -9999.0
53877 20040626  1.201  -82.61   35.49    24.9    16.7    20.8    20.4     0.2    22.65 R -9999.0 -9999.0    23.0 -9999.0 -9999.0 -9999.0 -99.000 -99.000 -99.000 -99.000 -99.000 -9999.0 -9999.0 -9999.0 -9999.0 -9999.0
53877 20040627  1.201  -82.61   35.49    21.5    14.6    18.1    18.4     5.2     8.67 R -9999.0 -9999.0    20.2 -9999.0 -9999.0 -9999.0 -99.000 -99.000 -99.000 -99.000 -99.000 -9999.0 -9999.0 -9999.0 -9999.0 -9999.0
53877 20040628  1.201  -82.61   35.49    23.1    15.4    19.2    19.1     1.6     9.95 R -9999.0 -9999.0    20.7 -9999.0 -9999.0 -9999.0 -99.000 -99.000 -99.000 -99.000 -99.000 -9999.0 -9999.0 -9999.0 -9999.0 -9999.0
53877 20040629  1.201  -82.61   35.49    25.6    12.7    19.2    18.7     5.6    19.97 R -9999.0 -9999.0    20.9 -9999.0 -9999.0 -9999.0 -99.000 -99.000 -99.000 -99.000 -99.000 -9999.0 -9999.0 -9999.0 -9999.0 -9999.0
53877 20040630  1.201  -82.61   35.49    24.0    15.4    19.7    18.9     0.3    12.86 R -9999.0 -9999.0    20.7 -9999.0 -9999.0 -9999.0 -99.000 -99.000 -99.000 -99.000 -99.000 -9999.0 -9999.0 -9999.0 -9999.0 -9999.0
53877 20040701  1.201  -82.61   35.49    25.8    15.5    20.6    20.2     0.3    15.61 R -9999.0 -9999.0    22.5 -9999.0 -9999.0 -9999.0 -99.000 -99.000 -99.000 -99.000 -99.000 -9999.0 -9999.0 -9999.0 -9999.0 -9999.0
53877 20040702  1.201  -82.61   35.49    25.8    17.9    21.9    20.9     0.4    16.12 R -9999.0 -9999.0    23.3 -9999.0 -9999.0 -9999.0 -99.000 -99.000 -99.000 -99.000 -99.000 -9999.0 -9999.0 -9999.0 -9999.0 -9999.0
53877 20040703  1.201  -82.61   35.49    24.9    17.2    21.1    20.3     2.3    12.41 R -9999.0 -9999.0    22.2 -9999.0 -9999.0 -9999.0 -99.000 -99.000 -99.000 -99.000 -99.000 -9999.0 -9999.0 -9999.0 -9999.0 -9999.0
53877 20040704  1.201  -82.61   35.49    27.8    17.2    22.5    21.5     0.0    17.56 R -9999.0 -9999.0    23.8 -9999.0 -9999.0 -9999.0 -99.000 -99.000 -99.000 -99.000 -99.000 -9999.0 -9999.0 -9999.0 -9999.0 -9999.0
53877 20040705  1.201  -82.61   35.49    29.9    14.7    22.3    21.8     2.3    24.36 R -9999.0 -9999.0    23.9 -9999.0 -9999.0 -9999.0 -99.000 -99.000 -99.000 -99.000 -99.000 -9999.0 -9999.0 -9999.0 -9999.0 -9999.0
53877 20040706  1.201  -82.61   35.49    28.8    13.8    21.3    21.4     0.2    24.41 R -9999.0 -9999.0    23.8 -9999.0 -9999.0 -9999.0 -99.000 -99.000 -99.000 -99.000 -99.000 -9999.0 -9999.0 -9999.0 -9999.0 -9999.0
53877 20040707  1.201  -82.61   35.49    28.0    16.8    22.4    21.7     0.3    21.68 R -9999.0 -9999.0    23.9 -9999.0 -9999.0 -9999.0 -99.000 -99.000 -99.000 -99.000 -99.000 -9999.0 -9999.0 -9999.0 -9999.0 -9999.0
53877 20040708  1.201  -82.61   35.49    27.9    14.4    21.1    20.7     0.0    21.50 R -9999.0 -9999.0    22.4 -9999.0 -9999.0 -9999.0 -99.000 -99.000 -99.000 -99.000 -99.000 -9999.0 -9999.0 -9999.0 -9999.0 -9999.0
53877 20040709  1.201  -82.61   35.49    30.0    13.0    21.5    21.4     0.4    26.47 R -9999.0 -9999.0    23.9 -9999.0 -9999.0 -9999.0 -99.000 -99.000 -99.000 -99.000 -99.000 -9999.0 -9999.0 -9999.0 -9999.0 -9999.0
53877 20040710  1.201  -82.61   35.49    30.3    15.1    22.7    21.9     0.3    22.90 R -9999.0 -9999.0    24.1 -9999.0 -9999.0 -9999.0 -99.000 -99.000 -99.000 -99.000 -99.000 -9999.0 -9999.0 -9999.0 -9999.0 -9999.0
53877 20040711  1.201  -82.61   35.49    29.6    18.1    23.8    21.9    19.3    18.32 R -9999.0 -9999.0    23.9 -9999.0 -9999.0 -9999.0 -99.000 -99.000 -99.000 -99.000 -99.000 -9999.0 -9999.0 -9999.0 -9999.0 -9999.0
53877 20040712  1.201  -82.61   35.49    27.6    18.4    23.0    22.2     0.2    17.17 R -9999.0 -9999.0    24.1 -9999.0 -9999.0 -9999.0 -99.000 -99.000 -99.000 -99.000 -99.000 -9999.0 -9999.0 -9999.0 -9999.0 -9999.0
53877 20040713  1.201  -82.61   35.49    29.3    17.8    23.5    22.4     0.2    19.84 R -9999.0 -9999.0    23.7 -9999.0 -9999.0 -9999.0 -99.000 -99.000 -99.000 -99.000 -99.000 -9999.0 -9999.0 -9999.0 -9999.0 -9999.0
53877 20040714  1.201  -82.61   35.49    30.4    16.0    23.2    22.4     2.0    22.04 R -9999.0 -9999.0    23.8 -9999.0 -9999.0 -9999.0 -99.000 -99.000 -99.000 -99.000 -99.000 -9999.0 -9999.0 -9999.0 -9999.0 -9999.0
53877 20040715  1.201  -82.61   35.49    24.8    13.5    19.2    20.4     0.0    23.90 R -9999.0 -9999.0    22.2 -9999.0 -9999.0 -9999.0 -99.000 -99.000 -99.000 -99.000 -99.000 -9999.0 -9999.0 -9999.0 -9999.0 -9999.0
53877 20040716  1.201  -82.61   35.49    26.1     9.9    18.0    18.0     0.0    22.26 R -9999.0 -9999.0    20.9 -9999.0 -9999.0 -9999.0 -99.000 -99.000 -99.000 -99.000 -99.000 -9999.0 -9999.0 -9999.0 -9999.0 -9999.0
53877 20040717  1.201  -82.61   35.49    24.8    13.0    18.9    18.4     8.0    11.72 R -9999.0 -9999.0    20.6 -9999.0 -9999.0 -9999.0 -99.000 -99.000 -99.000 -99.000 -99.000 -9999.0 -9999.0 -9999.0 -9999.0 -9999.0
53877 20040718  1.201  -82.61   35.49    25.7    15.5    20.6    20.2     0.0    22.26 R -9999.0 -9999.0    22.8 -9999.0 -9999.0 -9999.0 -99.000 -99.000 -99.000 -99.000 -99.000 -9999.0 -9999.0 -9999.0 -9999.0 -9999.0
53877 20040719  1.201  -82.61   35.49    26.2    11.9    19.0    18.9     0.3    24.57 R -9999.0 -9999.0    21.4 -9999.0 -9999.0 -9999.0 -99.000 -99.000 -99.000 -99.000 -99.000 -9999.0 -9999.0 -9999.0 -9999.0 -9999.0
53877 20040720  1.201  -82.61   35.49    27.1    12.1    19.6    19.1     0.0    25.40 R -9999.0 -9999.0    21.9 -9999.0 -9999.0 -9999.0 -99.000 -99.000 -99.000 -99.000 -99.000 -9999.0 -9999.0 -9999.0 -9999.0 -9999.0
53877 20040721  1.201  -82.61   35.49    28.7    11.5    20.1    20.4     0.0    26.14 R -9999.0 -9999.0    23.2 -9999.0 -9999.0 -9999.0 -99.000 -99.000 -99.000 -99.000 -99.000 -9999.0 -9999.0 -9999.0 -9999.0 -9999.0
53877 20040722  1.201  -82.61   35.49    27.4    15.0    21.2    21.3     0.0    17.16 R -9999.0 -9999.0    23.3 -9999.0 -9999.0 -9999.0 -99.000 -99.000 -99.000 -99.000 -99.000 -9999.0 -9999.0 -9999.0 -9999.0 -9999.0
53877 20040723  1.201  -82.61   35.49    28.3    17.8    23.0    22.1     0.0    16.84 R -9999.0 -9999.0    23.6 -9999.0 -9999.0 -9999.0 -99.000 -99.000 -99.000 -99.000 -99.000 -9999.0 -9999.0 -9999.0 -9999.0 -9999.0
53877 20040724  1.201  -82.61   35.49    28.9    16.8    22.8    21.8     2.6    18.34 R -9999.0 -9999.0    24.3 -9999.0 -9999.0 -9999.0 -99.000 -99.000 -99.000 -99.000 -99.000 -9999.0 -9999.0 -9999.0 -9999.0 -9999.0
53877 20040725  1.201  -82.61   35.49    28.0    19.3    23.7    22.3     0.2    20.40 R -9999.0 -9999.0    25.1 -9999.0 -9999.0 -9999.0 -99.000 -99.000 -99.000 -99.000 -99.000 -9999.0 -9999.0 -9999.0 -9999.0 -9999.0
53877 20040726  1.201  -82.61   35.49    26.0    19.8    22.9    22.4     9.5    12.70 R -9999.0 -9999.0    24.0 -9999.0 -9999.0 -9999.0 -99.000 -99.000 -99.000 -99.000 -99.000 -9999.0 -9999.0 -9999.0 -9999.0 -9999.0
53877 20040727  1.201  -82.61   35.49    25.0    19.0    22.0    20.6    30.5     8.60 R -9999.0 -9999.0    22.2 -9999.0 -9999.0 -9999.0 -99.000 -99.000 -99.000 -99.000 -99.000 -9999.0 -9999.0 -9999.0 -9999.0 -9999.0
53877 20040728  1.201  -82.61   35.49    27.4    17.4    22.4    20.9     0.2    20.58 R -9999.0 -9999.0    23.5 -9999.0 -9999.0 -9999.0 -99.000 -99.000 -99.000 -99.000 -99.000 -9999.0 -9999.0 -9999.0 -9999.0 -9999.0
53877 20040729  1.201  -82.61   35.49    26.0    15.5    20.7    20.5     1.0    10.87 R -9999.0 -9999.0    22.1 -9999.0 -9999.0 -9999.0 -99.000 -99.000 -99.000 -99.000 -99.000 -9999.0 -9999.0 -9999.0 -9999.0 -9999.0
53877 20040730  1.201  -82.61   35.49    25.1    18.7    21.9    21.6     3.7    14.31 R -9999.0 -9999.0    23.2 -9999.0 -9999.0 -9999.0 -99.000 -99.000 -99.000 -99.000 -99.000 -9999.0 -9999.0 -9999.0 -9999.0 -9999.0
53877 20040731  1.201  -82.61   35.49    27.6    18.7    23.2    22.3     0.5    15.85 R -9999.0 -9999.0    23.9 -9999.0 -9999.0 -9999.0 -99.000 -99.000 -99.000 -99.000 -99.000 -9999.0 -9999.0 -9999.0 -9999.0 -9999.0
53877 20040801  1.201  -82.61   35.49    28.6    18.8    23.7    22.7     0.4    23.14 R -9999.0 -9999.0    24.9 -9999.0 -9999.0 -9999.0 -99.000 -99.000 -99.000 -99.000 -99.000 -9999.0 -9999.0 -9999.0 -9999.0 -9999.0
53877 20040802  1.201  -82.61   35.49    28.3    18.4    23.4    21.6    21.3    17.32 R -9999.0 -9999.0    23.5 -9999.0 -9999.0 -9999.0 -99.000 -99.000 -99.000 -99.000 -99.000 -9999.0 -9999.0 -9999.0 -9999.0 -9999.0
53877 20040803  1.201  -82.61   35.49    27.5    16.0    21.8    21.3     0.0    25.16 R -9999.0 -9999.0    23.0 -9999.0 -9999.0 -9999.0 -99.000 -99.000 -99.000 -99.000 -99.000 -9999.0 -9999.0 -9999.0 -9999.0 -9999.0
53877 20040804  1.201  -82.61   35.49    29.2    14.4    21.8    21.1     0.3    22.21 R -9999.0 -9999.0    23.0 -9999.0 -9999.0 -9999.0 -99.000 -99.000 -99.000 -99.000 -99.000 -9999.0 -9999.0 -9999.0 -9999.0 -9999.0
53877 20040805  1.201  -82.61   35.49    24.0    15.4    19.7    19.3     2.9    10.29 R -9999.0 -9999.0    20.5 -9999.0 -9999.0 -9999.0 -99.000 -99.000 -99.000 -99.000 -99.000 -9999.0 -9999.0 -9999.0 -9999.0 -9999.0
53877 20040806  1.201  -82.61   35.49    22.5    10.1    16.3    17.1     0.0    26.49 R -9999.0 -9999.0    18.8 -9999.0 -9999.0 -9999.0 -99.000 -99.000 -99.000 -99.000 -99.000 -9999.0 -9999.0 -9999.0 -9999.0 -9999.0
53877 20040807  1.201  -82.61   35.49    23.3     6.0    14.6    14.5     0.0    26.56 R -9999.0 -9999.0    17.3 -9999.0 -9999.0 -9999.0 -99.000 -99.000 -99.000 -99.000 -99.000 -9999.0 -9999.0 -9999.0 -9999.0 -9999.0
53877 20040808  1.201  -82.61   35.49    24.6     6.9    15.8    16.0     0.0    24.64 R -9999.0 -9999.0    18.4 -9999.0 -9999.0 -9999.0 -99.000 -99.000 -99.000 -99.000 -99.000 -9999.0 -9999.0 -9999.0 -9999.0 -9999.0
53877 20040809  1.201  -82.61   35.49    25.5    10.5    18.0    17.8     0.0    20.46 R -9999.0 -9999.0    20.0 -9999.0 -9999.0 -9999.0 -99.000 -99.000 -99.000 -99.000 -99.000 -9999.0 -9999.0 -9999.0 -9999.0 -9999.0
53877 20040810  1.201  -82.61   35.49    26.8    11.3    19.1    18.9     0.2    21.96 R -9999.0 -9999.0    20.9 -9999.0 -9999.0 -9999.0 -99.000 -99.000 -99.000 -99.000 -99.000 -9999.0 -9999.0 -9999.0 -9999.0 -9999.0
53877 20040811  1.201  -82.61   35.49    26.8    13.9    20.4    18.8    20.1    16.38 R -9999.0 -9999.0    20.9 -9999.0 -9999.0 -9999.0 -99.000 -99.000 -99.000 -99.000 -99.000 -9999.0 -9999.0 -9999.0 -9999.0 -9999.0
53877 20040812  1.201  -82.61   35.49    21.5    15.2    18.4    17.8    10.4     6.74 R -9999.0 -9999.0    19.2 -9999.0 -9999.0 -9999.0 -99.000 -99.000 -99.000 -99.000 -99.000 -9999.0 -9999.0 -9999.0 -9999.0 -9999.0
53877 20040813  1.201  -82.61   35.49    21.1    12.5    16.8    16.2     0.0    14.48 R -9999.0 -9999.0    18.0 -9999.0 -9999.0 -9999.0 -99.000 -99.000 -99.000 -99.000 -99.000 -9999.0 -9999.0 -9999.0 -9999.0 -9999.0
53877 20040814  1.201  -82.61   35.49    23.8    12.3    18.1    17.6     0.0    19.83 R -9999.0 -9999.0    20.2 -9999.0 -9999.0 -9999.0 -99.000 -99.000 -99.000 -99.000 -99.000 -9999.0 -9999.0 -9999.0 -9999.0 -9999.0
53877 20040815  1.201  -82.61   35.49    23.2    15.8    19.5    18.9     0.7    19.35 R -9999.0 -9999.0    21.3 -9999.0 -9999.0 -9999.0 -99.000 -99.000 -99.000 -99.000 -99.000 -9999.0 -9999.0 -9999.0 -9999.0 -9999.0
53877 20040816  1.201  -82.61   35.49    24.8    15.1    20.0    19.5     0.6    17.15 R -9999.0 -9999.0    21.5 -9999.0 -9999.0 -9999.0 -99.000 -99.000 -99.000 -99.000 -99.000 -9999.0 -9999.0 -9999.0 -9999.0 -9999.0
53877 20040817  1.201  -82.61   35.49    25.0    16.0    20.5    19.5     0.4    11.79 R -9999.0 -9999.0    21.0 -9999.0 -9999.0 -9999.0 -99.000 -99.000 -99.000 -99.000 -99.000 -9999.0 -9999.0 -9999.0 -9999.0 -9999.0
53877 20040818  1.201  -82.61   35.49    26.8    16.4    21.6    20.7     0.0    21.72 R -9999.0 -9999.0    22.7 -9999.0 -9999.0 -9999.0 -99.000 -99.000 -99.000 -99.000 -99.000 -9999.0 -9999.0 -9999.0 -9999.0 -9999.0
53877 20040819  1.201  -82.61   35.49    27.8    13.6    20.7    20.3     0.3    15.94 R -9999.0 -9999.0    21.9 -9999.0 -9999.0 -9999.0 -99.000 -99.000 -99.000 -99.000 -99.000 -9999.0 -9999.0 -9999.0 -9999.0 -9999.0
53877 20040820  1.201  -82.61   35.49    27.9    15.6    21.8    21.3     2.4    15.66 R -9999.0 -9999.0    23.2 -9999.0 -9999.0 -9999.0 -99.000 -99.000 -99.000 -99.000 -99.000 -9999.0 -9999.0 -9999.0 -9999.0 -9999.0
53877 20040821  1.201  -82.61   35.49    26.8    16.3    21.5    20.2     6.9    13.80 R -9999.0 -9999.0    21.9 -9999.0 -9999.0 -9999.0 -99.000 -99.000 -99.000 -99.000 -99.000 -9999.0 -9999.0 -9999.0 -9999.0 -9999.0
53877 20040822  1.201  -82.61   35.49    22.9    16.0    19.5    19.1     1.1    11.14 R -9999.0 -9999.0    21.2 -9999.0 -9999.0 -9999.0 -99.000 -99.000 -99.000 -99.000 -99.000 -9999.0 -9999.0 -9999.0 -9999.0 -9999.0
53877 20040823  1.201  -82.61   35.49    25.0    16.3    20.7    20.0     0.7    11.22 R -9999.0 -9999.0    21.7 -9999.0 -9999.0 -9999.0 -99.000 -99.000 -99.000 -99.000 -99.000 -9999.0 -9999.0 -9999.0 -9999.0 -9999.0
53877 20040824  1.201  -82.61   35.49    26.9    17.1    22.0    20.5     0.3    15.63 R -9999.0 -9999.0    22.7 -9999.0 -9999.0 -9999.0 -99.000 -99.000 -99.000 -99.000 -99.000 -9999.0 -9999.0 -9999.0 -9999.0 -9999.0
53877 20040825  1.201  -82.61   35.49    26.1    16.7    21.4    21.0     0.5    19.46 R -9999.0 -9999.0    23.5 -9999.0 -9999.0 -9999.0 -99.000 -99.000 -99.000 -99.000 -99.000 -9999.0 -9999.0 -9999.0 -9999.0 -9999.0
53877 20040826  1.201  -82.61   35.49    26.9    14.8    20.8    20.6     2.2    19.94 R -9999.0 -9999.0    22.9 -9999.0 -9999.0 -9999.0 -99.000 -99.000 -99.000 -99.000 -99.000 -9999.0 -9999.0 -9999.0 -9999.0 -9999.0
53877 20040827  1.201  -82.61   35.49    28.7    16.3    22.5    21.9     0.2    20.80 R -9999.0 -9999.0    23.9 -9999.0 -9999.0 -9999.0 -99.000 -99.000 -99.000 -99.000 -99.000 -9999.0 -9999.0 -9999.0 -9999.0 -9999.0
53877 20040828  1.201  -82.61   35.49    28.9    16.7    22.8    21.5     0.2    21.14 R -9999.0 -9999.0    23.9 -9999.0 -9999.0 -9999.0 -99.000 -99.000 -99.000 -99.000 -99.000 -9999.0 -9999.0 -9999.0 -9999.0 -9999.0
53877 20040829  1.201  -82.61   35.49    28.0    15.0    21.5    20.0     9.9    16.57 R -9999.0 -9999.0    22.0 -9999.0 -9999.0 -9999.0 -99.000 -99.000 -99.000 -99.000 -99.000 -9999.0 -9999.0 -9999.0 -9999.0 -9999.0
53877 20040830  1.201  -82.61   35.49    27.2    16.3    21.8    20.2     6.7    15.29 R -9999.0 -9999.0    22.2 -9999.0 -9999.0 -9999.0 -99.000 -99.000 -99.000 -99.000 -99.000 -9999.0 -9999.0 -9999.0 -9999.0 -9999.0
53877 20040831  1.201  -82.61   35.49    27.1    17.4    22.2    20.7     0.3    13.94 R -9999.0 -9999.0    22.4 -9999.0 -9999.0 -9999.0 -99.000 -99.000 -99.000 -99.000 -99.000 -9999.0 -9999.0 -9999.0 -9999.0 -9999.0
53877 20040901  1.201  -82.61   35.49    24.7    16.7    20.7    19.8     9.9     9.14 R -9999.0 -9999.0    21.3 -9999.0 -9999.0 -9999.0 -99.000 -99.000 -99.000 -99.000 -99.000 -9999.0 -9999.0 -9999.0 -9999.0 -9999.0
53877 20040902  1.201  -82.61   35.49    20.7    16.1    18.4    18.1    12.9     5.11 R -9999.0 -9999.0    19.2 -9999.0 -9999.0 -9999.0 -99.000 -99.000 -99.000 -99.000 -99.000 -9999.0 -9999.0 -9999.0 -9999.0 -9999.0
53877 20040903  1.201  -82.61   35.49    23.3    16.4    19.8    19.1     1.2    12.26 R -9999.0 -9999.0    20.5 -9999.0 -9999.0 -9999.0 -99.000 -99.000 -99.000 -99.000 -99.000 -9999.0 -9999.0 -9999.0 -9999.0 -9999.0
53877 20040904  1.201  -82.61   35.49    24.3    13.8    19.0    18.1     0.2    14.15 R -9999.0 -9999.0    19.4 -9999.0 -9999.0 -9999.0 -99.000 -99.000 -99.000 -99.000 -99.000 -9999.0 -9999.0 -9999.0 -9999.0 -9999.0
53877 20040905  1.201  -82.61   35.49    24.8    13.3    19.0    18.4     0.0    18.68 R -9999.0 -9999.0    19.6 -9999.0 -9999.0 -9999.0 -99.000 -99.000 -99.000 -99.000 -99.000 -9999.0 -9999.0 -9999.0 -9999.0 -9999.0
53877 20040906  1.201  -82.61   35.49    23.8    14.8    19.3    19.2    13.2     4.86 R -9999.0 -9999.0    20.0 -9999.0 -9999.0 -9999.0 -99.000 -99.000 -99.000 -99.000 -99.000 -9999.0 -9999.0 -9999.0 -9999.0 -9999.0
53877 20040907  1.201  -82.61   35.49    21.1    19.1    20.1    19.8   111.4     1.08 R -9999.0 -9999.0    19.9 -9999.0 -9999.0 -9999.0 -99.000 -99.000 -99.000 -99.000 -99.000 -9999.0 -9999.0 -9999.0 -9999.0 -9999.0
53877 20040908  1.201  -82.61   35.49    22.6    17.7    20.1    20.4    32.5     2.84 R -9999.0 -9999.0    20.6 -9999.0 -9999.0 -9999.0 -99.000 -99.000 -99.000 -99.000 -99.000 -9999.0 -9999.0 -9999.0 -9999.0 -9999.0
53877 20040909  1.201  -82.61   35.49    23.9    15.2    19.6    18.8     0.2    17.06 R -9999.0 -9999.0    19.8 -9999.0 -9999.0 -9999.0 -99.000 -99.000 -99.000 -99.000 -99.000 -9999.0 -9999.0 -9999.0 -9999.0 -9999.0
53877 20040910  1.201  -82.61   35.49    25.4    13.7    19.6    18.6     1.4    18.63 R -9999.0 -9999.0    20.4 -9999.0 -9999.0 -9999.0 -99.000 -99.000 -99.000 -99.000 -99.000 -9999.0 -9999.0 -9999.0 -9999.0 -9999.0
53877 20040911  1.201  -82.61   35.49    25.3    14.4    19.9    18.9     0.9    16.49 R -9999.0 -9999.0    20.0 -9999.0 -9999.0 -9999.0 -99.000 -99.000 -99.000 -99.000 -99.000 -9999.0 -9999.0 -9999.0 -9999.0 -9999.0
53877 20040912  1.201  -82.61   35.49    24.7    12.9    18.8    17.9     0.6    17.81 R -9999.0 -9999.0    19.1 -9999.0 -9999.0 -9999.0 -99.000 -99.000 -99.000 -99.000 -99.000 -9999.0 -9999.0 -9999.0 -9999.0 -9999.0
53877 20040913  1.201  -82.61   35.49    22.3    11.7    17.0    15.8     0.7     9.11 R -9999.0 -9999.0    16.8 -9999.0 -9999.0 -9999.0 -99.000 -99.000 -99.000 -99.000 -99.000 -9999.0 -9999.0 -9999.0 -9999.0 -9999.0
53877 20040914  1.201  -82.61   35.49    23.2    11.0    17.1    17.2     0.0    19.27 R -9999.0 -9999.0    18.6 -9999.0 -9999.0 -9999.0 -99.000 -99.000 -99.000 -99.000 -99.000 -9999.0 -9999.0 -9999.0 -9999.0 -9999.0
53877 20040915  1.201  -82.61   35.49    24.8    14.4    19.6    19.5     0.0    14.72 R -9999.0 -9999.0    20.6 -9999.0 -9999.0 -9999.0 -99.000 -99.000 -99.000 -99.000 -99.000 -9999.0 -9999.0 -9999.0 -9999.0 -9999.0
53877 20040916  1.201  -82.61   35.49    21.6    18.2    19.9    19.7   103.1     1.69 R -9999.0 -9999.0    19.9 -9999.0 -9999.0 -9999.0 -99.000 -99.000 -99.000 -99.000 -99.000 -9999.0 -9999.0 -9999.0 -9999.0 -9999.0
53877 20040917  1.201  -82.61   35.49    22.4    17.3    19.8    19.7    55.1     2.80 R -9999.0 -9999.0    19.4 -9999.0 -9999.0 -9999.0 -99.000 -99.000 -99.000 -99.000 -99.000 -9999.0 -9999.0 -9999.0 -9999.0 -9999.0
53877 20040918  1.201  -82.61   35.49    20.9    11.9    16.4    17.0     0.0    22.07 R -9999.0 -9999.0    17.3 -9999.0 -9999.0 -9999.0 -99.000 -99.000 -99.000 -99.000 -99.000 -9999.0 -9999.0 -9999.0 -9999.0 -9999.0
53877 20040919  1.201  -82.61   35.49    24.2     5.6    14.9    13.4     0.0    21.69 R -9999.0 -9999.0    14.3 -9999.0 -9999.0 -9999.0 -99.000 -99.000 -99.000 -99.000 -99.000 -9999.0 -9999.0 -9999.0 -9999.0 -9999.0
53877 20040920  1.201  -82.61   35.49    20.8     5.7    13.3    11.8     0.0    21.33 R -9999.0 -9999.0    12.9 -9999.0 -9999.0 -9999.0 -99.000 -99.000 -99.000 -99.000 -99.000 -9999.0 -9999.0 -9999.0 -9999.0 -9999.0
53877 20040921  1.201  -82.61   35.49    23.4     4.2    13.8    12.1     0.0    20.65 R -9999.0 -9999.0    13.4 -9999.0 -9999.0 -9999.0 -99.000 -99.000 -99.000 -99.000 -99.000 -9999.0 -9999.0 -9999.0 -9999.0 -9999.0
53877 20040922  1.201  -82.61   35.49    26.1     4.1    15.1    13.9     0.0    19.54 R -9999.0 -9999.0    15.5 -9999.0 -9999.0 -9999.0 -99.000 -99.000 -99.000 -99.000 -99.000 -9999.0 -9999.0 -9999.0 -9999.0 -9999.0
53877 20040923  1.201  -82.61   35.49    27.5     8.2    17.9    16.9     0.0    19.00 R -9999.0 -9999.0    18.4 -9999.0 -9999.0 -9999.0 -99.000 -99.000 -99.000 -99.000 -99.000 -9999.0 -9999.0 -9999.0 -9999.0 -9999.0
53877 20040924  1.201  -82.61   35.49    25.0    10.4    17.7    17.2     0.3    18.32 R -9999.0 -9999.0    18.8 -9999.0 -9999.0 -9999.0 -99.000 -99.000 -99.000 -99.000 -99.000 -9999.0 -9999.0 -9999.0 -9999.0 -9999.0
53877 20040925  1.201  -82.61   35.49    24.8    12.4    18.6    17.6     0.3    15.21 R -9999.0 -9999.0    18.9 -9999.0 -9999.0 -9999.0 -99.000 -99.000 -99.000 -99.000 -99.000 -9999.0 -9999.0 -9999.0 -9999.0 -9999.0
53877 20040926  1.201  -82.61   35.49    23.1     9.9    16.5    16.2     0.3    18.14 R -9999.0 -9999.0    18.1 -9999.0 -9999.0 -9999.0 -99.000 -99.000 -99.000 -99.000 -99.000 -9999.0 -9999.0 -9999.0 -9999.0 -9999.0
53877 20040927  1.201  -82.61   35.49    18.2    15.8    17.0    17.2    63.9     0.87 R -9999.0 -9999.0    17.4 -9999.0 -9999.0 -9999.0 -99.000 -99.000 -99.000 -99.000 -99.000 -9999.0 -9999.0 -9999.0 -9999.0 -9999.0
53877 20040928  1.201  -82.61   35.49    22.0    13.4    17.7    18.2    19.6     7.87 R -9999.0 -9999.0    18.5 -9999.0 -9999.0 -9999.0 -99.000 -99.000 -99.000 -99.000 -99.000 -9999.0 -9999.0 -9999.0 -9999.0 -9999.0
53877 20040929  1.201  -82.61   35.49    23.1    10.5    16.8    16.1     0.0    16.86 R -9999.0 -9999.0    17.7 -9999.0 -9999.0 -9999.0 -99.000 -99.000 -99.000 -99.000 -99.000 -9999.0 -9999.0 -9999.0 -9999.0 -9999.0
53877 20040930  1.201  -82.61   35.49    23.2    10.5    16.8    16.0     0.6    13.42 R -9999.0 -9999.0    17.2 -9999.0 -9999.0 -9999.0 -99.000 -99.000 -99.000 -99.000 -99.000 -9999.0 -9999.0 -9999.0 -9999.0 -9999.0
53877 20041001  1.201  -82.61   35.49    23.7    11.6    17.7    16.7     0.6    16.75 R -9999.0 -9999.0    18.3 -9999.0 -9999.0 -9999.0 -99.000 -99.000 -99.000 -99.000 -99.000 -9999.0 -9999.0 -9999.0 -9999.0 -9999.0
53877 20041002  1.201  -82.61   35.49    23.9    10.2    17.1    15.9     0.2    12.33 R -9999.0 -9999.0    16.9 -9999.0 -9999.0 -9999.0 -99.000 -99.000 -99.000 -99.000 -99.000 -9999.0 -9999.0 -9999.0 -9999.0 -9999.0
53877 20041003  1.201  -82.61   35.49    23.2     8.8    16.0    15.5     0.3    13.25 R -9999.0 -9999.0    16.7 -9999.0 -9999.0 -9999.0 -99.000 -99.000 -99.000 -99.000 -99.000 -9999.0 -9999.0 -9999.0 -9999.0 -9999.0
53877 20041004  1.201  -82.61   35.49    22.2     5.2    13.7    12.4     0.0    18.38 R -9999.0 -9999.0    13.7 -9999.0 -9999.0 -9999.0 -99.000 -99.000 -99.000 -99.000 -99.000 -9999.0 -9999.0 -9999.0 -9999.0 -9999.0
53877 20041005  1.201  -82.61   35.49    23.0     4.7    13.9    13.1     0.0    17.61 R -9999.0 -9999.0    14.4 -9999.0 -9999.0 -9999.0 -99.000 -99.000 -99.000 -99.000 -99.000 -9999.0 -9999.0 -9999.0 -9999.0 -9999.0
53877 20041006  1.201  -82.61   35.49    19.5    10.5    15.0    14.9     0.0    12.83 R -9999.0 -9999.0    16.4 -9999.0 -9999.0 -9999.0 -99.000 -99.000 -99.000 -99.000 -99.000 -9999.0 -9999.0 -9999.0 -9999.0 -9999.0
53877 20041007  1.201  -82.61   35.49    21.8     7.4    14.6    14.9     0.0    16.78 R -9999.0 -9999.0    16.3 -9999.0 -9999.0 -9999.0 -99.000 -99.000 -99.000 -99.000 -99.000 -9999.0 -9999.0 -9999.0 -9999.0 -9999.0
53877 20041008  1.201  -82.61   35.49    20.4     3.1    11.8    12.2     0.0    17.76 R -9999.0 -9999.0    13.7 -9999.0 -9999.0 -9999.0 -99.000 -99.000 -99.000 -99.000 -99.000 -9999.0 -9999.0 -9999.0 -9999.0 -9999.0
53877 20041009  1.201  -82.61   35.49    19.1    11.9    15.5    15.2     0.2     7.15 R -9999.0 -9999.0    16.1 -9999.0 -9999.0 -9999.0 -99.000 -99.000 -99.000 -99.000 -99.000 -9999.0 -9999.0 -9999.0 -9999.0 -9999.0
53877 20041010  1.201  -82.61   35.49    22.9    11.3    17.1    16.4     0.4    13.74 R -9999.0 -9999.0    17.8 -9999.0 -9999.0 -9999.0 -99.000 -99.000 -99.000 -99.000 -99.000 -9999.0 -9999.0 -9999.0 -9999.0 -9999.0
53877 20041011  1.201  -82.61   35.49    23.0    11.8    17.4    16.3     0.0    15.79 R -9999.0 -9999.0    17.5 -9999.0 -9999.0 -9999.0 -99.000 -99.000 -99.000 -99.000 -99.000 -9999.0 -9999.0 -9999.0 -9999.0 -9999.0
53877 20041012  1.201  -82.61   35.49    23.5    10.0    16.8    16.0     4.8    11.46 R -9999.0 -9999.0    17.3 -9999.0 -9999.0 -9999.0 -99.000 -99.000 -99.000 -99.000 -99.000 -9999.0 -9999.0 -9999.0 -9999.0 -9999.0
53877 20041013  1.201  -82.61   35.49    20.0    11.7    15.9    14.7     0.7     5.19 R -9999.0 -9999.0    15.6 -9999.0 -9999.0 -9999.0 -99.000 -99.000 -99.000 -99.000 -99.000 -9999.0 -9999.0 -9999.0 -9999.0 -9999.0
53877 20041014  1.201  -82.61   35.49    17.5     9.2    13.4    13.1     0.0     9.44 R -9999.0 -9999.0    14.2 -9999.0 -9999.0 -9999.0 -99.000 -99.000 -99.000 -99.000 -99.000 -9999.0 -9999.0 -9999.0 -9999.0 -9999.0
53877 20041015  1.201  -82.61   35.49    13.9     1.7     7.8     8.8     0.0    14.63 R -9999.0 -9999.0    10.4 -9999.0 -9999.0 -9999.0 -99.000 -99.000 -99.000 -99.000 -99.000 -9999.0 -9999.0 -9999.0 -9999.0 -9999.0
53877 20041016  1.201  -82.61   35.49    16.8     0.5     8.7     7.2     0.0    14.91 R -9999.0 -9999.0     8.1 -9999.0 -9999.0 -9999.0 -99.000 -99.000 -99.000 -99.000 -99.000 -9999.0 -9999.0 -9999.0 -9999.0 -9999.0
53877 20041017  1.201  -82.61   35.49    18.6    -1.9     8.4     7.1     0.0    14.09 R -9999.0 -9999.0     8.2 -9999.0 -9999.0 -9999.0 -99.000 -99.000 -99.000 -99.000 -99.000 -9999.0 -9999.0 -9999.0 -9999.0 -9999.0
53877 20041018  1.201  -82.61   35.49    20.1     4.4    12.3    13.1     0.0     6.52 R -9999.0 -9999.0    13.2 -9999.0 -9999.0 -9999.0 -99.000 -99.000 -99.000 -99.000 -99.000 -9999.0 -9999.0 -9999.0 -9999.0 -9999.0
53877 20041019  1.201  -82.61   35.49    18.9    12.0    15.5    16.5     7.0     3.76 R -9999.0 -9999.0    16.1 -9999.0 -9999.0 -9999.0 -99.000 -99.000 -99.000 -99.000 -99.000 -9999.0 -9999.0 -9999.0 -9999.0 -9999.0
53877 20041020  1.201  -82.61   35.49    22.6    11.3    17.0    15.9     0.4     9.96 R -9999.0 -9999.0    16.8 -9999.0 -9999.0 -9999.0 -99.000 -99.000 -99.000 -99.000 -99.000 -9999.0 -9999.0 -9999.0 -9999.0 -9999.0
53877 20041021  1.201  -82.61   35.49    20.3    13.2    16.8    15.6     0.2     7.14 R -9999.0 -9999.0    16.7 -9999.0 -9999.0 -9999.0 -99.000 -99.000 -99.000 -99.000 -99.000 -9999.0 -9999.0 -9999.0 -9999.0 -9999.0
53877 20041022  1.201  -82.61   35.49    19.3    13.2    16.3    14.9     0.2     9.57 R -9999.0 -9999.0    16.6 -9999.0 -9999.0 -9999.0 -99.000 -99.000 -99.000 -99.000 -99.000 -9999.0 -9999.0 -9999.0 -9999.0 -9999.0
53877 20041023  1.201  -82.61   35.49    14.1    10.7    12.4    12.3     0.8     6.54 R -9999.0 -9999.0    14.1 -9999.0 -9999.0 -9999.0 -99.000 -99.000 -99.000 -99.000 -99.000 -9999.0 -9999.0 -9999.0 -9999.0 -9999.0
53877 20041024  1.201  -82.61   35.49    20.9     8.0    14.5    13.7     3.0     9.42 R -9999.0 -9999.0    14.8 -9999.0 -9999.0 -9999.0 -99.000 -99.000 -99.000 -99.000 -99.000 -9999.0 -9999.0 -9999.0 -9999.0 -9999.0
53877 20041025  1.201  -82.61   35.49    22.5     6.3    14.4    13.0     0.3    13.10 R -9999.0 -9999.0    13.9 -9999.0 -9999.0 -9999.0 -99.000 -99.000 -99.000 -99.000 -99.000 -9999.0 -9999.0 -9999.0 -9999.0 -9999.0
53877 20041026  1.201  -82.61   35.49    21.0     6.2    13.6    12.2     0.4    13.55 R -9999.0 -9999.0    13.9 -9999.0 -9999.0 -9999.0 -99.000 -99.000 -99.000 -99.000 -99.000 -9999.0 -9999.0 -9999.0 -9999.0 -9999.0
53877 20041027  1.201  -82.61   35.49    23.1    11.8    17.5    16.5     1.0     9.14 R -9999.0 -9999.0    17.6 -9999.0 -9999.0 -9999.0 -99.000 -99.000 -99.000 -99.000 -99.000 -9999.0 -9999.0 -9999.0 -9999.0 -9999.0
53877 20041028  1.201  -82.61   35.49 -9999.0 -9999.0 -9999.0 -9999.0 -9999.0 -9999.00 U -9999.0 -9999.0 -9999.0 -9999.0 -9999.0 -9999.0 -99.000 -99.000 -99.000 -99.000 -99.000 -9999.0 -9999.0 -9999.0 -9999.0 -9999.0
53877 20041029  1.201  -82.61   35.49    21.7    13.9    17.8    16.0     2.7     7.25 R -9999.0 -9999.0    16.9 -9999.0 -9999.0 -9999.0 -99.000 -99.000 -99.000 -99.000 -99.000 -9999.0 -9999.0 -9999.0 -9999.0 -9999.0
53877 20041030  1.201  -82.61   35.49    25.5    13.2    19.4    17.5     0.3    10.90 R -9999.0 -9999.0    18.1 -9999.0 -9999.0 -9999.0 -99.000 -99.000 -99.000 -99.000 -99.000 -9999.0 -9999.0 -9999.0 -9999.0 -9999.0
53877 20041031  1.201  -82.61   35.49    26.3    11.3    18.8    17.4     0.4     9.46 R -9999.0 -9999.0    16.1 -9999.0 -9999.0 -9999.0 -99.000 -99.000 -99.000 -99.000 -99.000 -9999.0 -9999.0 -9999.0 -9999.0 -9999.0
53877 20041101  1.201  -82.61   35.49    25.5     9.0    17.3    16.5     0.2    10.25 R -9999.0 -9999.0    16.1 -9999.0 -9999.0 -9999.0 -99.000 -99.000 -99.000 -99.000 -99.000 -9999.0 -9999.0 -9999.0 -9999.0 -9999.0
53877 20041102  1.201  -82.61   35.49    24.4    17.6    21.0    19.9     5.3     8.77 R -9999.0 -9999.0    19.7 -9999.0 -9999.0 -9999.0 -99.000 -99.000 -99.000 -99.000 -99.000 -9999.0 -9999.0 -9999.0 -9999.0 -9999.0
53877 20041103  1.201  -82.61   35.49    19.7    16.4    18.1    17.9     9.8     2.65 R -9999.0 -9999.0    18.3 -9999.0 -9999.0 -9999.0 -99.000 -99.000 -99.000 -99.000 -99.000 -9999.0 -9999.0 -9999.0 -9999.0 -9999.0
53877 20041104  1.201  -82.61   35.49    19.3    10.2    14.8    15.0    47.8     6.08 R -9999.0 -9999.0    15.3 -9999.0 -9999.0 -9999.0 -99.000 -99.000 -99.000 -99.000 -99.000 -9999.0 -9999.0 -9999.0 -9999.0 -9999.0
53877 20041105  1.201  -82.61   35.49    13.4    -0.8     6.3     7.6     0.0    13.18 R -9999.0 -9999.0     8.1 -9999.0 -9999.0 -9999.0 -99.000 -99.000 -99.000 -99.000 -99.000 -9999.0 -9999.0 -9999.0 -9999.0 -9999.0
53877 20041106  1.201  -82.61   35.49    17.5    -1.9     7.8     5.6     0.3    12.82 R -9999.0 -9999.0     6.1 -9999.0 -9999.0 -9999.0 -99.000 -99.000 -99.000 -99.000 -99.000 -9999.0 -9999.0 -9999.0 -9999.0 -9999.0
53877 20041107  1.201  -82.61   35.49    21.2    -1.0    10.1     8.5     0.0    12.34 R -9999.0 -9999.0     8.1 -9999.0 -9999.0 -9999.0 -99.000 -99.000 -99.000 -99.000 -99.000 -9999.0 -9999.0 -9999.0 -9999.0 -9999.0
53877 20041108  1.201  -82.61   35.49    15.3     2.1     8.7    11.6     0.0    12.23 R -9999.0 -9999.0     9.6 -9999.0 -9999.0 -9999.0 -99.000 -99.000 -99.000 -99.000 -99.000 -9999.0 -9999.0 -9999.0 -9999.0 -9999.0
53877 20041109  1.201  -82.61   35.49    15.9    -2.6     6.7     4.8     0.2    11.96 R -9999.0 -9999.0     4.9 -9999.0 -9999.0 -9999.0 -99.000 -99.000 -99.000 -99.000 -99.000 -9999.0 -9999.0 -9999.0 -9999.0 -9999.0
53877 20041110  1.201  -82.61   35.49    12.7    -2.3     5.2     4.8     0.0    10.04 R -9999.0 -9999.0     4.8 -9999.0 -9999.0 -9999.0 -99.000 -99.000 -99.000 -99.000 -99.000 -9999.0 -9999.0 -9999.0 -9999.0 -9999.0
53877 20041111  1.201  -82.61   35.49    10.4    -0.3     5.1     5.8     0.3     1.69 R -9999.0 -9999.0     6.4 -9999.0 -9999.0 -9999.0 -99.000 -99.000 -99.000 -99.000 -99.000 -9999.0 -9999.0 -9999.0 -9999.0 -9999.0
53877 20041112  1.201  -82.61   35.49    12.9     8.2    10.6    10.8    24.5     1.39 R -9999.0 -9999.0    11.1 -9999.0 -9999.0 -9999.0 -99.000 -99.000 -99.000 -99.000 -99.000 -9999.0 -9999.0 -9999.0 -9999.0 -9999.0
53877 20041113  1.201  -82.61   35.49    13.0    -0.2     6.4     7.7     0.0     5.53 R -9999.0 -9999.0     8.1 -9999.0 -9999.0 -9999.0 -99.000 -99.000 -99.000 -99.000 -99.000 -9999.0 -9999.0 -9999.0 -9999.0 -9999.0
53877 20041114  1.201  -82.61   35.49    11.7    -2.8     4.5     2.6     0.0    10.99 R -9999.0 -9999.0     2.9 -9999.0 -9999.0 -9999.0 -99.000 -99.000 -99.000 -99.000 -99.000 -9999.0 -9999.0 -9999.0 -9999.0 -9999.0
53877 20041115  1.201  -82.61   35.49    15.6    -5.5     5.1     2.9     0.0    10.95 R -9999.0 -9999.0     2.8 -9999.0 -9999.0 -9999.0 -99.000 -99.000 -99.000 -99.000 -99.000 -9999.0 -9999.0 -9999.0 -9999.0 -9999.0
53877 20041116  1.201  -82.61   35.49    15.5    -2.8     6.4     4.5     0.0     6.00 R -9999.0 -9999.0     4.6 -9999.0 -9999.0 -9999.0 -99.000 -99.000 -99.000 -99.000 -99.000 -9999.0 -9999.0 -9999.0 -9999.0 -9999.0
53877 20041117  1.201  -82.61   35.49    18.1     0.3     9.2     9.5     0.0     8.15 R -9999.0 -9999.0     8.9 -9999.0 -9999.0 -9999.0 -99.000 -99.000 -99.000 -99.000 -99.000 -9999.0 -9999.0 -9999.0 -9999.0 -9999.0
53877 20041118  1.201  -82.61   35.49    18.3     2.7    10.5    10.5     0.0     7.83 R -9999.0 -9999.0    10.2 -9999.0 -9999.0 -9999.0 -99.000 -99.000 -99.000 -99.000 -99.000 -9999.0 -9999.0 -9999.0 -9999.0 -9999.0
53877 20041119  1.201  -82.61   35.49    19.1     8.1    13.6    13.6     0.0     6.56 R -9999.0 -9999.0    12.6 -9999.0 -9999.0 -9999.0 -99.000 -99.000 -99.000 -99.000 -99.000 -9999.0 -9999.0 -9999.0 -9999.0 -9999.0
53877 20041120  1.201  -82.61   35.49    17.9    10.9    14.4    13.4     0.0     5.29 R -9999.0 -9999.0    13.1 -9999.0 -9999.0 -9999.0 -99.000 -99.000 -99.000 -99.000 -99.000 -9999.0 -9999.0 -9999.0 -9999.0 -9999.0
53877 20041121  1.201  -82.61   35.49    15.7     8.4    12.1    12.0     0.0     3.01 R -9999.0 -9999.0    11.7 -9999.0 -9999.0 -9999.0 -99.000 -99.000 -99.000 -99.000 -99.000 -9999.0 -9999.0 -9999.0 -9999.0 -9999.0
53877 20041122  1.201  -82.61   35.49    18.9     9.9    14.4    13.6     1.1     6.13 R -9999.0 -9999.0    14.0 -9999.0 -9999.0 -9999.0 -99.000 -99.000 -99.000 -99.000 -99.000 -9999.0 -9999.0 -9999.0 -9999.0 -9999.0
53877 20041123  1.201  -82.61   35.49    14.6    13.1    13.9    13.7     5.9     1.33 R -9999.0 -9999.0    13.9 -9999.0 -9999.0 -9999.0 -99.000 -99.000 -99.000 -99.000 -99.000 -9999.0 -9999.0 -9999.0 -9999.0 -9999.0
53877 20041124  1.201  -82.61   35.49    17.3    12.8    15.1    14.5    36.9     1.06 R -9999.0 -9999.0    13.4 -9999.0 -9999.0 -9999.0 -99.000 -99.000 -99.000 -99.000 -99.000 -9999.0 -9999.0 -9999.0 -9999.0 -9999.0
53877 20041125  1.201  -82.61   35.49    14.6    -0.9     6.9     4.9     0.3     7.06 R -9999.0 -9999.0     4.9 -9999.0 -9999.0 -9999.0 -99.000 -99.000 -99.000 -99.000 -99.000 -9999.0 -9999.0 -9999.0 -9999.0 -9999.0
53877 20041126  1.201  -82.61   35.49     9.9    -3.9     3.0     2.6     0.0     9.62 R -9999.0 -9999.0     2.4 -9999.0 -9999.0 -9999.0 -99.000 -99.000 -99.000 -99.000 -99.000 -9999.0 -9999.0 -9999.0 -9999.0 -9999.0
53877 20041127  1.201  -82.61   35.49     6.3    -2.5     1.9     2.3     6.8     5.09 R -9999.0 -9999.0     2.6 -9999.0 -9999.0 -9999.0 -99.000 -99.000 -99.000 -99.000 -99.000 -9999.0 -9999.0 -9999.0 -9999.0 -9999.0
53877 20041128  1.201  -82.61   35.49     9.4    -0.9     4.3     4.5     0.0     9.19 R -9999.0 -9999.0     4.7 -9999.0 -9999.0 -9999.0 -99.000 -99.000 -99.000 -99.000 -99.000 -9999.0 -9999.0 -9999.0 -9999.0 -9999.0
53877 20041129  1.201  -82.61   35.49    12.7     0.3     6.5     6.4     0.0     8.31 R -9999.0 -9999.0     6.2 -9999.0 -9999.0 -9999.0 -99.000 -99.000 -99.000 -99.000 -99.000 -9999.0 -9999.0 -9999.0 -9999.0 -9999.0
53877 20041130  1.201  -82.61   35.49    12.4     0.5     6.5     7.1     2.9     2.66 R -9999.0 -9999.0     7.0 -9999.0 -9999.0 -9999.0 -99.000 -99.000 -99.000 -99.000 -99.000 -9999.0 -9999.0 -9999.0 -9999.0 -9999.0
53877 20041201  1.201  -82.61   35.49    13.7    -2.0     5.9     6.0     8.8     9.70 R -9999.0 -9999.0     5.7 -9999.0 -9999.0 -9999.0 -99.000 -99.000 -99.000 -99.000 -99.000 -9999.0 -9999.0 -9999.0 -9999.0 -9999.0
53877 20041202  1.201  -82.61   35.49    14.3    -6.0     4.2     1.7     0.0     9.69 R -9999.0 -9999.0     1.2 -9999.0 -9999.0 -9999.0 -99.000 -99.000 -99.000 -99.000 -99.000 -9999.0 -9999.0 -9999.0 -9999.0 -9999.0
53877 20041203  1.201  -82.61   35.49     9.7    -3.3     3.2     2.2     0.0     8.75 R -9999.0 -9999.0     1.1 -9999.0 -9999.0 -9999.0 -99.000 -99.000 -99.000 -99.000 -99.000 -9999.0 -9999.0 -9999.0 -9999.0 -9999.0
53877 20041204  1.201  -82.61   35.49    11.3    -6.2     2.6     0.5     0.0     9.25 R -9999.0 -9999.0     0.3 -9999.0 -9999.0 -9999.0 -99.000 -99.000 -99.000 -99.000 -99.000 -9999.0 -9999.0 -9999.0 -9999.0 -9999.0
53877 20041205  1.201  -82.61   35.49    14.1    -3.9     5.1     4.9     0.0     9.23 R -9999.0 -9999.0     3.7 -9999.0 -9999.0 -9999.0 -99.000 -99.000 -99.000 -99.000 -99.000 -9999.0 -9999.0 -9999.0 -9999.0 -9999.0
53877 20041206  1.201  -82.61   35.49    10.1     5.5     7.8     8.1     2.9     1.72 R -9999.0 -9999.0     8.1 -9999.0 -9999.0 -9999.0 -99.000 -99.000 -99.000 -99.000 -99.000 -9999.0 -9999.0 -9999.0 -9999.0 -9999.0
53877 20041207  1.201  -82.61   35.49    19.9     6.3    13.1    13.9     0.2     5.49 R -9999.0 -9999.0    11.7 -9999.0 -9999.0 -9999.0 -99.000 -99.000 -99.000 -99.000 -99.000 -9999.0 -9999.0 -9999.0 -9999.0 -9999.0
53877 20041208  1.201  -82.61   35.49    16.6     2.5     9.6     7.9     0.0     9.01 R -9999.0 -9999.0     6.4 -9999.0 -9999.0 -9999.0 -99.000 -99.000 -99.000 -99.000 -99.000 -9999.0 -9999.0 -9999.0 -9999.0 -9999.0
53877 20041209  1.201  -82.61   35.49    12.2     2.5     7.4     8.1    19.9     1.08 R -9999.0 -9999.0     7.9 -9999.0 -9999.0 -9999.0 -99.000 -99.000 -99.000 -99.000 -99.000 -9999.0 -9999.0 -9999.0 -9999.0 -9999.0
53877 20041210  1.201  -82.61   35.49    16.3     4.6    10.5     9.8     1.4     6.58 R -9999.0 -9999.0     9.8 -9999.0 -9999.0 -9999.0 -99.000 -99.000 -99.000 -99.000 -99.000 -9999.0 -9999.0 -9999.0 -9999.0 -9999.0
53877 20041211  1.201  -82.61   35.49     6.4     2.6     4.5     4.1     2.2     4.21 R -9999.0 -9999.0     4.8 -9999.0 -9999.0 -9999.0 -99.000 -99.000 -99.000 -99.000 -99.000 -9999.0 -9999.0 -9999.0 -9999.0 -9999.0
53877 20041212  1.201  -82.61   35.49     5.9    -1.3     2.3     2.5     0.0     6.38 R -9999.0 -9999.0     3.6 -9999.0 -9999.0 -9999.0 -99.000 -99.000 -99.000 -99.000 -99.000 -9999.0 -9999.0 -9999.0 -9999.0 -9999.0
53877 20041213  1.201  -82.61   35.49     7.9    -1.3     3.3     3.7     0.0     9.10 R -9999.0 -9999.0     2.7 -9999.0 -9999.0 -9999.0 -99.000 -99.000 -99.000 -99.000 -99.000 -9999.0 -9999.0 -9999.0 -9999.0 -9999.0
53877 20041214  1.201  -82.61   35.49    -1.3    -4.7    -3.0    -3.5     0.3     7.54 R -9999.0 -9999.0    -1.9 -9999.0 -9999.0 -9999.0 -99.000 -99.000 -99.000 -99.000 -99.000 -9999.0 -9999.0 -9999.0 -9999.0 -9999.0
53877 20041215  1.201  -82.61   35.49     4.8    -7.8    -1.5    -2.9     0.0     9.20 R -9999.0 -9999.0    -2.2 -9999.0 -9999.0 -9999.0 -99.000 -99.000 -99.000 -99.000 -99.000 -9999.0 -9999.0 -9999.0 -9999.0 -9999.0
53877 20041216  1.201  -82.61   35.49    10.4   -11.1    -0.3    -2.7     0.0     9.00 R -9999.0 -9999.0    -2.7 -9999.0 -9999.0 -9999.0 -99.000 -99.000 -99.000 -99.000 -99.000 -9999.0 -9999.0 -9999.0 -9999.0 -9999.0
53877 20041217  1.201  -82.61   35.49    10.0    -5.6     2.2     0.9     0.0     8.69 R -9999.0 -9999.0     0.6 -9999.0 -9999.0 -9999.0 -99.000 -99.000 -99.000 -99.000 -99.000 -9999.0 -9999.0 -9999.0 -9999.0 -9999.0
53877 20041218  1.201  -82.61   35.49     9.5    -7.5     1.0    -1.0     0.0     8.62 R -9999.0 -9999.0    -1.3 -9999.0 -9999.0 -9999.0 -99.000 -99.000 -99.000 -99.000 -99.000 -9999.0 -9999.0 -9999.0 -9999.0 -9999.0
53877 20041219  1.201  -82.61   35.49     3.3   -10.8    -3.7    -2.9     0.9     2.07 R -9999.0 -9999.0    -3.0 -9999.0 -9999.0 -9999.0 -99.000 -99.000 -99.000 -99.000 -99.000 -9999.0 -9999.0 -9999.0 -9999.0 -9999.0
53877 20041220  1.201  -82.61   35.49    -2.0   -13.6    -7.8    -8.7     0.0     8.87 R -9999.0 -9999.0    -8.1 -9999.0 -9999.0 -9999.0 -99.000 -99.000 -99.000 -99.000 -99.000 -9999.0 -9999.0 -9999.0 -9999.0 -9999.0
53877 20041221  1.201  -82.61   35.49    10.9   -11.1    -0.1    -2.1     0.0     5.02 R -9999.0 -9999.0    -1.9 -9999.0 -9999.0 -9999.0 -99.000 -99.000 -99.000 -99.000 -99.000 -9999.0 -9999.0 -9999.0 -9999.0 -9999.0
53877 20041222  1.201  -82.61   35.49    11.3    -5.1     3.1     4.1    14.5     3.39 R -9999.0 -9999.0     2.8 -9999.0 -9999.0 -9999.0 -99.000 -99.000 -99.000 -99.000 -99.000 -9999.0 -9999.0 -9999.0 -9999.0 -9999.0
53877 20041223  1.201  -82.61   35.49    14.0    -3.2     5.4     4.8    25.7     1.77 R -9999.0 -9999.0     4.7 -9999.0 -9999.0 -9999.0 -99.000 -99.000 -99.000 -99.000 -99.000 -9999.0 -9999.0 -9999.0 -9999.0 -9999.0
53877 20041224  1.201  -82.61   35.49     0.1    -6.4    -3.1    -3.6     0.0     5.50 R -9999.0 -9999.0    -2.5 -9999.0 -9999.0 -9999.0 -99.000 -99.000 -99.000 -99.000 -99.000 -9999.0 -9999.0 -9999.0 -9999.0 -9999.0
53877 20041225  1.201  -82.61   35.49     2.0    -9.1    -3.5    -4.0     0.0     7.90 R -9999.0 -9999.0    -2.8 -9999.0 -9999.0 -9999.0 -99.000 -99.000 -99.000 -99.000 -99.000 -9999.0 -9999.0 -9999.0 -9999.0 -9999.0
53877 20041226  1.201  -82.61   35.49     5.4    -5.2     0.1    -0.8     0.0     8.70 R -9999.0 -9999.0    -1.0 -9999.0 -9999.0 -9999.0 -99.000 -99.000 -99.000 -99.000 -99.000 -9999.0 -9999.0 -9999.0 -9999.0 -9999.0
53877 20041227  1.201  -82.61   35.49     7.2    -6.6     0.3    -0.9     0.0     9.15 R -9999.0 -9999.0    -1.7 -9999.0 -9999.0 -9999.0 -99.000 -99.000 -99.000 -99.000 -99.000 -9999.0 -9999.0 -9999.0 -9999.0 -9999.0
53877 20041228  1.201  -82.61   35.49     8.8    -8.9     0.0    -1.4     0.0     8.77 R -9999.0 -9999.0    -1.6 -9999.0 -9999.0 -9999.0 -99.000 -99.000 -99.000 -99.000 -99.000 -9999.0 -9999.0 -9999.0 -9999.0 -9999.0
53877 20041229  1.201  -82.61   35.49    14.2    -6.2     4.0     3.1     0.0     8.76 R -9999.0 -9999.0     2.1 -9999.0 -9999.0 -9999.0 -99.000 -99.000 -99.000 -99.000 -99.000 -9999.0 -9999.0 -9999.0 -9999.0 -9999.0
53877 20041230  1.201  -82.61   35.49    16.1    -2.0     7.1     6.6     0.0     7.42 R -9999.0 -9999.0     5.1 -9999.0 -9999.0 -9999.0 -99.000 -99.000 -99.000 -99.000 -99.000 -9999.0 -9999.0 -9999.0 -9999.0 -9999.0
53877 20041231  1.201  -82.61   35.49    14.8     1.2     8.0     7.7     0.3     6.67 R -9999.0 -9999.0     5.8 -9999.0 -9999.0 -9999.0 -99.000 -99.000 -99.000 -99.000 -99.000 -9999.0 -9999.0 -9999.0 -9999.0 -9999.0
