53877 20060101  1.201  -82.61   35.49    15.6    -4.6     5.5     4.9     0.0     9.58 R -9999.0 -9999.0     4.1 -9999.0 -9999.0 -9999.0 -99.000 -99.000 -99.000 -99.000 -99.000 -9999.0 -9999.0 -9999.0 -9999.0 -9999.0
53877 20060102  1.201  -82.61   35.49    10.3     6.4     8.4     8.4    19.8     1.29 R -9999.0 -9999.0     8.1 -9999.0 -9999.0 -9999.0 -99.000 -99.000 -99.000 -99.000 -99.000 -9999.0 -9999.0 -9999.0 -9999.0 -9999.0
53877 20060103  1.201  -82.61   35.49     8.3     1.2     4.8     5.6     0.0     2.84 R -9999.0 -9999.0     5.0 -9999.0 -9999.0 -9999.0 -99.000 -99.000 -99.000 -99.000 -99.000 -9999.0 -9999.0 -9999.0 -9999.0 -9999.0
53877 20060104  1.201  -82.61   35.49    15.5    -1.7     6.9     4.2     0.4     9.49 R -9999.0 -9999.0     4.7 -9999.0 -9999.0 -9999.0 -99.000 -99.000 -99.000 -99.000 -99.000 -9999.0 -9999.0 -9999.0 -9999.0 -9999.0
53877 20060105  1.201  -82.61   35.49     7.6    -0.4     3.6     3.0     0.0     3.43 R -9999.0 -9999.0     3.3 -9999.0 -9999.0 -9999.0 -99.000 -99.000 -99.000 -99.000 -99.000 -9999.0 -9999.0 -9999.0 -9999.0 -9999.0
53877 20060106  1.201  -82.61   35.49     3.2    -2.2     0.5     0.8     0.0     3.35 R -9999.0 -9999.0     1.5 -9999.0 -9999.0 -9999.0 -99.000 -99.000 -99.000 -99.000 -99.000 -9999.0 -9999.0 -9999.0 -9999.0 -9999.0
53877 20060107  1.201  -82.61   35.49     6.0    -5.2     0.4    -1.4     0.0     6.67 R -9999.0 -9999.0    -1.0 -9999.0 -9999.0 -9999.0 -99.000 -99.000 -99.000 -99.000 -99.000 -9999.0 -9999.0 -9999.0 -9999.0 -9999.0
53877 20060108  1.201  -82.61   35.49    17.1    -7.0     5.1     4.1     0.0     9.56 R -9999.0 -9999.0     3.4 -9999.0 -9999.0 -9999.0 -99.000 -99.000 -99.000 -99.000 -99.000 -9999.0 -9999.0 -9999.0 -9999.0 -9999.0
53877 20060109  1.201  -82.61   35.49    19.0     1.6    10.3     9.5     0.0     8.69 R -9999.0 -9999.0     8.2 -9999.0 -9999.0 -9999.0 -99.000 -99.000 -99.000 -99.000 -99.000 -9999.0 -9999.0 -9999.0 -9999.0 -9999.0
53877 20060110  1.201  -82.61   35.49    16.7     1.9     9.3    10.2     0.0     4.90 R -9999.0 -9999.0     9.0 -9999.0 -9999.0 -9999.0 -99.000 -99.000 -99.000 -99.000 -99.000 -9999.0 -9999.0 -9999.0 -9999.0 -9999.0
53877 20060111  1.201  -82.61   35.49    18.5     0.3     9.4    11.1     3.3     7.95 R -9999.0 -9999.0    10.1 -9999.0 -9999.0 -9999.0 -99.000 -99.000 -99.000 -99.000 -99.000 -9999.0 -9999.0 -9999.0 -9999.0 -9999.0
53877 20060112  1.201  -82.61   35.49    18.3    -3.1     7.6     4.1     0.0    10.12 R -9999.0 -9999.0     3.8 -9999.0 -9999.0 -9999.0 -99.000 -99.000 -99.000 -99.000 -99.000 -9999.0 -9999.0 -9999.0 -9999.0 -9999.0
53877 20060113  1.201  -82.61   35.49    16.1     1.2     8.7     7.5    21.6     6.07 R -9999.0 -9999.0     7.3 -9999.0 -9999.0 -9999.0 -99.000 -99.000 -99.000 -99.000 -99.000 -9999.0 -9999.0 -9999.0 -9999.0 -9999.0
53877 20060114  1.201  -82.61   35.49     4.0    -1.4     1.3     0.3     0.2     2.81 R -9999.0 -9999.0     0.6 -9999.0 -9999.0 -9999.0 -99.000 -99.000 -99.000 -99.000 -99.000 -9999.0 -9999.0 -9999.0 -9999.0 -9999.0
53877 20060115  1.201  -82.61   35.49     9.7    -1.9     3.9     2.4     0.2     9.16 R -9999.0 -9999.0     2.0 -9999.0 -9999.0 -9999.0 -99.000 -99.000 -99.000 -99.000 -99.000 -9999.0 -9999.0 -9999.0 -9999.0 -9999.0
53877 20060116  1.201  -82.61   35.49    16.1    -2.2     7.0     5.9     2.4     6.93 R -9999.0 -9999.0     5.8 -9999.0 -9999.0 -9999.0 -99.000 -99.000 -99.000 -99.000 -99.000 -9999.0 -9999.0 -9999.0 -9999.0 -9999.0
53877 20060117  1.201  -82.61   35.49    12.3     7.1     9.7     9.9    55.5     1.72 R -9999.0 -9999.0     9.1 -9999.0 -9999.0 -9999.0 -99.000 -99.000 -99.000 -99.000 -99.000 -9999.0 -9999.0 -9999.0 -9999.0 -9999.0
53877 20060118  1.201  -82.61   35.49     8.9    -3.4     2.8     2.2     0.5    10.75 R -9999.0 -9999.0     2.8 -9999.0 -9999.0 -9999.0 -99.000 -99.000 -99.000 -99.000 -99.000 -9999.0 -9999.0 -9999.0 -9999.0 -9999.0
53877 20060119  1.201  -82.61   35.49    15.1    -4.7     5.2     3.8     0.2     9.92 R -9999.0 -9999.0     3.4 -9999.0 -9999.0 -9999.0 -99.000 -99.000 -99.000 -99.000 -99.000 -9999.0 -9999.0 -9999.0 -9999.0 -9999.0
53877 20060120  1.201  -82.61   35.49    15.6    -3.6     6.0     5.1     0.0     9.93 R -9999.0 -9999.0     4.0 -9999.0 -9999.0 -9999.0 -99.000 -99.000 -99.000 -99.000 -99.000 -9999.0 -9999.0 -9999.0 -9999.0 -9999.0
53877 20060121  1.201  -82.61   35.49    13.1     4.9     9.0     9.9     3.3     3.17 R -9999.0 -9999.0     9.7 -9999.0 -9999.0 -9999.0 -99.000 -99.000 -99.000 -99.000 -99.000 -9999.0 -9999.0 -9999.0 -9999.0 -9999.0
53877 20060122  1.201  -82.61   35.49    10.8     2.9     6.9     6.4     2.0     2.63 R -9999.0 -9999.0     7.2 -9999.0 -9999.0 -9999.0 -99.000 -99.000 -99.000 -99.000 -99.000 -9999.0 -9999.0 -9999.0 -9999.0 -9999.0
53877 20060123  1.201  -82.61   35.49    12.2     2.2     7.2     7.7     3.1     3.18 R -9999.0 -9999.0     8.6 -9999.0 -9999.0 -9999.0 -99.000 -99.000 -99.000 -99.000 -99.000 -9999.0 -9999.0 -9999.0 -9999.0 -9999.0
53877 20060124  1.201  -82.61   35.49    13.3     2.7     8.0     8.5     0.0    11.19 R -9999.0 -9999.0     8.3 -9999.0 -9999.0 -9999.0 -99.000 -99.000 -99.000 -99.000 -99.000 -9999.0 -9999.0 -9999.0 -9999.0 -9999.0
53877 20060125  1.201  -82.61   35.49     8.7    -1.8     3.5     3.9     0.0    11.61 R -9999.0 -9999.0     3.4 -9999.0 -9999.0 -9999.0 -99.000 -99.000 -99.000 -99.000 -99.000 -9999.0 -9999.0 -9999.0 -9999.0 -9999.0
53877 20060126  1.201  -82.61   35.49     7.0    -4.9     1.1     0.4     0.0    11.52 R -9999.0 -9999.0     0.5 -9999.0 -9999.0 -9999.0 -99.000 -99.000 -99.000 -99.000 -99.000 -9999.0 -9999.0 -9999.0 -9999.0 -9999.0
53877 20060127  1.201  -82.61   35.49     9.9    -8.2     0.9    -0.4     0.0     9.85 R -9999.0 -9999.0    -0.1 -9999.0 -9999.0 -9999.0 -99.000 -99.000 -99.000 -99.000 -99.000 -9999.0 -9999.0 -9999.0 -9999.0 -9999.0
53877 20060128  1.201  -82.61   35.49    16.1    -5.8     5.2     4.4     0.0    11.56 R -9999.0 -9999.0     4.2 -9999.0 -9999.0 -9999.0 -99.000 -99.000 -99.000 -99.000 -99.000 -9999.0 -9999.0 -9999.0 -9999.0 -9999.0
53877 20060129  1.201  -82.61   35.49    14.4     1.6     8.0     9.6     5.2     9.26 R -9999.0 -9999.0     9.0 -9999.0 -9999.0 -9999.0 -99.000 -99.000 -99.000 -99.000 -99.000 -9999.0 -9999.0 -9999.0 -9999.0 -9999.0
53877 20060130  1.201  -82.61   35.49    15.2    -2.3     6.5     5.4     2.2     6.94 R -9999.0 -9999.0     5.2 -9999.0 -9999.0 -9999.0 -99.000 -99.000 -99.000 -99.000 -99.000 -9999.0 -9999.0 -9999.0 -9999.0 -9999.0
53877 20060131  1.201  -82.61   35.49     6.2    -3.4     1.4     2.1     0.0    12.37 R -9999.0 -9999.0     3.2 -9999.0 -9999.0 -9999.0 -99.000 -99.000 -99.000 -99.000 -99.000 -9999.0 -9999.0 -9999.0 -9999.0 -9999.0
53877 20060201  1.201  -82.61   35.49    10.7    -6.1     2.3     1.3     0.0     9.83 R -9999.0 -9999.0     1.9 -9999.0 -9999.0 -9999.0 -99.000 -99.000 -99.000 -99.000 -99.000 -9999.0 -9999.0 -9999.0 -9999.0 -9999.0
53877 20060202  1.201  -82.61   35.49    10.3    -3.2     3.6     3.3     4.4     5.42 R -9999.0 -9999.0     3.8 -9999.0 -9999.0 -9999.0 -99.000 -99.000 -99.000 -99.000 -99.000 -9999.0 -9999.0 -9999.0 -9999.0 -9999.0
53877 20060203  1.201  -82.61   35.49    17.6     2.0     9.8     9.6     0.0    12.20 R -9999.0 -9999.0     9.3 -9999.0 -9999.0 -9999.0 -99.000 -99.000 -99.000 -99.000 -99.000 -9999.0 -9999.0 -9999.0 -9999.0 -9999.0
53877 20060204  1.201  -82.61   35.49    13.8    -1.5     6.2     6.0    15.6     5.01 R -9999.0 -9999.0     6.6 -9999.0 -9999.0 -9999.0 -99.000 -99.000 -99.000 -99.000 -99.000 -9999.0 -9999.0 -9999.0 -9999.0 -9999.0
53877 20060205  1.201  -82.61   35.49     3.4    -5.8    -1.2    -1.4     0.0    13.58 R -9999.0 -9999.0     0.9 -9999.0 -9999.0 -9999.0 -99.000 -99.000 -99.000 -99.000 -99.000 -9999.0 -9999.0 -9999.0 -9999.0 -9999.0
53877 20060206  1.201  -82.61   35.49     6.4    -6.5     0.0    -0.2     0.0     6.72 R -9999.0 -9999.0     0.9 -9999.0 -9999.0 -9999.0 -99.000 -99.000 -99.000 -99.000 -99.000 -9999.0 -9999.0 -9999.0 -9999.0 -9999.0
53877 20060207  1.201  -82.61   35.49     7.5    -6.2     0.7     0.3     0.0    14.09 R -9999.0 -9999.0     0.6 -9999.0 -9999.0 -9999.0 -99.000 -99.000 -99.000 -99.000 -99.000 -9999.0 -9999.0 -9999.0 -9999.0 -9999.0
53877 20060208  1.201  -82.61   35.49     6.5    -7.3    -0.4     0.6     0.0    10.52 R -9999.0 -9999.0     1.6 -9999.0 -9999.0 -9999.0 -99.000 -99.000 -99.000 -99.000 -99.000 -9999.0 -9999.0 -9999.0 -9999.0 -9999.0
53877 20060209  1.201  -82.61   35.49     1.6    -6.7    -2.5    -1.6     0.2    10.63 R -9999.0 -9999.0    -0.6 -9999.0 -9999.0 -9999.0 -99.000 -99.000 -99.000 -99.000 -99.000 -9999.0 -9999.0 -9999.0 -9999.0 -9999.0
53877 20060210  1.201  -82.61   35.49     9.4    -9.5     0.0    -0.5     0.0    10.65 R -9999.0 -9999.0     0.9 -9999.0 -9999.0 -9999.0 -99.000 -99.000 -99.000 -99.000 -99.000 -9999.0 -9999.0 -9999.0 -9999.0 -9999.0
53877 20060211  1.201  -82.61   35.49     2.1    -1.7     0.2     0.7     2.9     1.36 R -9999.0 -9999.0     1.3 -9999.0 -9999.0 -9999.0 -99.000 -99.000 -99.000 -99.000 -99.000 -9999.0 -9999.0 -9999.0 -9999.0 -9999.0
53877 20060212  1.201  -82.61   35.49     1.0    -4.0    -1.5    -2.4     2.2     9.65 R -9999.0 -9999.0    -1.6 -9999.0 -9999.0 -9999.0 -99.000 -99.000 -99.000 -99.000 -99.000 -9999.0 -9999.0 -9999.0 -9999.0 -9999.0
53877 20060213  1.201  -82.61   35.49     1.4    -7.1    -2.8    -3.6     0.2    11.19 R -9999.0 -9999.0    -2.2 -9999.0 -9999.0 -9999.0 -99.000 -99.000 -99.000 -99.000 -99.000 -9999.0 -9999.0 -9999.0 -9999.0 -9999.0
53877 20060214  1.201  -82.61   35.49    13.1    -7.9     2.6     0.9     0.0    14.79 R -9999.0 -9999.0     1.7 -9999.0 -9999.0 -9999.0 -99.000 -99.000 -99.000 -99.000 -99.000 -9999.0 -9999.0 -9999.0 -9999.0 -9999.0
53877 20060215  1.201  -82.61   35.49    15.8    -5.5     5.2     4.7     0.0    13.68 R -9999.0 -9999.0     4.0 -9999.0 -9999.0 -9999.0 -99.000 -99.000 -99.000 -99.000 -99.000 -9999.0 -9999.0 -9999.0 -9999.0 -9999.0
53877 20060216  1.201  -82.61   35.49    17.3    -2.6     7.4     6.7     0.0    14.13 R -9999.0 -9999.0     6.4 -9999.0 -9999.0 -9999.0 -99.000 -99.000 -99.000 -99.000 -99.000 -9999.0 -9999.0 -9999.0 -9999.0 -9999.0
53877 20060217  1.201  -82.61   35.49    15.2     3.3     9.3     9.4     0.0    13.78 R -9999.0 -9999.0     9.2 -9999.0 -9999.0 -9999.0 -99.000 -99.000 -99.000 -99.000 -99.000 -9999.0 -9999.0 -9999.0 -9999.0 -9999.0
53877 20060218  1.201  -82.61   35.49     3.2    -4.5    -0.6    -0.3     5.0     1.85 R -9999.0 -9999.0     0.7 -9999.0 -9999.0 -9999.0 -99.000 -99.000 -99.000 -99.000 -99.000 -9999.0 -9999.0 -9999.0 -9999.0 -9999.0
53877 20060219  1.201  -82.61   35.49     2.6    -6.4    -1.9    -2.1     0.0    11.81 R -9999.0 -9999.0     1.7 -9999.0 -9999.0 -9999.0 -99.000 -99.000 -99.000 -99.000 -99.000 -9999.0 -9999.0 -9999.0 -9999.0 -9999.0
53877 20060220  1.201  -82.61   35.49     8.9    -0.8     4.1     2.4     0.0    11.69 R -9999.0 -9999.0     4.8 -9999.0 -9999.0 -9999.0 -99.000 -99.000 -99.000 -99.000 -99.000 -9999.0 -9999.0 -9999.0 -9999.0 -9999.0
53877 20060221  1.201  -82.61   35.49    12.5    -0.3     6.1     4.2     0.3    13.88 R -9999.0 -9999.0     6.1 -9999.0 -9999.0 -9999.0 -99.000 -99.000 -99.000 -99.000 -99.000 -9999.0 -9999.0 -9999.0 -9999.0 -9999.0
53877 20060222  1.201  -82.61   35.49    13.6     1.4     7.5     7.2     3.4     5.51 R -9999.0 -9999.0     8.0 -9999.0 -9999.0 -9999.0 -99.000 -99.000 -99.000 -99.000 -99.000 -9999.0 -9999.0 -9999.0 -9999.0 -9999.0
53877 20060223  1.201  -82.61   35.49    11.5     5.1     8.3     7.7     0.3    14.62 R -9999.0 -9999.0     7.6 -9999.0 -9999.0 -9999.0 -99.000 -99.000 -99.000 -99.000 -99.000 -9999.0 -9999.0 -9999.0 -9999.0 -9999.0
53877 20060224  1.201  -82.61   35.49    13.3    -0.9     6.2     6.4     0.0    16.40 R -9999.0 -9999.0     5.7 -9999.0 -9999.0 -9999.0 -99.000 -99.000 -99.000 -99.000 -99.000 -9999.0 -9999.0 -9999.0 -9999.0 -9999.0
53877 20060225  1.201  -82.61   35.49    12.0    -2.5     4.8     4.5     0.0     4.44 R -9999.0 -9999.0     4.5 -9999.0 -9999.0 -9999.0 -99.000 -99.000 -99.000 -99.000 -99.000 -9999.0 -9999.0 -9999.0 -9999.0 -9999.0
53877 20060226  1.201  -82.61   35.49     8.6    -2.8     2.9     1.3     0.0    16.92 R -9999.0 -9999.0     2.5 -9999.0 -9999.0 -9999.0 -99.000 -99.000 -99.000 -99.000 -99.000 -9999.0 -9999.0 -9999.0 -9999.0 -9999.0
53877 20060227  1.201  -82.61   35.49    11.6    -8.7     1.5     1.0     0.2    16.30 R -9999.0 -9999.0     2.4 -9999.0 -9999.0 -9999.0 -99.000 -99.000 -99.000 -99.000 -99.000 -9999.0 -9999.0 -9999.0 -9999.0 -9999.0
53877 20060228  1.201  -82.61   35.49    18.9    -2.2     8.4     9.1     0.0    16.18 R -9999.0 -9999.0     8.8 -9999.0 -9999.0 -9999.0 -99.000 -99.000 -99.000 -99.000 -99.000 -9999.0 -9999.0 -9999.0 -9999.0 -9999.0
53877 20060301  1.201  -82.61   35.49    23.2     3.6    13.4    12.6     0.0    14.09 R -9999.0 -9999.0    12.2 -9999.0 -9999.0 -9999.0 -99.000 -99.000 -99.000 -99.000 -99.000 -9999.0 -9999.0 -9999.0 -9999.0 -9999.0
53877 20060302  1.201  -82.61   35.49    22.1     4.1    13.1    14.7     0.0     8.76 R -9999.0 -9999.0    11.8 -9999.0 -9999.0 -9999.0 -99.000 -99.000 -99.000 -99.000 -99.000 -9999.0 -9999.0 -9999.0 -9999.0 -9999.0
53877 20060303  1.201  -82.61   35.49    10.7    -0.3     5.2     3.7     0.0    10.14 R -9999.0 -9999.0     3.8 -9999.0 -9999.0 -9999.0 -99.000 -99.000 -99.000 -99.000 -99.000 -9999.0 -9999.0 -9999.0 -9999.0 -9999.0
53877 20060304  1.201  -82.61   35.49    11.0    -4.0     3.5     2.2     0.0    18.79 R -9999.0 -9999.0     3.3 -9999.0 -9999.0 -9999.0 -99.000 -99.000 -99.000 -99.000 -99.000 -9999.0 -9999.0 -9999.0 -9999.0 -9999.0
53877 20060305  1.201  -82.61   35.49    16.1    -7.0     4.6     4.1     0.0    17.96 R -9999.0 -9999.0     5.9 -9999.0 -9999.0 -9999.0 -99.000 -99.000 -99.000 -99.000 -99.000 -9999.0 -9999.0 -9999.0 -9999.0 -9999.0
53877 20060306  1.201  -82.61   35.49    13.1     3.4     8.3     7.2     1.7    15.80 R -9999.0 -9999.0     9.1 -9999.0 -9999.0 -9999.0 -99.000 -99.000 -99.000 -99.000 -99.000 -9999.0 -9999.0 -9999.0 -9999.0 -9999.0
53877 20060307  1.201  -82.61   35.49    11.1    -2.1     4.5     4.0     0.3    16.79 R -9999.0 -9999.0     6.2 -9999.0 -9999.0 -9999.0 -99.000 -99.000 -99.000 -99.000 -99.000 -9999.0 -9999.0 -9999.0 -9999.0 -9999.0
53877 20060308  1.201  -82.61   35.49    17.5    -3.5     7.0     7.1     0.0    13.18 R -9999.0 -9999.0     7.9 -9999.0 -9999.0 -9999.0 -99.000 -99.000 -99.000 -99.000 -99.000 -9999.0 -9999.0 -9999.0 -9999.0 -9999.0
53877 20060309  1.201  -82.61   35.49    18.4     1.0     9.7    11.1     0.8    15.69 R -9999.0 -9999.0    11.5 -9999.0 -9999.0 -9999.0 -99.000 -99.000 -99.000 -99.000 -99.000 -9999.0 -9999.0 -9999.0 -9999.0 -9999.0
53877 20060310  1.201  -82.61   35.49    24.8     4.2    14.5    13.4     2.1    19.57 R -9999.0 -9999.0    13.5 -9999.0 -9999.0 -9999.0 -99.000 -99.000 -99.000 -99.000 -99.000 -9999.0 -9999.0 -9999.0 -9999.0 -9999.0
53877 20060311  1.201  -82.61   35.49    22.2     5.0    13.6    13.6     0.5    13.31 R -9999.0 -9999.0    14.0 -9999.0 -9999.0 -9999.0 -99.000 -99.000 -99.000 -99.000 -99.000 -9999.0 -9999.0 -9999.0 -9999.0 -9999.0
53877 20060312  1.201  -82.61   35.49    25.2     7.6    16.4    16.6     0.2    10.47 R -9999.0 -9999.0    15.8 -9999.0 -9999.0 -9999.0 -99.000 -99.000 -99.000 -99.000 -99.000 -9999.0 -9999.0 -9999.0 -9999.0 -9999.0
53877 20060313  1.201  -82.61   35.49    24.7     9.7    17.2    17.0     0.5     9.08 R -9999.0 -9999.0    16.0 -9999.0 -9999.0 -9999.0 -99.000 -99.000 -99.000 -99.000 -99.000 -9999.0 -9999.0 -9999.0 -9999.0 -9999.0
53877 20060314  1.201  -82.61   35.49    17.9     4.4    11.2    10.1     3.2    20.11 R -9999.0 -9999.0    11.3 -9999.0 -9999.0 -9999.0 -99.000 -99.000 -99.000 -99.000 -99.000 -9999.0 -9999.0 -9999.0 -9999.0 -9999.0
53877 20060315  1.201  -82.61   35.49    12.9    -1.3     5.8     6.0     0.0    20.23 R -9999.0 -9999.0     7.0 -9999.0 -9999.0 -9999.0 -99.000 -99.000 -99.000 -99.000 -99.000 -9999.0 -9999.0 -9999.0 -9999.0 -9999.0
53877 20060316  1.201  -82.61   35.49    15.0    -0.7     7.2     7.6     0.0    14.14 R -9999.0 -9999.0     9.1 -9999.0 -9999.0 -9999.0 -99.000 -99.000 -99.000 -99.000 -99.000 -9999.0 -9999.0 -9999.0 -9999.0 -9999.0
53877 20060317  1.201  -82.61   35.49    16.3     2.6     9.5    10.2     0.0    19.65 R -9999.0 -9999.0    11.3 -9999.0 -9999.0 -9999.0 -99.000 -99.000 -99.000 -99.000 -99.000 -9999.0 -9999.0 -9999.0 -9999.0 -9999.0
53877 20060318  1.201  -82.61   35.49    12.0    -0.6     5.7     5.3     0.0    19.66 R -9999.0 -9999.0     7.5 -9999.0 -9999.0 -9999.0 -99.000 -99.000 -99.000 -99.000 -99.000 -9999.0 -9999.0 -9999.0 -9999.0 -9999.0
53877 20060319  1.201  -82.61   35.49    11.7    -1.6     5.1     4.4     0.0    14.33 R -9999.0 -9999.0     6.0 -9999.0 -9999.0 -9999.0 -99.000 -99.000 -99.000 -99.000 -99.000 -9999.0 -9999.0 -9999.0 -9999.0 -9999.0
53877 20060320  1.201  -82.61   35.49     5.7    -1.9     1.9     1.4    11.6     1.78 R -9999.0 -9999.0     2.8 -9999.0 -9999.0 -9999.0 -99.000 -99.000 -99.000 -99.000 -99.000 -9999.0 -9999.0 -9999.0 -9999.0 -9999.0
53877 20060321  1.201  -82.61   35.49    10.6     1.7     6.2     5.0     1.9     9.85 R -9999.0 -9999.0     7.7 -9999.0 -9999.0 -9999.0 -99.000 -99.000 -99.000 -99.000 -99.000 -9999.0 -9999.0 -9999.0 -9999.0 -9999.0
53877 20060322  1.201  -82.61   35.49     7.6    -3.3     2.2     1.5     0.0    21.57 R -9999.0 -9999.0     5.0 -9999.0 -9999.0 -9999.0 -99.000 -99.000 -99.000 -99.000 -99.000 -9999.0 -9999.0 -9999.0 -9999.0 -9999.0
53877 20060323  1.201  -82.61   35.49    11.1    -6.2     2.5     2.2     2.4    17.75 R -9999.0 -9999.0     5.4 -9999.0 -9999.0 -9999.0 -99.000 -99.000 -99.000 -99.000 -99.000 -9999.0 -9999.0 -9999.0 -9999.0 -9999.0
53877 20060324  1.201  -82.61   35.49     5.3    -0.1     2.6     1.9     1.9     7.46 R -9999.0 -9999.0     4.3 -9999.0 -9999.0 -9999.0 -99.000 -99.000 -99.000 -99.000 -99.000 -9999.0 -9999.0 -9999.0 -9999.0 -9999.0
53877 20060325  1.201  -82.61   35.49     5.1    -2.1     1.5     0.9     0.4    11.10 R -9999.0 -9999.0     3.0 -9999.0 -9999.0 -9999.0 -99.000 -99.000 -99.000 -99.000 -99.000 -9999.0 -9999.0 -9999.0 -9999.0 -9999.0
53877 20060326  1.201  -82.61   35.49     7.5    -3.6     2.0     1.9     0.2    17.27 R -9999.0 -9999.0     4.6 -9999.0 -9999.0 -9999.0 -99.000 -99.000 -99.000 -99.000 -99.000 -9999.0 -9999.0 -9999.0 -9999.0 -9999.0
53877 20060327  1.201  -82.61   35.49    14.3    -6.6     3.9     3.9     0.0    22.52 R -9999.0 -9999.0     6.6 -9999.0 -9999.0 -9999.0 -99.000 -99.000 -99.000 -99.000 -99.000 -9999.0 -9999.0 -9999.0 -9999.0 -9999.0
53877 20060328  1.201  -82.61   35.49    18.4     1.4     9.9     9.7     0.0    16.76 R -9999.0 -9999.0    10.7 -9999.0 -9999.0 -9999.0 -99.000 -99.000 -99.000 -99.000 -99.000 -9999.0 -9999.0 -9999.0 -9999.0 -9999.0
53877 20060329  1.201  -82.61   35.49    18.7    -1.3     8.7     9.7     0.0    21.79 R -9999.0 -9999.0    11.3 -9999.0 -9999.0 -9999.0 -99.000 -99.000 -99.000 -99.000 -99.000 -9999.0 -9999.0 -9999.0 -9999.0 -9999.0
53877 20060330  1.201  -82.61   35.49    18.9     1.3    10.1    11.5     0.0    18.83 R -9999.0 -9999.0    12.0 -9999.0 -9999.0 -9999.0 -99.000 -99.000 -99.000 -99.000 -99.000 -9999.0 -9999.0 -9999.0 -9999.0 -9999.0
53877 20060331  1.201  -82.61   35.49    23.3     6.7    15.0    15.5     0.8    13.23 R -9999.0 -9999.0    15.7 -9999.0 -9999.0 -9999.0 -99.000 -99.000 -99.000 -99.000 -99.000 -9999.0 -9999.0 -9999.0 -9999.0 -9999.0
53877 20060401  1.201  -82.61   35.49    25.3     9.6    17.5    16.9     1.2    20.42 R -9999.0 -9999.0    16.8 -9999.0 -9999.0 -9999.0 -99.000 -99.000 -99.000 -99.000 -99.000 -9999.0 -9999.0 -9999.0 -9999.0 -9999.0
53877 20060402  1.201  -82.61   35.49    23.2     2.4    12.8    14.3     0.2    16.88 R -9999.0 -9999.0    14.6 -9999.0 -9999.0 -9999.0 -99.000 -99.000 -99.000 -99.000 -99.000 -9999.0 -9999.0 -9999.0 -9999.0 -9999.0
53877 20060403  1.201  -82.61   35.49    23.1     7.5    15.3    14.4    17.6    15.16 R -9999.0 -9999.0    15.1 -9999.0 -9999.0 -9999.0 -99.000 -99.000 -99.000 -99.000 -99.000 -9999.0 -9999.0 -9999.0 -9999.0 -9999.0
53877 20060404  1.201  -82.61   35.49    15.9     4.4    10.2     9.4     0.0    24.20 R -9999.0 -9999.0    11.0 -9999.0 -9999.0 -9999.0 -99.000 -99.000 -99.000 -99.000 -99.000 -9999.0 -9999.0 -9999.0 -9999.0 -9999.0
53877 20060405  1.201  -82.61   35.49    18.5     2.2    10.4    10.9     0.7    24.57 R -9999.0 -9999.0    11.2 -9999.0 -9999.0 -9999.0 -99.000 -99.000 -99.000 -99.000 -99.000 -9999.0 -9999.0 -9999.0 -9999.0 -9999.0
53877 20060406  1.201  -82.61   35.49    20.3    -1.5     9.4    11.0     0.0    14.13 R -9999.0 -9999.0    11.3 -9999.0 -9999.0 -9999.0 -99.000 -99.000 -99.000 -99.000 -99.000 -9999.0 -9999.0 -9999.0 -9999.0 -9999.0
53877 20060407  1.201  -82.61   35.49    28.8     9.2    19.0    18.4     0.4    19.02 R -9999.0 -9999.0    18.2 -9999.0 -9999.0 -9999.0 -99.000 -99.000 -99.000 -99.000 -99.000 -9999.0 -9999.0 -9999.0 -9999.0 -9999.0
53877 20060408  1.201  -82.61   35.49    17.3     4.5    10.9    12.4    11.5     7.00 R -9999.0 -9999.0    13.4 -9999.0 -9999.0 -9999.0 -99.000 -99.000 -99.000 -99.000 -99.000 -9999.0 -9999.0 -9999.0 -9999.0 -9999.0
53877 20060409  1.201  -82.61   35.49    16.0     0.2     8.1     7.3     0.0    25.15 R -9999.0 -9999.0     9.7 -9999.0 -9999.0 -9999.0 -99.000 -99.000 -99.000 -99.000 -99.000 -9999.0 -9999.0 -9999.0 -9999.0 -9999.0
53877 20060410  1.201  -82.61   35.49    20.1    -2.6     8.8     9.2     0.0    24.35 R -9999.0 -9999.0    11.3 -9999.0 -9999.0 -9999.0 -99.000 -99.000 -99.000 -99.000 -99.000 -9999.0 -9999.0 -9999.0 -9999.0 -9999.0
53877 20060411  1.201  -82.61   35.49    22.2    -0.3    11.0    12.0     0.0    24.21 R -9999.0 -9999.0    13.3 -9999.0 -9999.0 -9999.0 -99.000 -99.000 -99.000 -99.000 -99.000 -9999.0 -9999.0 -9999.0 -9999.0 -9999.0
53877 20060412  1.201  -82.61   35.49    22.3     2.2    12.3    12.5     0.0    14.90 R -9999.0 -9999.0    12.6 -9999.0 -9999.0 -9999.0 -99.000 -99.000 -99.000 -99.000 -99.000 -9999.0 -9999.0 -9999.0 -9999.0 -9999.0
53877 20060413  1.201  -82.61   35.49    25.0     3.7    14.4    14.2     0.0    17.96 R -9999.0 -9999.0    14.6 -9999.0 -9999.0 -9999.0 -99.000 -99.000 -99.000 -99.000 -99.000 -9999.0 -9999.0 -9999.0 -9999.0 -9999.0
53877 20060414  1.201  -82.61   35.49    29.6     6.7    18.2    17.2     0.4    20.44 R -9999.0 -9999.0    17.2 -9999.0 -9999.0 -9999.0 -99.000 -99.000 -99.000 -99.000 -99.000 -9999.0 -9999.0 -9999.0 -9999.0 -9999.0
53877 20060415  1.201  -82.61   35.49    28.7    11.7    20.2    20.9     0.6    17.89 R -9999.0 -9999.0    18.9 -9999.0 -9999.0 -9999.0 -99.000 -99.000 -99.000 -99.000 -99.000 -9999.0 -9999.0 -9999.0 -9999.0 -9999.0
53877 20060416  1.201  -82.61   35.49    30.1     8.5    19.3    19.7     0.4    21.30 R -9999.0 -9999.0    19.1 -9999.0 -9999.0 -9999.0 -99.000 -99.000 -99.000 -99.000 -99.000 -9999.0 -9999.0 -9999.0 -9999.0 -9999.0
53877 20060417  1.201  -82.61   35.49    29.5    10.8    20.2    20.1     0.6    19.75 R -9999.0 -9999.0    20.2 -9999.0 -9999.0 -9999.0 -99.000 -99.000 -99.000 -99.000 -99.000 -9999.0 -9999.0 -9999.0 -9999.0 -9999.0
53877 20060418  1.201  -82.61   35.49    21.6    10.0    15.8    15.2     0.2    20.03 R -9999.0 -9999.0    18.1 -9999.0 -9999.0 -9999.0 -99.000 -99.000 -99.000 -99.000 -99.000 -9999.0 -9999.0 -9999.0 -9999.0 -9999.0
53877 20060419  1.201  -82.61   35.49    22.5     8.6    15.6    14.1    49.0    14.96 R -9999.0 -9999.0    15.0 -9999.0 -9999.0 -9999.0 -99.000 -99.000 -99.000 -99.000 -99.000 -9999.0 -9999.0 -9999.0 -9999.0 -9999.0
53877 20060420  1.201  -82.61   35.49    22.6     7.0    14.8    14.9     2.2    10.77 R -9999.0 -9999.0    16.1 -9999.0 -9999.0 -9999.0 -99.000 -99.000 -99.000 -99.000 -99.000 -9999.0 -9999.0 -9999.0 -9999.0 -9999.0
53877 20060421  1.201  -82.61   35.49    17.7    11.3    14.5    15.0    13.6     6.15 R -9999.0 -9999.0    16.1 -9999.0 -9999.0 -9999.0 -99.000 -99.000 -99.000 -99.000 -99.000 -9999.0 -9999.0 -9999.0 -9999.0 -9999.0
53877 20060422  1.201  -82.61   35.49    20.2     7.1    13.7    14.5    30.3    14.17 R -9999.0 -9999.0    16.1 -9999.0 -9999.0 -9999.0 -99.000 -99.000 -99.000 -99.000 -99.000 -9999.0 -9999.0 -9999.0 -9999.0 -9999.0
53877 20060423  1.201  -82.61   35.49    23.4     4.3    13.9    14.4     0.0    14.43 R -9999.0 -9999.0    15.0 -9999.0 -9999.0 -9999.0 -99.000 -99.000 -99.000 -99.000 -99.000 -9999.0 -9999.0 -9999.0 -9999.0 -9999.0
53877 20060424  1.201  -82.61   35.49    26.3     6.6    16.5    16.4     0.0    22.04 R -9999.0 -9999.0    17.8 -9999.0 -9999.0 -9999.0 -99.000 -99.000 -99.000 -99.000 -99.000 -9999.0 -9999.0 -9999.0 -9999.0 -9999.0
53877 20060425  1.201  -82.61   35.49    26.3     9.0    17.7    16.4     1.6    15.40 R -9999.0 -9999.0    18.1 -9999.0 -9999.0 -9999.0 -99.000 -99.000 -99.000 -99.000 -99.000 -9999.0 -9999.0 -9999.0 -9999.0 -9999.0
53877 20060426  1.201  -82.61   35.49    17.1     9.8    13.5    13.3    30.2     5.12 R -9999.0 -9999.0    14.7 -9999.0 -9999.0 -9999.0 -99.000 -99.000 -99.000 -99.000 -99.000 -9999.0 -9999.0 -9999.0 -9999.0 -9999.0
53877 20060427  1.201  -82.61   35.49    17.5     3.6    10.6    11.8     0.7    20.54 R -9999.0 -9999.0    14.8 -9999.0 -9999.0 -9999.0 -99.000 -99.000 -99.000 -99.000 -99.000 -9999.0 -9999.0 -9999.0 -9999.0 -9999.0
53877 20060428  1.201  -82.61   35.49    21.1     0.2    10.7    10.8     0.0    26.59 R -9999.0 -9999.0    14.1 -9999.0 -9999.0 -9999.0 -99.000 -99.000 -99.000 -99.000 -99.000 -9999.0 -9999.0 -9999.0 -9999.0 -9999.0
53877 20060429  1.201  -82.61   35.49    14.6     4.1     9.4    10.6     0.0    10.34 R -9999.0 -9999.0    12.5 -9999.0 -9999.0 -9999.0 -99.000 -99.000 -99.000 -99.000 -99.000 -9999.0 -9999.0 -9999.0 -9999.0 -9999.0
53877 20060430  1.201  -82.61   35.49    15.2     8.1    11.7    11.2     0.3    15.33 R -9999.0 -9999.0    13.9 -9999.0 -9999.0 -9999.0 -99.000 -99.000 -99.000 -99.000 -99.000 -9999.0 -9999.0 -9999.0 -9999.0 -9999.0
53877 20060501  1.201  -82.61   35.49    20.9     7.2    14.1    13.5     0.0    26.63 R -9999.0 -9999.0    16.8 -9999.0 -9999.0 -9999.0 -99.000 -99.000 -99.000 -99.000 -99.000 -9999.0 -9999.0 -9999.0 -9999.0 -9999.0
53877 20060502  1.201  -82.61   35.49    23.6     2.6    13.1    13.3     0.0    19.79 R -9999.0 -9999.0    15.5 -9999.0 -9999.0 -9999.0 -99.000 -99.000 -99.000 -99.000 -99.000 -9999.0 -9999.0 -9999.0 -9999.0 -9999.0
53877 20060503  1.201  -82.61   35.49    23.9     8.0    16.0    15.9     0.0    26.56 R -9999.0 -9999.0    17.7 -9999.0 -9999.0 -9999.0 -99.000 -99.000 -99.000 -99.000 -99.000 -9999.0 -9999.0 -9999.0 -9999.0 -9999.0
53877 20060504  1.201  -82.61   35.49    24.9     4.7    14.8    14.4     1.7    15.13 R -9999.0 -9999.0    16.3 -9999.0 -9999.0 -9999.0 -99.000 -99.000 -99.000 -99.000 -99.000 -9999.0 -9999.0 -9999.0 -9999.0 -9999.0
53877 20060505  1.201  -82.61   35.49    21.7    11.9    16.8    15.2     8.5     9.45 R -9999.0 -9999.0    17.2 -9999.0 -9999.0 -9999.0 -99.000 -99.000 -99.000 -99.000 -99.000 -9999.0 -9999.0 -9999.0 -9999.0 -9999.0
53877 20060506  1.201  -82.61   35.49    21.0     8.8    14.9    15.0     0.2    24.40 R -9999.0 -9999.0    17.9 -9999.0 -9999.0 -9999.0 -99.000 -99.000 -99.000 -99.000 -99.000 -9999.0 -9999.0 -9999.0 -9999.0 -9999.0
53877 20060507  1.201  -82.61   35.49    13.0     8.7    10.9    11.2     3.4     4.14 R -9999.0 -9999.0    13.6 -9999.0 -9999.0 -9999.0 -99.000 -99.000 -99.000 -99.000 -99.000 -9999.0 -9999.0 -9999.0 -9999.0 -9999.0
53877 20060508  1.201  -82.61   35.49    16.0     8.5    12.3    11.4     0.0     9.67 R -9999.0 -9999.0    14.6 -9999.0 -9999.0 -9999.0 -99.000 -99.000 -99.000 -99.000 -99.000 -9999.0 -9999.0 -9999.0 -9999.0 -9999.0
53877 20060509  1.201  -82.61   35.49    17.1     9.9    13.5    12.7     0.0    17.01 R -9999.0 -9999.0    16.5 -9999.0 -9999.0 -9999.0 -99.000 -99.000 -99.000 -99.000 -99.000 -9999.0 -9999.0 -9999.0 -9999.0 -9999.0
53877 20060510  1.201  -82.61   35.49    22.7    11.7    17.2    15.9     0.0    16.96 R -9999.0 -9999.0    19.1 -9999.0 -9999.0 -9999.0 -99.000 -99.000 -99.000 -99.000 -99.000 -9999.0 -9999.0 -9999.0 -9999.0 -9999.0
53877 20060511  1.201  -82.61   35.49    20.4     6.0    13.2    14.3     0.2    19.63 R -9999.0 -9999.0    16.9 -9999.0 -9999.0 -9999.0 -99.000 -99.000 -99.000 -99.000 -99.000 -9999.0 -9999.0 -9999.0 -9999.0 -9999.0
53877 20060512  1.201  -82.61   35.49    18.9     3.2    11.1    10.9     1.1    26.82 R -9999.0 -9999.0    15.1 -9999.0 -9999.0 -9999.0 -99.000 -99.000 -99.000 -99.000 -99.000 -9999.0 -9999.0 -9999.0 -9999.0 -9999.0
53877 20060513  1.201  -82.61   35.49    21.1     0.7    10.9    11.6     0.3    23.23 R -9999.0 -9999.0    15.0 -9999.0 -9999.0 -9999.0 -99.000 -99.000 -99.000 -99.000 -99.000 -9999.0 -9999.0 -9999.0 -9999.0 -9999.0
53877 20060514  1.201  -82.61   35.49    20.6     5.9    13.3    12.3     1.1    19.16 R -9999.0 -9999.0    15.6 -9999.0 -9999.0 -9999.0 -99.000 -99.000 -99.000 -99.000 -99.000 -9999.0 -9999.0 -9999.0 -9999.0 -9999.0
53877 20060515  1.201  -82.61   35.49    15.5     3.0     9.3     9.5     0.0    17.16 R -9999.0 -9999.0    12.5 -9999.0 -9999.0 -9999.0 -99.000 -99.000 -99.000 -99.000 -99.000 -9999.0 -9999.0 -9999.0 -9999.0 -9999.0
53877 20060516  1.201  -82.61   35.49    16.5     4.0    10.3    10.6     0.0    18.14 R -9999.0 -9999.0    14.3 -9999.0 -9999.0 -9999.0 -99.000 -99.000 -99.000 -99.000 -99.000 -9999.0 -9999.0 -9999.0 -9999.0 -9999.0
53877 20060517  1.201  -82.61   35.49    17.4     2.7    10.1    10.2     1.3    18.39 R -9999.0 -9999.0    13.5 -9999.0 -9999.0 -9999.0 -99.000 -99.000 -99.000 -99.000 -99.000 -9999.0 -9999.0 -9999.0 -9999.0 -9999.0
53877 20060518  1.201  -82.61   35.49    21.2     2.6    11.9    10.7     5.8    13.37 R -9999.0 -9999.0    13.2 -9999.0 -9999.0 -9999.0 -99.000 -99.000 -99.000 -99.000 -99.000 -9999.0 -9999.0 -9999.0 -9999.0 -9999.0
53877 20060519  1.201  -82.61   35.49    21.6     2.9    12.3    12.8     0.6    26.78 R -9999.0 -9999.0    16.0 -9999.0 -9999.0 -9999.0 -99.000 -99.000 -99.000 -99.000 -99.000 -9999.0 -9999.0 -9999.0 -9999.0 -9999.0
53877 20060520  1.201  -82.61   35.49    23.3    10.1    16.7    16.8    29.5    16.64 R -9999.0 -9999.0    19.6 -9999.0 -9999.0 -9999.0 -99.000 -99.000 -99.000 -99.000 -99.000 -9999.0 -9999.0 -9999.0 -9999.0 -9999.0
53877 20060521  1.201  -82.61   35.49    24.5    12.6    18.6    17.8     0.7    21.39 R -9999.0 -9999.0    20.7 -9999.0 -9999.0 -9999.0 -99.000 -99.000 -99.000 -99.000 -99.000 -9999.0 -9999.0 -9999.0 -9999.0 -9999.0
53877 20060522  1.201  -82.61   35.49    18.3     9.4    13.9    14.2     3.3     8.38 R -9999.0 -9999.0    16.2 -9999.0 -9999.0 -9999.0 -99.000 -99.000 -99.000 -99.000 -99.000 -9999.0 -9999.0 -9999.0 -9999.0 -9999.0
53877 20060523  1.201  -82.61   35.49    23.1     6.8    15.0    14.2     0.2    27.66 R -9999.0 -9999.0    17.5 -9999.0 -9999.0 -9999.0 -99.000 -99.000 -99.000 -99.000 -99.000 -9999.0 -9999.0 -9999.0 -9999.0 -9999.0
53877 20060524  1.201  -82.61   35.49    26.2     3.7    15.0    14.9     0.3    27.87 R -9999.0 -9999.0    18.2 -9999.0 -9999.0 -9999.0 -99.000 -99.000 -99.000 -99.000 -99.000 -9999.0 -9999.0 -9999.0 -9999.0 -9999.0
53877 20060525  1.201  -82.61   35.49    23.4     7.0    15.2    15.8     1.5    15.57 R -9999.0 -9999.0    18.1 -9999.0 -9999.0 -9999.0 -99.000 -99.000 -99.000 -99.000 -99.000 -9999.0 -9999.0 -9999.0 -9999.0 -9999.0
53877 20060526  1.201  -82.61   35.49    27.7    12.3    20.0    19.3     2.9    23.03 R -9999.0 -9999.0    21.5 -9999.0 -9999.0 -9999.0 -99.000 -99.000 -99.000 -99.000 -99.000 -9999.0 -9999.0 -9999.0 -9999.0 -9999.0
53877 20060527  1.201  -82.61   35.49    27.3    13.6    20.5    20.3     0.4    24.66 R -9999.0 -9999.0    22.6 -9999.0 -9999.0 -9999.0 -99.000 -99.000 -99.000 -99.000 -99.000 -9999.0 -9999.0 -9999.0 -9999.0 -9999.0
53877 20060528  1.201  -82.61   35.49    28.2    11.8    20.0    20.3     0.6    27.04 R -9999.0 -9999.0    23.5 -9999.0 -9999.0 -9999.0 -99.000 -99.000 -99.000 -99.000 -99.000 -9999.0 -9999.0 -9999.0 -9999.0 -9999.0
53877 20060529  1.201  -82.61   35.49    28.2    12.9    20.6    20.6     0.6    21.88 R -9999.0 -9999.0    23.4 -9999.0 -9999.0 -9999.0 -99.000 -99.000 -99.000 -99.000 -99.000 -9999.0 -9999.0 -9999.0 -9999.0 -9999.0
53877 20060530  1.201  -82.61   35.49    29.8    13.6    21.7    20.7     1.4    24.55 R -9999.0 -9999.0    23.9 -9999.0 -9999.0 -9999.0 -99.000 -99.000 -99.000 -99.000 -99.000 -9999.0 -9999.0 -9999.0 -9999.0 -9999.0
53877 20060531  1.201  -82.61   35.49    28.8    13.2    21.0    19.0     6.1    19.89 R -9999.0 -9999.0    22.5 -9999.0 -9999.0 -9999.0 -99.000 -99.000 -99.000 -99.000 -99.000 -9999.0 -9999.0 -9999.0 -9999.0 -9999.0
53877 20060601  1.201  -82.61   35.49    27.5    15.3    21.4    19.1     2.9    18.68 R -9999.0 -9999.0    22.9 -9999.0 -9999.0 -9999.0 -99.000 -99.000 -99.000 -99.000 -99.000 -9999.0 -9999.0 -9999.0 -9999.0 -9999.0
53877 20060602  1.201  -82.61   35.49    21.6    15.2    18.4    17.6    32.2     8.44 R -9999.0 -9999.0    20.3 -9999.0 -9999.0 -9999.0 -99.000 -99.000 -99.000 -99.000 -99.000 -9999.0 -9999.0 -9999.0 -9999.0 -9999.0
53877 20060603  1.201  -82.61   35.49    21.2    10.0    15.6    16.6     1.3    26.07 R -9999.0 -9999.0    20.3 -9999.0 -9999.0 -9999.0 -99.000 -99.000 -99.000 -99.000 -99.000 -9999.0 -9999.0 -9999.0 -9999.0 -9999.0
53877 20060604  1.201  -82.61   35.49    23.3     7.1    15.2    14.1     1.2    19.95 R -9999.0 -9999.0    17.8 -9999.0 -9999.0 -9999.0 -99.000 -99.000 -99.000 -99.000 -99.000 -9999.0 -9999.0 -9999.0 -9999.0 -9999.0
53877 20060605  1.201  -82.61   35.49    19.5     8.0    13.8    14.1     0.0    25.96 R -9999.0 -9999.0    17.2 -9999.0 -9999.0 -9999.0 -99.000 -99.000 -99.000 -99.000 -99.000 -9999.0 -9999.0 -9999.0 -9999.0 -9999.0
53877 20060606  1.201  -82.61   35.49    23.5     6.1    14.8    14.9     0.0    26.97 R -9999.0 -9999.0    18.1 -9999.0 -9999.0 -9999.0 -99.000 -99.000 -99.000 -99.000 -99.000 -9999.0 -9999.0 -9999.0 -9999.0 -9999.0
53877 20060607  1.201  -82.61   35.49    24.4     6.2    15.3    16.0     0.3    23.92 R -9999.0 -9999.0    19.0 -9999.0 -9999.0 -9999.0 -99.000 -99.000 -99.000 -99.000 -99.000 -9999.0 -9999.0 -9999.0 -9999.0 -9999.0
53877 20060608  1.201  -82.61   35.49    25.7    10.8    18.3    18.0     3.4    25.01 R -9999.0 -9999.0    20.8 -9999.0 -9999.0 -9999.0 -99.000 -99.000 -99.000 -99.000 -99.000 -9999.0 -9999.0 -9999.0 -9999.0 -9999.0
53877 20060609  1.201  -82.61   35.49    24.9    12.3    18.6    19.0     0.7    26.27 R -9999.0 -9999.0    21.4 -9999.0 -9999.0 -9999.0 -99.000 -99.000 -99.000 -99.000 -99.000 -9999.0 -9999.0 -9999.0 -9999.0 -9999.0
53877 20060610  1.201  -82.61   35.49    29.6    12.6    21.1    21.0     0.9    25.10 R -9999.0 -9999.0    23.8 -9999.0 -9999.0 -9999.0 -99.000 -99.000 -99.000 -99.000 -99.000 -9999.0 -9999.0 -9999.0 -9999.0 -9999.0
53877 20060611  1.201  -82.61   35.49    28.9    14.5    21.7    20.4     0.6    20.00 R -9999.0 -9999.0    22.9 -9999.0 -9999.0 -9999.0 -99.000 -99.000 -99.000 -99.000 -99.000 -9999.0 -9999.0 -9999.0 -9999.0 -9999.0
53877 20060612  1.201  -82.61   35.49    25.8    15.8    20.8    20.8     1.2    25.29 R -9999.0 -9999.0    23.9 -9999.0 -9999.0 -9999.0 -99.000 -99.000 -99.000 -99.000 -99.000 -9999.0 -9999.0 -9999.0 -9999.0 -9999.0
53877 20060613  1.201  -82.61   35.49    19.9    15.6    17.8    17.5     1.4     8.42 R -9999.0 -9999.0    19.9 -9999.0 -9999.0 -9999.0 -99.000 -99.000 -99.000 -99.000 -99.000 -9999.0 -9999.0 -9999.0 -9999.0 -9999.0
53877 20060614  1.201  -82.61   35.49    25.4    15.2    20.3    20.1     0.4    26.70 R -9999.0 -9999.0    22.9 -9999.0 -9999.0 -9999.0 -99.000 -99.000 -99.000 -99.000 -99.000 -9999.0 -9999.0 -9999.0 -9999.0 -9999.0
53877 20060615  1.201  -82.61   35.49    25.5    10.4    18.0    17.9     0.4    28.64 R -9999.0 -9999.0    21.2 -9999.0 -9999.0 -9999.0 -99.000 -99.000 -99.000 -99.000 -99.000 -9999.0 -9999.0 -9999.0 -9999.0 -9999.0
53877 20060616  1.201  -82.61   35.49    26.7     8.5    17.6    18.2     0.9    27.06 R -9999.0 -9999.0    21.9 -9999.0 -9999.0 -9999.0 -99.000 -99.000 -99.000 -99.000 -99.000 -9999.0 -9999.0 -9999.0 -9999.0 -9999.0
53877 20060617  1.201  -82.61   35.49    27.5    11.0    19.3    19.3     0.4    25.08 R -9999.0 -9999.0    22.5 -9999.0 -9999.0 -9999.0 -99.000 -99.000 -99.000 -99.000 -99.000 -9999.0 -9999.0 -9999.0 -9999.0 -9999.0
53877 20060618  1.201  -82.61   35.49    26.8    10.5    18.7    19.0     0.3    23.27 R -9999.0 -9999.0    22.1 -9999.0 -9999.0 -9999.0 -99.000 -99.000 -99.000 -99.000 -99.000 -9999.0 -9999.0 -9999.0 -9999.0 -9999.0
53877 20060619  1.201  -82.61   35.49    25.2    11.1    18.2    18.4     0.3    13.50 R -9999.0 -9999.0    20.8 -9999.0 -9999.0 -9999.0 -99.000 -99.000 -99.000 -99.000 -99.000 -9999.0 -9999.0 -9999.0 -9999.0 -9999.0
53877 20060620  1.201  -82.61   35.49    28.9    12.8    20.9    20.9     1.1    25.19 R -9999.0 -9999.0    24.2 -9999.0 -9999.0 -9999.0 -99.000 -99.000 -99.000 -99.000 -99.000 -9999.0 -9999.0 -9999.0 -9999.0 -9999.0
53877 20060621  1.201  -82.61   35.49    30.6    12.6    21.6    21.6     0.7    26.44 R -9999.0 -9999.0    25.3 -9999.0 -9999.0 -9999.0 -99.000 -99.000 -99.000 -99.000 -99.000 -9999.0 -9999.0 -9999.0 -9999.0 -9999.0
53877 20060622  1.201  -82.61   35.49    31.0    14.3    22.7    21.7     0.7    16.69 R -9999.0 -9999.0    24.2 -9999.0 -9999.0 -9999.0 -99.000 -99.000 -99.000 -99.000 -99.000 -9999.0 -9999.0 -9999.0 -9999.0 -9999.0
53877 20060623  1.201  -82.61   35.49    26.0    17.3    21.7    20.0    16.6     9.37 R -9999.0 -9999.0    22.2 -9999.0 -9999.0 -9999.0 -99.000 -99.000 -99.000 -99.000 -99.000 -9999.0 -9999.0 -9999.0 -9999.0 -9999.0
53877 20060624  1.201  -82.61   35.49    27.2    16.6    21.9    20.2    19.0    21.09 R -9999.0 -9999.0    24.2 -9999.0 -9999.0 -9999.0 -99.000 -99.000 -99.000 -99.000 -99.000 -9999.0 -9999.0 -9999.0 -9999.0 -9999.0
53877 20060625  1.201  -82.61   35.49    23.6    17.2    20.4    19.8     2.5    13.95 R -9999.0 -9999.0    23.2 -9999.0 -9999.0 -9999.0 -99.000 -99.000 -99.000 -99.000 -99.000 -9999.0 -9999.0 -9999.0 -9999.0 -9999.0
53877 20060626  1.201  -82.61   35.49    19.8    17.3    18.6    18.5    30.8     4.54 R -9999.0 -9999.0    20.8 -9999.0 -9999.0 -9999.0 -99.000 -99.000 -99.000 -99.000 -99.000 -9999.0 -9999.0 -9999.0 -9999.0 -9999.0
53877 20060627  1.201  -82.61   35.49    24.7    14.0    19.4    19.7    15.6    21.74 R -9999.0 -9999.0    23.7 -9999.0 -9999.0 -9999.0 -99.000 -99.000 -99.000 -99.000 -99.000 -9999.0 -9999.0 -9999.0 -9999.0 -9999.0
53877 20060628  1.201  -82.61   35.49    26.0    11.3    18.7    18.6     0.3    24.61 R -9999.0 -9999.0    22.8 -9999.0 -9999.0 -9999.0 -99.000 -99.000 -99.000 -99.000 -99.000 -9999.0 -9999.0 -9999.0 -9999.0 -9999.0
53877 20060629  1.201  -82.61   35.49    26.4    11.3    18.9    18.7     0.2    27.54 R -9999.0 -9999.0    22.8 -9999.0 -9999.0 -9999.0 -99.000 -99.000 -99.000 -99.000 -99.000 -9999.0 -9999.0 -9999.0 -9999.0 -9999.0
53877 20060630  1.201  -82.61   35.49    25.1    10.9    18.0    18.0     0.2    27.55 R -9999.0 -9999.0    21.9 -9999.0 -9999.0 -9999.0 -99.000 -99.000 -99.000 -99.000 -99.000 -9999.0 -9999.0 -9999.0 -9999.0 -9999.0
53877 20060701  1.201  -82.61   35.49    27.8    10.7    19.3    19.1     1.3    27.47 R -9999.0 -9999.0    23.0 -9999.0 -9999.0 -9999.0 -99.000 -99.000 -99.000 -99.000 -99.000 -9999.0 -9999.0 -9999.0 -9999.0 -9999.0
53877 20060702  1.201  -82.61   35.49    29.3    12.5    20.9    20.5     0.5    24.82 R -9999.0 -9999.0    23.9 -9999.0 -9999.0 -9999.0 -99.000 -99.000 -99.000 -99.000 -99.000 -9999.0 -9999.0 -9999.0 -9999.0 -9999.0
53877 20060703  1.201  -82.61   35.49    29.3    13.4    21.4    21.3     1.8    24.13 R -9999.0 -9999.0    24.9 -9999.0 -9999.0 -9999.0 -99.000 -99.000 -99.000 -99.000 -99.000 -9999.0 -9999.0 -9999.0 -9999.0 -9999.0
53877 20060704  1.201  -82.61   35.49    28.5    15.9    22.2    20.6    24.3    16.78 R -9999.0 -9999.0    23.7 -9999.0 -9999.0 -9999.0 -99.000 -99.000 -99.000 -99.000 -99.000 -9999.0 -9999.0 -9999.0 -9999.0 -9999.0
53877 20060705  1.201  -82.61   35.49    23.6    17.4    20.5    19.5    21.4     7.27 R -9999.0 -9999.0    22.2 -9999.0 -9999.0 -9999.0 -99.000 -99.000 -99.000 -99.000 -99.000 -9999.0 -9999.0 -9999.0 -9999.0 -9999.0
53877 20060706  1.201  -82.61   35.49    23.1    13.5    18.3    18.3     1.7    18.95 R -9999.0 -9999.0    22.1 -9999.0 -9999.0 -9999.0 -99.000 -99.000 -99.000 -99.000 -99.000 -9999.0 -9999.0 -9999.0 -9999.0 -9999.0
53877 20060707  1.201  -82.61   35.49    22.5    11.5    17.0    16.9     1.6    22.33 R -9999.0 -9999.0    21.4 -9999.0 -9999.0 -9999.0 -99.000 -99.000 -99.000 -99.000 -99.000 -9999.0 -9999.0 -9999.0 -9999.0 -9999.0
53877 20060708  1.201  -82.61   35.49    22.8    11.5    17.2    17.2     0.5    21.27 R -9999.0 -9999.0    21.1 -9999.0 -9999.0 -9999.0 -99.000 -99.000 -99.000 -99.000 -99.000 -9999.0 -9999.0 -9999.0 -9999.0 -9999.0
53877 20060709  1.201  -82.61   35.49    24.0    11.8    17.9    17.7     0.5    15.90 R -9999.0 -9999.0    21.0 -9999.0 -9999.0 -9999.0 -99.000 -99.000 -99.000 -99.000 -99.000 -9999.0 -9999.0 -9999.0 -9999.0 -9999.0
53877 20060710  1.201  -82.61   35.49    26.9    13.5    20.2    20.0     0.7    22.00 R -9999.0 -9999.0    23.6 -9999.0 -9999.0 -9999.0 -99.000 -99.000 -99.000 -99.000 -99.000 -9999.0 -9999.0 -9999.0 -9999.0 -9999.0
53877 20060711  1.201  -82.61   35.49    25.6    15.6    20.6    19.8     2.6    13.92 R -9999.0 -9999.0    23.1 -9999.0 -9999.0 -9999.0 -99.000 -99.000 -99.000 -99.000 -99.000 -9999.0 -9999.0 -9999.0 -9999.0 -9999.0
53877 20060712  1.201  -82.61   35.49    26.9    17.1    22.0    20.6     2.1    17.12 R -9999.0 -9999.0    24.0 -9999.0 -9999.0 -9999.0 -99.000 -99.000 -99.000 -99.000 -99.000 -9999.0 -9999.0 -9999.0 -9999.0 -9999.0
53877 20060713  1.201  -82.61   35.49    28.9    15.8    22.4    21.5     0.3    19.01 R -9999.0 -9999.0    24.9 -9999.0 -9999.0 -9999.0 -99.000 -99.000 -99.000 -99.000 -99.000 -9999.0 -9999.0 -9999.0 -9999.0 -9999.0
53877 20060714  1.201  -82.61   35.49    26.5    18.1    22.3    20.5    20.5    10.72 R -9999.0 -9999.0    23.4 -9999.0 -9999.0 -9999.0 -99.000 -99.000 -99.000 -99.000 -99.000 -9999.0 -9999.0 -9999.0 -9999.0 -9999.0
53877 20060715  1.201  -82.61   35.49    27.1    17.8    22.5    21.0     4.7    16.48 R -9999.0 -9999.0    25.4 -9999.0 -9999.0 -9999.0 -99.000 -99.000 -99.000 -99.000 -99.000 -9999.0 -9999.0 -9999.0 -9999.0 -9999.0
53877 20060716  1.201  -82.61   35.49    26.6    16.1    21.4    21.4     0.7    25.23 R -9999.0 -9999.0    25.9 -9999.0 -9999.0 -9999.0 -99.000 -99.000 -99.000 -99.000 -99.000 -9999.0 -9999.0 -9999.0 -9999.0 -9999.0
53877 20060717  1.201  -82.61   35.49    26.6    12.6    19.6    19.8     0.4    26.15 R -9999.0 -9999.0    23.6 -9999.0 -9999.0 -9999.0 -99.000 -99.000 -99.000 -99.000 -99.000 -9999.0 -9999.0 -9999.0 -9999.0 -9999.0
53877 20060718  1.201  -82.61   35.49    28.1    13.7    20.9    20.8     0.4    26.39 R -9999.0 -9999.0    24.4 -9999.0 -9999.0 -9999.0 -99.000 -99.000 -99.000 -99.000 -99.000 -9999.0 -9999.0 -9999.0 -9999.0 -9999.0
53877 20060719  1.201  -82.61   35.49    29.2    15.0    22.1    21.7     0.6    25.05 R -9999.0 -9999.0    24.9 -9999.0 -9999.0 -9999.0 -99.000 -99.000 -99.000 -99.000 -99.000 -9999.0 -9999.0 -9999.0 -9999.0 -9999.0
53877 20060720  1.201  -82.61   35.49    28.2    16.6    22.4    20.5    21.3    16.81 R -9999.0 -9999.0    23.3 -9999.0 -9999.0 -9999.0 -99.000 -99.000 -99.000 -99.000 -99.000 -9999.0 -9999.0 -9999.0 -9999.0 -9999.0
53877 20060721  1.201  -82.61   35.49    27.5    17.6    22.6    20.7    13.2    13.40 R -9999.0 -9999.0    23.7 -9999.0 -9999.0 -9999.0 -99.000 -99.000 -99.000 -99.000 -99.000 -9999.0 -9999.0 -9999.0 -9999.0 -9999.0
53877 20060722  1.201  -82.61   35.49    24.8    17.7    21.3    20.4     4.1    19.66 R -9999.0 -9999.0    24.9 -9999.0 -9999.0 -9999.0 -99.000 -99.000 -99.000 -99.000 -99.000 -9999.0 -9999.0 -9999.0 -9999.0 -9999.0
53877 20060723  1.201  -82.61   35.49    23.4    15.7    19.6    19.4     0.2    21.13 R -9999.0 -9999.0    23.9 -9999.0 -9999.0 -9999.0 -99.000 -99.000 -99.000 -99.000 -99.000 -9999.0 -9999.0 -9999.0 -9999.0 -9999.0
53877 20060724  1.201  -82.61   35.49    24.7    15.4    20.1    20.2    20.8    15.10 R -9999.0 -9999.0    23.7 -9999.0 -9999.0 -9999.0 -99.000 -99.000 -99.000 -99.000 -99.000 -9999.0 -9999.0 -9999.0 -9999.0 -9999.0
53877 20060725  1.201  -82.61   35.49    24.9    17.4    21.2    20.7     0.0    21.14 R -9999.0 -9999.0    25.3 -9999.0 -9999.0 -9999.0 -99.000 -99.000 -99.000 -99.000 -99.000 -9999.0 -9999.0 -9999.0 -9999.0 -9999.0
53877 20060726  1.201  -82.61   35.49    25.9    15.0    20.5    20.2     0.0    22.57 R -9999.0 -9999.0    25.0 -9999.0 -9999.0 -9999.0 -99.000 -99.000 -99.000 -99.000 -99.000 -9999.0 -9999.0 -9999.0 -9999.0 -9999.0
53877 20060727  1.201  -82.61   35.49    25.4    15.5    20.5    20.2     0.0    12.84 R -9999.0 -9999.0    23.7 -9999.0 -9999.0 -9999.0 -99.000 -99.000 -99.000 -99.000 -99.000 -9999.0 -9999.0 -9999.0 -9999.0 -9999.0
53877 20060728  1.201  -82.61   35.49    28.1    16.3    22.2    21.6     0.0    22.18 R -9999.0 -9999.0    25.8 -9999.0 -9999.0 -9999.0 -99.000 -99.000 -99.000 -99.000 -99.000 -9999.0 -9999.0 -9999.0 -9999.0 -9999.0
53877 20060729  1.201  -82.61   35.49    21.7    17.5    19.6    19.1     4.9    10.62 R -9999.0 -9999.0    22.3 -9999.0 -9999.0 -9999.0 -99.000 -99.000 -99.000 -99.000 -99.000 -9999.0 -9999.0 -9999.0 -9999.0 -9999.0
53877 20060730  1.201  -82.61   35.49    26.2    15.8    21.0    20.4     0.0    24.34 R -9999.0 -9999.0    24.6 -9999.0 -9999.0 -9999.0 -99.000 -99.000 -99.000 -99.000 -99.000 -9999.0 -9999.0 -9999.0 -9999.0 -9999.0
53877 20060731  1.201  -82.61   35.49    28.1    14.0    21.1    20.9     0.0    24.57 R -9999.0 -9999.0    24.9 -9999.0 -9999.0 -9999.0 -99.000 -99.000 -99.000 -99.000 -99.000 -9999.0 -9999.0 -9999.0 -9999.0 -9999.0
53877 20060801  1.201  -82.61   35.49    29.4    15.9    22.7    22.5     0.0    24.53 R -9999.0 -9999.0    26.2 -9999.0 -9999.0 -9999.0 -99.000 -99.000 -99.000 -99.000 -99.000 -9999.0 -9999.0 -9999.0 -9999.0 -9999.0
53877 20060802  1.201  -82.61   35.49    29.9    16.9    23.4    23.2     0.0    23.50 R -9999.0 -9999.0    26.6 -9999.0 -9999.0 -9999.0 -99.000 -99.000 -99.000 -99.000 -99.000 -9999.0 -9999.0 -9999.0 -9999.0 -9999.0
53877 20060803  1.201  -82.61   35.49    28.7    18.1    23.4    22.0     1.1    12.26 R -9999.0 -9999.0    24.5 -9999.0 -9999.0 -9999.0 -99.000 -99.000 -99.000 -99.000 -99.000 -9999.0 -9999.0 -9999.0 -9999.0 -9999.0
53877 20060804  1.201  -82.61   35.49    29.9    17.0    23.5    23.1     0.5    23.00 R -9999.0 -9999.0    26.3 -9999.0 -9999.0 -9999.0 -99.000 -99.000 -99.000 -99.000 -99.000 -9999.0 -9999.0 -9999.0 -9999.0 -9999.0
53877 20060805  1.201  -82.61   35.49    26.2    17.8    22.0    22.1     0.0    15.65 R -9999.0 -9999.0    24.7 -9999.0 -9999.0 -9999.0 -99.000 -99.000 -99.000 -99.000 -99.000 -9999.0 -9999.0 -9999.0 -9999.0 -9999.0
53877 20060806  1.201  -82.61   35.49    27.9    19.7    23.8    22.5     4.9    16.63 R -9999.0 -9999.0    25.8 -9999.0 -9999.0 -9999.0 -99.000 -99.000 -99.000 -99.000 -99.000 -9999.0 -9999.0 -9999.0 -9999.0 -9999.0
53877 20060807  1.201  -82.61   35.49    28.4    19.4    23.9    22.7     7.2    21.26 R -9999.0 -9999.0    26.8 -9999.0 -9999.0 -9999.0 -99.000 -99.000 -99.000 -99.000 -99.000 -9999.0 -9999.0 -9999.0 -9999.0 -9999.0
53877 20060808  1.201  -82.61   35.49    28.1    17.3    22.7    21.7     0.0    18.27 R -9999.0 -9999.0    25.2 -9999.0 -9999.0 -9999.0 -99.000 -99.000 -99.000 -99.000 -99.000 -9999.0 -9999.0 -9999.0 -9999.0 -9999.0
53877 20060809  1.201  -82.61   35.49    28.2    16.1    22.2    21.2     2.4    21.27 R -9999.0 -9999.0    25.1 -9999.0 -9999.0 -9999.0 -99.000 -99.000 -99.000 -99.000 -99.000 -9999.0 -9999.0 -9999.0 -9999.0 -9999.0
53877 20060810  1.201  -82.61   35.49    28.3    17.6    23.0    22.0     1.7    18.72 R -9999.0 -9999.0    26.0 -9999.0 -9999.0 -9999.0 -99.000 -99.000 -99.000 -99.000 -99.000 -9999.0 -9999.0 -9999.0 -9999.0 -9999.0
53877 20060811  1.201  -82.61   35.49    24.1    17.8    21.0    20.2     0.2    13.85 R -9999.0 -9999.0    24.2 -9999.0 -9999.0 -9999.0 -99.000 -99.000 -99.000 -99.000 -99.000 -9999.0 -9999.0 -9999.0 -9999.0 -9999.0
53877 20060812  1.201  -82.61   35.49    19.4    14.9    17.2    17.0    26.3     2.61 R -9999.0 -9999.0    19.5 -9999.0 -9999.0 -9999.0 -99.000 -99.000 -99.000 -99.000 -99.000 -9999.0 -9999.0 -9999.0 -9999.0 -9999.0
53877 20060813  1.201  -82.61   35.49    22.8    12.9    17.9    18.0     0.4    22.52 R -9999.0 -9999.0    23.3 -9999.0 -9999.0 -9999.0 -99.000 -99.000 -99.000 -99.000 -99.000 -9999.0 -9999.0 -9999.0 -9999.0 -9999.0
53877 20060814  1.201  -82.61   35.49    25.0    14.3    19.7    19.0     0.5    19.29 R -9999.0 -9999.0    23.8 -9999.0 -9999.0 -9999.0 -99.000 -99.000 -99.000 -99.000 -99.000 -9999.0 -9999.0 -9999.0 -9999.0 -9999.0
53877 20060815  1.201  -82.61   35.49    24.5    14.8    19.7    19.3     1.1    11.91 R -9999.0 -9999.0    23.3 -9999.0 -9999.0 -9999.0 -99.000 -99.000 -99.000 -99.000 -99.000 -9999.0 -9999.0 -9999.0 -9999.0 -9999.0
53877 20060816  1.201  -82.61   35.49    22.1    17.0    19.6    19.5     0.3     8.91 R -9999.0 -9999.0    23.2 -9999.0 -9999.0 -9999.0 -99.000 -99.000 -99.000 -99.000 -99.000 -9999.0 -9999.0 -9999.0 -9999.0 -9999.0
53877 20060817  1.201  -82.61   35.49    24.2    16.2    20.2    19.6     0.5    18.41 R -9999.0 -9999.0    23.9 -9999.0 -9999.0 -9999.0 -99.000 -99.000 -99.000 -99.000 -99.000 -9999.0 -9999.0 -9999.0 -9999.0 -9999.0
53877 20060818  1.201  -82.61   35.49    25.7    12.3    19.0    19.1     0.3    21.72 R -9999.0 -9999.0    23.2 -9999.0 -9999.0 -9999.0 -99.000 -99.000 -99.000 -99.000 -99.000 -9999.0 -9999.0 -9999.0 -9999.0 -9999.0
53877 20060819  1.201  -82.61   35.49    26.2    15.6    20.9    19.9    46.4    17.74 R -9999.0 -9999.0    23.8 -9999.0 -9999.0 -9999.0 -99.000 -99.000 -99.000 -99.000 -99.000 -9999.0 -9999.0 -9999.0 -9999.0 -9999.0
53877 20060820  1.201  -82.61   35.49    22.3    16.5    19.4    18.2    10.7     7.49 R -9999.0 -9999.0    21.6 -9999.0 -9999.0 -9999.0 -99.000 -99.000 -99.000 -99.000 -99.000 -9999.0 -9999.0 -9999.0 -9999.0 -9999.0
53877 20060821  1.201  -82.61   35.49    23.4    15.1    19.3    18.8     0.5    17.57 R -9999.0 -9999.0    23.7 -9999.0 -9999.0 -9999.0 -99.000 -99.000 -99.000 -99.000 -99.000 -9999.0 -9999.0 -9999.0 -9999.0 -9999.0
53877 20060822  1.201  -82.61   35.49    22.4    15.9    19.2    18.4     3.7    15.19 R -9999.0 -9999.0    23.5 -9999.0 -9999.0 -9999.0 -99.000 -99.000 -99.000 -99.000 -99.000 -9999.0 -9999.0 -9999.0 -9999.0 -9999.0
53877 20060823  1.201  -82.61   35.49    22.6    14.7    18.7    18.0     0.0    16.10 R -9999.0 -9999.0    24.0 -9999.0 -9999.0 -9999.0 -99.000 -99.000 -99.000 -99.000 -99.000 -9999.0 -9999.0 -9999.0 -9999.0 -9999.0
53877 20060824  1.201  -82.61   35.49    23.1    15.4    19.3    18.6     0.5    16.15 R -9999.0 -9999.0    24.4 -9999.0 -9999.0 -9999.0 -99.000 -99.000 -99.000 -99.000 -99.000 -9999.0 -9999.0 -9999.0 -9999.0 -9999.0
53877 20060825  1.201  -82.61   35.49    23.9    14.8    19.4    18.8     0.8    21.31 R -9999.0 -9999.0    24.3 -9999.0 -9999.0 -9999.0 -99.000 -99.000 -99.000 -99.000 -99.000 -9999.0 -9999.0 -9999.0 -9999.0 -9999.0
53877 20060826  1.201  -82.61   35.49    24.8    12.9    18.9    17.9     0.5    23.28 R -9999.0 -9999.0    23.2 -9999.0 -9999.0 -9999.0 -99.000 -99.000 -99.000 -99.000 -99.000 -9999.0 -9999.0 -9999.0 -9999.0 -9999.0
53877 20060827  1.201  -82.61   35.49    25.7    12.3    19.0    18.9     0.3    21.57 R -9999.0 -9999.0    23.3 -9999.0 -9999.0 -9999.0 -99.000 -99.000 -99.000 -99.000 -99.000 -9999.0 -9999.0 -9999.0 -9999.0 -9999.0
53877 20060828  1.201  -82.61   35.49    25.8    13.9    19.9    19.7     0.7    15.89 R -9999.0 -9999.0    23.7 -9999.0 -9999.0 -9999.0 -99.000 -99.000 -99.000 -99.000 -99.000 -9999.0 -9999.0 -9999.0 -9999.0 -9999.0
53877 20060829  1.201  -82.61   35.49    27.2    16.9    22.1    21.4     0.6    18.11 R -9999.0 -9999.0    25.3 -9999.0 -9999.0 -9999.0 -99.000 -99.000 -99.000 -99.000 -99.000 -9999.0 -9999.0 -9999.0 -9999.0 -9999.0
53877 20060830  1.201  -82.61   35.49    24.5    17.2    20.9    20.1    19.6    13.17 R -9999.0 -9999.0    23.9 -9999.0 -9999.0 -9999.0 -99.000 -99.000 -99.000 -99.000 -99.000 -9999.0 -9999.0 -9999.0 -9999.0 -9999.0
53877 20060831  1.201  -82.61   35.49    21.4    17.4    19.4    18.8     3.4     5.77 R -9999.0 -9999.0    22.5 -9999.0 -9999.0 -9999.0 -99.000 -99.000 -99.000 -99.000 -99.000 -9999.0 -9999.0 -9999.0 -9999.0 -9999.0
53877 20060901  1.201  -82.61   35.49    20.0    16.4    18.2    17.7     7.9     9.19 R -9999.0 -9999.0    22.2 -9999.0 -9999.0 -9999.0 -99.000 -99.000 -99.000 -99.000 -99.000 -9999.0 -9999.0 -9999.0 -9999.0 -9999.0
53877 20060902  1.201  -82.61   35.49    20.5    14.4    17.5    17.0     3.1     9.59 R -9999.0 -9999.0    21.1 -9999.0 -9999.0 -9999.0 -99.000 -99.000 -99.000 -99.000 -99.000 -9999.0 -9999.0 -9999.0 -9999.0 -9999.0
53877 20060903  1.201  -82.61   35.49    21.1    14.2    17.7    17.1    29.4     8.51 R -9999.0 -9999.0    21.9 -9999.0 -9999.0 -9999.0 -99.000 -99.000 -99.000 -99.000 -99.000 -9999.0 -9999.0 -9999.0 -9999.0 -9999.0
53877 20060904  1.201  -82.61   35.49    21.5    15.2    18.4    17.7    15.5    13.72 R -9999.0 -9999.0    23.8 -9999.0 -9999.0 -9999.0 -99.000 -99.000 -99.000 -99.000 -99.000 -9999.0 -9999.0 -9999.0 -9999.0 -9999.0
53877 20060905  1.201  -82.61   35.49    16.8    12.8    14.8    14.6    18.1     5.60 R -9999.0 -9999.0    20.1 -9999.0 -9999.0 -9999.0 -99.000 -99.000 -99.000 -99.000 -99.000 -9999.0 -9999.0 -9999.0 -9999.0 -9999.0
53877 20060906  1.201  -82.61   35.49    19.1    11.9    15.5    14.6     0.5    19.40 R -9999.0 -9999.0    21.3 -9999.0 -9999.0 -9999.0 -99.000 -99.000 -99.000 -99.000 -99.000 -9999.0 -9999.0 -9999.0 -9999.0 -9999.0
53877 20060907  1.201  -82.61   35.49    17.7    12.0    14.9    14.2     7.1    10.59 R -9999.0 -9999.0    20.5 -9999.0 -9999.0 -9999.0 -99.000 -99.000 -99.000 -99.000 -99.000 -9999.0 -9999.0 -9999.0 -9999.0 -9999.0
53877 20060908  1.201  -82.61   35.49    18.3    11.3    14.8    14.1     0.8    14.29 R -9999.0 -9999.0    21.0 -9999.0 -9999.0 -9999.0 -99.000 -99.000 -99.000 -99.000 -99.000 -9999.0 -9999.0 -9999.0 -9999.0 -9999.0
53877 20060909  1.201  -82.61   35.49    19.4    10.4    14.9    14.0     0.8    14.89 R -9999.0 -9999.0    21.1 -9999.0 -9999.0 -9999.0 -99.000 -99.000 -99.000 -99.000 -99.000 -9999.0 -9999.0 -9999.0 -9999.0 -9999.0
53877 20060910  1.201  -82.61   35.49    19.9    10.9    15.4    14.1    20.3    15.14 R -9999.0 -9999.0    21.3 -9999.0 -9999.0 -9999.0 -99.000 -99.000 -99.000 -99.000 -99.000 -9999.0 -9999.0 -9999.0 -9999.0 -9999.0
53877 20060911  1.201  -82.61   35.49    17.6    10.9    14.3    13.8     0.2    12.93 R -9999.0 -9999.0    20.8 -9999.0 -9999.0 -9999.0 -99.000 -99.000 -99.000 -99.000 -99.000 -9999.0 -9999.0 -9999.0 -9999.0 -9999.0
53877 20060912  1.201  -82.61   35.49    13.9    11.5    12.7    12.6     0.7     3.46 R -9999.0 -9999.0    18.9 -9999.0 -9999.0 -9999.0 -99.000 -99.000 -99.000 -99.000 -99.000 -9999.0 -9999.0 -9999.0 -9999.0 -9999.0
53877 20060913  1.201  -82.61   35.49    12.3    10.9    11.6    11.5    17.9     4.57 R -9999.0 -9999.0    18.7 -9999.0 -9999.0 -9999.0 -99.000 -99.000 -99.000 -99.000 -99.000 -9999.0 -9999.0 -9999.0 -9999.0 -9999.0
53877 20060914  1.201  -82.61   35.49    15.1     8.7    11.9    11.9     0.8    19.05 R -9999.0 -9999.0    20.0 -9999.0 -9999.0 -9999.0 -99.000 -99.000 -99.000 -99.000 -99.000 -9999.0 -9999.0 -9999.0 -9999.0 -9999.0
53877 20060915  1.201  -82.61   35.49    17.8     6.6    12.2    11.9     0.7    20.98 R -9999.0 -9999.0    19.0 -9999.0 -9999.0 -9999.0 -99.000 -99.000 -99.000 -99.000 -99.000 -9999.0 -9999.0 -9999.0 -9999.0 -9999.0
53877 20060916  1.201  -82.61   35.49    18.8     8.1    13.5    12.5     1.2    19.12 R -9999.0 -9999.0    19.6 -9999.0 -9999.0 -9999.0 -99.000 -99.000 -99.000 -99.000 -99.000 -9999.0 -9999.0 -9999.0 -9999.0 -9999.0
53877 20060917  1.201  -82.61   35.49    19.9     8.0    14.0    13.4     1.2    19.61 R -9999.0 -9999.0    19.9 -9999.0 -9999.0 -9999.0 -99.000 -99.000 -99.000 -99.000 -99.000 -9999.0 -9999.0 -9999.0 -9999.0 -9999.0
53877 20060918  1.201  -82.61   35.49    23.0     8.8    15.9    15.9    10.9    12.28 R -9999.0 -9999.0    20.6 -9999.0 -9999.0 -9999.0 -99.000 -99.000 -99.000 -99.000 -99.000 -9999.0 -9999.0 -9999.0 -9999.0 -9999.0
53877 20060919  1.201  -82.61   35.49    22.1    12.6    17.4    18.1     1.0    14.58 R -9999.0 -9999.0    20.3 -9999.0 -9999.0 -9999.0 -99.000 -99.000 -99.000 -99.000 -99.000 -9999.0 -9999.0 -9999.0 -9999.0 -9999.0
53877 20060920  1.201  -82.61   35.49    17.5     5.9    11.7    12.2     0.0    14.54 R -9999.0 -9999.0    13.5 -9999.0 -9999.0 -9999.0 -99.000 -99.000 -99.000 -99.000 -99.000 -9999.0 -9999.0 -9999.0 -9999.0 -9999.0
53877 20060921  1.201  -82.61   35.49    19.1     2.9    11.0    11.6     0.0    19.47 R -9999.0 -9999.0    14.1 -9999.0 -9999.0 -9999.0 -99.000 -99.000 -99.000 -99.000 -99.000 -9999.0 -9999.0 -9999.0 -9999.0 -9999.0
53877 20060922  1.201  -82.61   35.49    18.7    13.8    16.3    16.3     1.5     2.14 R -9999.0 -9999.0    16.6 -9999.0 -9999.0 -9999.0 -99.000 -99.000 -99.000 -99.000 -99.000 -9999.0 -9999.0 -9999.0 -9999.0 -9999.0
53877 20060923  1.201  -82.61   35.49    25.0    16.5    20.8    20.5     0.0    10.85 R -9999.0 -9999.0    21.1 -9999.0 -9999.0 -9999.0 -99.000 -99.000 -99.000 -99.000 -99.000 -9999.0 -9999.0 -9999.0 -9999.0 -9999.0
53877 20060924  1.201  -82.61   35.49    22.1    14.2    18.2    18.5    14.1     4.38 R -9999.0 -9999.0    19.5 -9999.0 -9999.0 -9999.0 -99.000 -99.000 -99.000 -99.000 -99.000 -9999.0 -9999.0 -9999.0 -9999.0 -9999.0
53877 20060925  1.201  -82.61   35.49    19.9    10.9    15.4    14.4     0.0    14.46 R -9999.0 -9999.0    16.0 -9999.0 -9999.0 -9999.0 -99.000 -99.000 -99.000 -99.000 -99.000 -9999.0 -9999.0 -9999.0 -9999.0 -9999.0
53877 20060926  1.201  -82.61   35.49    19.5     8.1    13.8    13.5     0.0    14.52 R -9999.0 -9999.0    15.6 -9999.0 -9999.0 -9999.0 -99.000 -99.000 -99.000 -99.000 -99.000 -9999.0 -9999.0 -9999.0 -9999.0 -9999.0
53877 20060927  1.201  -82.61   35.49    21.0     8.7    14.9    13.6     0.0    14.22 R -9999.0 -9999.0    15.5 -9999.0 -9999.0 -9999.0 -99.000 -99.000 -99.000 -99.000 -99.000 -9999.0 -9999.0 -9999.0 -9999.0 -9999.0
53877 20060928  1.201  -82.61   35.49    21.6     6.8    14.2    11.8     5.5     9.77 R -9999.0 -9999.0    13.2 -9999.0 -9999.0 -9999.0 -99.000 -99.000 -99.000 -99.000 -99.000 -9999.0 -9999.0 -9999.0 -9999.0 -9999.0
53877 20060929  1.201  -82.61   35.49    15.6     3.4     9.5     9.1     0.0    14.63 R -9999.0 -9999.0    10.4 -9999.0 -9999.0 -9999.0 -99.000 -99.000 -99.000 -99.000 -99.000 -9999.0 -9999.0 -9999.0 -9999.0 -9999.0
53877 20060930  1.201  -82.61   35.49    20.9     2.9    11.9    11.5     0.0    16.22 R -9999.0 -9999.0    13.4 -9999.0 -9999.0 -9999.0 -99.000 -99.000 -99.000 -99.000 -99.000 -9999.0 -9999.0 -9999.0 -9999.0 -9999.0
53877 20061001  1.201  -82.61   35.49    22.4     8.0    15.2    14.0     0.0    16.40 R -9999.0 -9999.0    14.9 -9999.0 -9999.0 -9999.0 -99.000 -99.000 -99.000 -99.000 -99.000 -9999.0 -9999.0 -9999.0 -9999.0 -9999.0
53877 20061002  1.201  -82.61   35.49    22.6     4.2    13.4    12.9     0.0    16.31 R -9999.0 -9999.0    13.9 -9999.0 -9999.0 -9999.0 -99.000 -99.000 -99.000 -99.000 -99.000 -9999.0 -9999.0 -9999.0 -9999.0 -9999.0
53877 20061003  1.201  -82.61   35.49    24.1     8.7    16.4    14.6     0.0    12.03 R -9999.0 -9999.0    16.2 -9999.0 -9999.0 -9999.0 -99.000 -99.000 -99.000 -99.000 -99.000 -9999.0 -9999.0 -9999.0 -9999.0 -9999.0
53877 20061004  1.201  -82.61   35.49    25.0     9.4    17.2    15.5     0.0    17.22 R -9999.0 -9999.0    17.6 -9999.0 -9999.0 -9999.0 -99.000 -99.000 -99.000 -99.000 -99.000 -9999.0 -9999.0 -9999.0 -9999.0 -9999.0
53877 20061005  1.201  -82.61   35.49    26.4     9.3    17.9    17.2     1.9    15.94 R -9999.0 -9999.0    19.2 -9999.0 -9999.0 -9999.0 -99.000 -99.000 -99.000 -99.000 -99.000 -9999.0 -9999.0 -9999.0 -9999.0 -9999.0
53877 20061006  1.201  -82.61   35.49    18.1     5.8    12.0    14.1     2.6    14.17 R -9999.0 -9999.0    15.2 -9999.0 -9999.0 -9999.0 -99.000 -99.000 -99.000 -99.000 -99.000 -9999.0 -9999.0 -9999.0 -9999.0 -9999.0
53877 20061007  1.201  -82.61   35.49    16.4     6.2    11.3    11.2     0.0    13.02 R -9999.0 -9999.0    13.1 -9999.0 -9999.0 -9999.0 -99.000 -99.000 -99.000 -99.000 -99.000 -9999.0 -9999.0 -9999.0 -9999.0 -9999.0
53877 20061008  1.201  -82.61   35.49    17.1    10.0    13.6    12.9     2.4     3.73 R -9999.0 -9999.0    14.2 -9999.0 -9999.0 -9999.0 -99.000 -99.000 -99.000 -99.000 -99.000 -9999.0 -9999.0 -9999.0 -9999.0 -9999.0
53877 20061009  1.201  -82.61   35.49    22.8     8.7    15.8    14.9     0.0    16.10 R -9999.0 -9999.0    16.8 -9999.0 -9999.0 -9999.0 -99.000 -99.000 -99.000 -99.000 -99.000 -9999.0 -9999.0 -9999.0 -9999.0 -9999.0
53877 20061010  1.201  -82.61   35.49    23.7     5.9    14.8    13.8     0.0    15.53 R -9999.0 -9999.0    15.4 -9999.0 -9999.0 -9999.0 -99.000 -99.000 -99.000 -99.000 -99.000 -9999.0 -9999.0 -9999.0 -9999.0 -9999.0
53877 20061011  1.201  -82.61   35.49    22.6    10.8    16.7    15.0     1.0    10.31 R -9999.0 -9999.0    16.3 -9999.0 -9999.0 -9999.0 -99.000 -99.000 -99.000 -99.000 -99.000 -9999.0 -9999.0 -9999.0 -9999.0 -9999.0
53877 20061012  1.201  -82.61   35.49    19.3     3.7    11.5    12.0     0.0    14.34 R -9999.0 -9999.0    13.4 -9999.0 -9999.0 -9999.0 -99.000 -99.000 -99.000 -99.000 -99.000 -9999.0 -9999.0 -9999.0 -9999.0 -9999.0
53877 20061013  1.201  -82.61   35.49    12.9    -2.3     5.3     4.8     0.0    16.40 R -9999.0 -9999.0     6.5 -9999.0 -9999.0 -9999.0 -99.000 -99.000 -99.000 -99.000 -99.000 -9999.0 -9999.0 -9999.0 -9999.0 -9999.0
53877 20061014  1.201  -82.61   35.49    16.0    -2.8     6.6     4.9     0.0    16.40 R -9999.0 -9999.0     5.8 -9999.0 -9999.0 -9999.0 -99.000 -99.000 -99.000 -99.000 -99.000 -9999.0 -9999.0 -9999.0 -9999.0 -9999.0
53877 20061015  1.201  -82.61   35.49    18.2    -3.1     7.6     6.2     0.0    15.87 R -9999.0 -9999.0     7.7 -9999.0 -9999.0 -9999.0 -99.000 -99.000 -99.000 -99.000 -99.000 -9999.0 -9999.0 -9999.0 -9999.0 -9999.0
53877 20061016  1.201  -82.61   35.49    13.0     4.0     8.5     9.0     3.4     4.11 R -9999.0 -9999.0     9.7 -9999.0 -9999.0 -9999.0 -99.000 -99.000 -99.000 -99.000 -99.000 -9999.0 -9999.0 -9999.0 -9999.0 -9999.0
53877 20061017  1.201  -82.61   35.49    16.1     9.0    12.6    13.3    25.7     1.89 R -9999.0 -9999.0    13.7 -9999.0 -9999.0 -9999.0 -99.000 -99.000 -99.000 -99.000 -99.000 -9999.0 -9999.0 -9999.0 -9999.0 -9999.0
53877 20061018  1.201  -82.61   35.49    24.8    13.0    18.9    17.3     0.0    15.00 R -9999.0 -9999.0    18.6 -9999.0 -9999.0 -9999.0 -99.000 -99.000 -99.000 -99.000 -99.000 -9999.0 -9999.0 -9999.0 -9999.0 -9999.0
53877 20061019  1.201  -82.61   35.49    19.6    13.0    16.3    15.5     6.5     4.26 R -9999.0 -9999.0    16.6 -9999.0 -9999.0 -9999.0 -99.000 -99.000 -99.000 -99.000 -99.000 -9999.0 -9999.0 -9999.0 -9999.0 -9999.0
53877 20061020  1.201  -82.61   35.49    15.6     2.0     8.8    10.6     0.0    14.22 R -9999.0 -9999.0    12.2 -9999.0 -9999.0 -9999.0 -99.000 -99.000 -99.000 -99.000 -99.000 -9999.0 -9999.0 -9999.0 -9999.0 -9999.0
53877 20061021  1.201  -82.61   35.49    16.8    -0.7     8.1     7.3     0.0    14.39 R -9999.0 -9999.0     9.2 -9999.0 -9999.0 -9999.0 -99.000 -99.000 -99.000 -99.000 -99.000 -9999.0 -9999.0 -9999.0 -9999.0 -9999.0
53877 20061022  1.201  -82.61   35.49    19.5     3.9    11.7    11.2     0.3    14.39 R -9999.0 -9999.0    12.9 -9999.0 -9999.0 -9999.0 -99.000 -99.000 -99.000 -99.000 -99.000 -9999.0 -9999.0 -9999.0 -9999.0 -9999.0
53877 20061023  1.201  -82.61   35.49     6.8     1.2     4.0     4.0     0.0    15.23 R -9999.0 -9999.0     6.4 -9999.0 -9999.0 -9999.0 -99.000 -99.000 -99.000 -99.000 -99.000 -9999.0 -9999.0 -9999.0 -9999.0 -9999.0
53877 20061024  1.201  -82.61   35.49     6.3    -3.5     1.4     1.2     0.0    13.88 R -9999.0 -9999.0     3.5 -9999.0 -9999.0 -9999.0 -99.000 -99.000 -99.000 -99.000 -99.000 -9999.0 -9999.0 -9999.0 -9999.0 -9999.0
53877 20061025  1.201  -82.61   35.49    12.8    -4.4     4.2     3.0     0.0    13.78 R -9999.0 -9999.0     5.4 -9999.0 -9999.0 -9999.0 -99.000 -99.000 -99.000 -99.000 -99.000 -9999.0 -9999.0 -9999.0 -9999.0 -9999.0
53877 20061026  1.201  -82.61   35.49    16.1     2.7     9.4     9.3     0.0    10.49 R -9999.0 -9999.0    11.1 -9999.0 -9999.0 -9999.0 -99.000 -99.000 -99.000 -99.000 -99.000 -9999.0 -9999.0 -9999.0 -9999.0 -9999.0
53877 20061027  1.201  -82.61   35.49    13.5     7.0    10.3     9.8    17.1     1.34 R -9999.0 -9999.0    10.1 -9999.0 -9999.0 -9999.0 -99.000 -99.000 -99.000 -99.000 -99.000 -9999.0 -9999.0 -9999.0 -9999.0 -9999.0
53877 20061028  1.201  -82.61   35.49    14.2     7.3    10.8    10.4     0.0    13.02 R -9999.0 -9999.0    10.3 -9999.0 -9999.0 -9999.0 -99.000 -99.000 -99.000 -99.000 -99.000 -9999.0 -9999.0 -9999.0 -9999.0 -9999.0
53877 20061029  1.201  -82.61   35.49    20.4     0.2    10.3     9.8     0.0    13.83 R -9999.0 -9999.0     9.5 -9999.0 -9999.0 -9999.0 -99.000 -99.000 -99.000 -99.000 -99.000 -9999.0 -9999.0 -9999.0 -9999.0 -9999.0
53877 20061030  1.201  -82.61   35.49    21.9    -0.8    10.6     9.6     0.0    13.57 R -9999.0 -9999.0     9.9 -9999.0 -9999.0 -9999.0 -99.000 -99.000 -99.000 -99.000 -99.000 -9999.0 -9999.0 -9999.0 -9999.0 -9999.0
53877 20061031  1.201  -82.61   35.49    18.6     4.0    11.3    10.6     0.0     7.61 R -9999.0 -9999.0    10.7 -9999.0 -9999.0 -9999.0 -99.000 -99.000 -99.000 -99.000 -99.000 -9999.0 -9999.0 -9999.0 -9999.0 -9999.0
53877 20061101  1.201  -82.61   35.49    21.5     3.6    12.6    12.9     2.6     9.51 R -9999.0 -9999.0    13.3 -9999.0 -9999.0 -9999.0 -99.000 -99.000 -99.000 -99.000 -99.000 -9999.0 -9999.0 -9999.0 -9999.0 -9999.0
53877 20061102  1.201  -82.61   35.49    13.5     2.5     8.0     7.7     0.0    12.99 R -9999.0 -9999.0     8.7 -9999.0 -9999.0 -9999.0 -99.000 -99.000 -99.000 -99.000 -99.000 -9999.0 -9999.0 -9999.0 -9999.0 -9999.0
53877 20061103  1.201  -82.61   35.49     7.6    -4.6     1.5     1.3     0.0    13.61 R -9999.0 -9999.0     2.2 -9999.0 -9999.0 -9999.0 -99.000 -99.000 -99.000 -99.000 -99.000 -9999.0 -9999.0 -9999.0 -9999.0 -9999.0
53877 20061104  1.201  -82.61   35.49    10.8    -7.5     1.7     0.9     0.0    13.41 R -9999.0 -9999.0     1.8 -9999.0 -9999.0 -9999.0 -99.000 -99.000 -99.000 -99.000 -99.000 -9999.0 -9999.0 -9999.0 -9999.0 -9999.0
53877 20061105  1.201  -82.61   35.49    13.4    -6.1     3.7     2.8     0.0    12.41 R -9999.0 -9999.0     3.2 -9999.0 -9999.0 -9999.0 -99.000 -99.000 -99.000 -99.000 -99.000 -9999.0 -9999.0 -9999.0 -9999.0 -9999.0
53877 20061106  1.201  -82.61   35.49    13.1    -4.3     4.4     5.3     0.0     9.58 R -9999.0 -9999.0     5.7 -9999.0 -9999.0 -9999.0 -99.000 -99.000 -99.000 -99.000 -99.000 -9999.0 -9999.0 -9999.0 -9999.0 -9999.0
53877 20061107  1.201  -82.61   35.49    10.3     5.8     8.1     8.9    33.3     1.44 R -9999.0 -9999.0     9.4 -9999.0 -9999.0 -9999.0 -99.000 -99.000 -99.000 -99.000 -99.000 -9999.0 -9999.0 -9999.0 -9999.0 -9999.0
53877 20061108  1.201  -82.61   35.49    15.9     4.0    10.0    10.6     0.0     8.09 R -9999.0 -9999.0    11.2 -9999.0 -9999.0 -9999.0 -99.000 -99.000 -99.000 -99.000 -99.000 -9999.0 -9999.0 -9999.0 -9999.0 -9999.0
53877 20061109  1.201  -82.61   35.49    20.6     4.1    12.4    11.8     0.0    11.46 R -9999.0 -9999.0    11.8 -9999.0 -9999.0 -9999.0 -99.000 -99.000 -99.000 -99.000 -99.000 -9999.0 -9999.0 -9999.0 -9999.0 -9999.0
53877 20061110  1.201  -82.61   35.49    24.6     1.2    12.9    11.6     0.0    10.45 R -9999.0 -9999.0    10.8 -9999.0 -9999.0 -9999.0 -99.000 -99.000 -99.000 -99.000 -99.000 -9999.0 -9999.0 -9999.0 -9999.0 -9999.0
53877 20061111  1.201  -82.61   35.49    22.0     4.3    13.2    11.1     9.3     6.58 R -9999.0 -9999.0    11.1 -9999.0 -9999.0 -9999.0 -99.000 -99.000 -99.000 -99.000 -99.000 -9999.0 -9999.0 -9999.0 -9999.0 -9999.0
53877 20061112  1.201  -82.61   35.49     8.7     1.5     5.1     5.0     0.0     9.22 R -9999.0 -9999.0     5.9 -9999.0 -9999.0 -9999.0 -99.000 -99.000 -99.000 -99.000 -99.000 -9999.0 -9999.0 -9999.0 -9999.0 -9999.0
53877 20061113  1.201  -82.61   35.49    19.1    -3.3     7.9     5.2     0.0    11.12 R -9999.0 -9999.0     5.3 -9999.0 -9999.0 -9999.0 -99.000 -99.000 -99.000 -99.000 -99.000 -9999.0 -9999.0 -9999.0 -9999.0 -9999.0
53877 20061114  1.201  -82.61   35.49    16.9    -1.7     7.6     5.9     0.0     9.82 R -9999.0 -9999.0     6.0 -9999.0 -9999.0 -9999.0 -99.000 -99.000 -99.000 -99.000 -99.000 -9999.0 -9999.0 -9999.0 -9999.0 -9999.0
53877 20061115  1.201  -82.61   35.49    13.6     4.0     8.8     9.1    51.2     1.81 R -9999.0 -9999.0     9.3 -9999.0 -9999.0 -9999.0 -99.000 -99.000 -99.000 -99.000 -99.000 -9999.0 -9999.0 -9999.0 -9999.0 -9999.0
53877 20061116  1.201  -82.61   35.49    15.0     5.3    10.2    10.3     4.3     5.15 R -9999.0 -9999.0    10.3 -9999.0 -9999.0 -9999.0 -99.000 -99.000 -99.000 -99.000 -99.000 -9999.0 -9999.0 -9999.0 -9999.0 -9999.0
53877 20061117  1.201  -82.61   35.49     8.6    -1.7     3.5     4.1     0.0     8.23 R -9999.0 -9999.0     5.3 -9999.0 -9999.0 -9999.0 -99.000 -99.000 -99.000 -99.000 -99.000 -9999.0 -9999.0 -9999.0 -9999.0 -9999.0
53877 20061118  1.201  -82.61   35.49    13.8    -2.4     5.7     3.8     0.0    10.35 R -9999.0 -9999.0     4.3 -9999.0 -9999.0 -9999.0 -99.000 -99.000 -99.000 -99.000 -99.000 -9999.0 -9999.0 -9999.0 -9999.0 -9999.0
53877 20061119  1.201  -82.61   35.49     7.8    -3.1     2.4     2.0     0.0     3.55 R -9999.0 -9999.0     2.5 -9999.0 -9999.0 -9999.0 -99.000 -99.000 -99.000 -99.000 -99.000 -9999.0 -9999.0 -9999.0 -9999.0 -9999.0
53877 20061120  1.201  -82.61   35.49     4.7    -1.1     1.8     1.7     0.0     6.03 R -9999.0 -9999.0     2.7 -9999.0 -9999.0 -9999.0 -99.000 -99.000 -99.000 -99.000 -99.000 -9999.0 -9999.0 -9999.0 -9999.0 -9999.0
53877 20061121  1.201  -82.61   35.49     7.0    -3.3     1.9     2.1     0.0    10.49 R -9999.0 -9999.0     2.8 -9999.0 -9999.0 -9999.0 -99.000 -99.000 -99.000 -99.000 -99.000 -9999.0 -9999.0 -9999.0 -9999.0 -9999.0
53877 20061122  1.201  -82.61   35.49    14.2     3.4     8.8     7.8     0.0     6.51 R -9999.0 -9999.0     7.1 -9999.0 -9999.0 -9999.0 -99.000 -99.000 -99.000 -99.000 -99.000 -9999.0 -9999.0 -9999.0 -9999.0 -9999.0
53877 20061123  1.201  -82.61   35.49    16.7    -0.5     8.1     8.5     0.0    10.00 R -9999.0 -9999.0     6.6 -9999.0 -9999.0 -9999.0 -99.000 -99.000 -99.000 -99.000 -99.000 -9999.0 -9999.0 -9999.0 -9999.0 -9999.0
53877 20061124  1.201  -82.61   35.49    19.0    -2.8     8.1     5.7     0.0    10.02 R -9999.0 -9999.0     4.6 -9999.0 -9999.0 -9999.0 -99.000 -99.000 -99.000 -99.000 -99.000 -9999.0 -9999.0 -9999.0 -9999.0 -9999.0
53877 20061125  1.201  -82.61   35.49    19.7    -3.5     8.1     5.3     0.0    10.00 R -9999.0 -9999.0     4.1 -9999.0 -9999.0 -9999.0 -99.000 -99.000 -99.000 -99.000 -99.000 -9999.0 -9999.0 -9999.0 -9999.0 -9999.0
53877 20061126  1.201  -82.61   35.49    20.7    -3.3     8.7     5.3     0.0    10.02 R -9999.0 -9999.0     4.2 -9999.0 -9999.0 -9999.0 -99.000 -99.000 -99.000 -99.000 -99.000 -9999.0 -9999.0 -9999.0 -9999.0 -9999.0
53877 20061127  1.201  -82.61   35.49    19.3    -3.7     7.8     5.6     0.0     9.48 R -9999.0 -9999.0     4.7 -9999.0 -9999.0 -9999.0 -99.000 -99.000 -99.000 -99.000 -99.000 -9999.0 -9999.0 -9999.0 -9999.0 -9999.0
53877 20061128  1.201  -82.61   35.49    15.9     3.8     9.9    10.4     0.0     2.51 R -9999.0 -9999.0     9.7 -9999.0 -9999.0 -9999.0 -99.000 -99.000 -99.000 -99.000 -99.000 -9999.0 -9999.0 -9999.0 -9999.0 -9999.0
53877 20061129  1.201  -82.61   35.49    19.2     7.0    13.1    13.3     6.4     5.07 R -9999.0 -9999.0    12.9 -9999.0 -9999.0 -9999.0 -99.000 -99.000 -99.000 -99.000 -99.000 -9999.0 -9999.0 -9999.0 -9999.0 -9999.0
53877 20061130  1.201  -82.61   35.49    17.7    14.4    16.1    15.8    18.6     2.32 R -9999.0 -9999.0    15.2 -9999.0 -9999.0 -9999.0 -99.000 -99.000 -99.000 -99.000 -99.000 -9999.0 -9999.0 -9999.0 -9999.0 -9999.0
53877 20061201  1.201  -82.61   35.49    22.2     0.4    11.3    13.9     9.0     9.71 R -9999.0 -9999.0    12.8 -9999.0 -9999.0 -9999.0 -99.000 -99.000 -99.000 -99.000 -99.000 -9999.0 -9999.0 -9999.0 -9999.0 -9999.0
53877 20061202  1.201  -82.61   35.49    12.6    -3.3     4.7     4.0     0.0     9.37 R -9999.0 -9999.0     4.0 -9999.0 -9999.0 -9999.0 -99.000 -99.000 -99.000 -99.000 -99.000 -9999.0 -9999.0 -9999.0 -9999.0 -9999.0
53877 20061203  1.201  -82.61   35.49     9.9     2.5     6.2     5.6     0.0     5.07 R -9999.0 -9999.0     5.7 -9999.0 -9999.0 -9999.0 -99.000 -99.000 -99.000 -99.000 -99.000 -9999.0 -9999.0 -9999.0 -9999.0 -9999.0
53877 20061204  1.201  -82.61   35.49     2.9    -5.3    -1.2    -1.1     0.0     9.50 R -9999.0 -9999.0    -0.3 -9999.0 -9999.0 -9999.0 -99.000 -99.000 -99.000 -99.000 -99.000 -9999.0 -9999.0 -9999.0 -9999.0 -9999.0
53877 20061205  1.201  -82.61   35.49     8.5    -7.9     0.3    -1.5     0.0     9.24 R -9999.0 -9999.0    -1.2 -9999.0 -9999.0 -9999.0 -99.000 -99.000 -99.000 -99.000 -99.000 -9999.0 -9999.0 -9999.0 -9999.0 -9999.0
53877 20061206  1.201  -82.61   35.49    12.3    -6.2     3.1     1.8     0.0     6.93 R -9999.0 -9999.0     1.7 -9999.0 -9999.0 -9999.0 -99.000 -99.000 -99.000 -99.000 -99.000 -9999.0 -9999.0 -9999.0 -9999.0 -9999.0
53877 20061207  1.201  -82.61   35.49     7.8    -8.7    -0.4    -0.8 -9999.0     6.38 R -9999.0 -9999.0    -1.3 -9999.0 -9999.0 -9999.0 -99.000 -99.000 -99.000 -99.000 -99.000 -9999.0 -9999.0 -9999.0 -9999.0 -9999.0
53877 20061208  1.201  -82.61   35.49     0.1   -11.6    -5.7    -6.8     0.0     9.31 R -9999.0 -9999.0    -7.2 -9999.0 -9999.0 -9999.0 -99.000 -99.000 -99.000 -99.000 -99.000 -9999.0 -9999.0 -9999.0 -9999.0 -9999.0
53877 20061209  1.201  -82.61   35.49     8.1   -13.5    -2.7    -4.8     0.0     9.18 R -9999.0 -9999.0    -4.0 -9999.0 -9999.0 -9999.0 -99.000 -99.000 -99.000 -99.000 -99.000 -9999.0 -9999.0 -9999.0 -9999.0 -9999.0
53877 20061210  1.201  -82.61   35.49    11.5    -8.6     1.5    -0.6     0.0     7.41 R -9999.0 -9999.0    -0.5 -9999.0 -9999.0 -9999.0 -99.000 -99.000 -99.000 -99.000 -99.000 -9999.0 -9999.0 -9999.0 -9999.0 -9999.0
53877 20061211  1.201  -82.61   35.49    16.3    -4.1     6.1     2.9     0.0     8.83 R -9999.0 -9999.0     2.2 -9999.0 -9999.0 -9999.0 -99.000 -99.000 -99.000 -99.000 -99.000 -9999.0 -9999.0 -9999.0 -9999.0 -9999.0
53877 20061212  1.201  -82.61   35.49    13.4    -5.0     4.2     4.9     0.0     8.48 R -9999.0 -9999.0     4.0 -9999.0 -9999.0 -9999.0 -99.000 -99.000 -99.000 -99.000 -99.000 -9999.0 -9999.0 -9999.0 -9999.0 -9999.0
53877 20061213  1.201  -82.61   35.49    17.0    -0.2     8.4     8.1     0.0     8.78 R -9999.0 -9999.0     7.2 -9999.0 -9999.0 -9999.0 -99.000 -99.000 -99.000 -99.000 -99.000 -9999.0 -9999.0 -9999.0 -9999.0 -9999.0
53877 20061214  1.201  -82.61   35.49    15.3    -2.4     6.5     3.2     0.0     8.34 R -9999.0 -9999.0     2.7 -9999.0 -9999.0 -9999.0 -99.000 -99.000 -99.000 -99.000 -99.000 -9999.0 -9999.0 -9999.0 -9999.0 -9999.0
53877 20061215  1.201  -82.61   35.49    17.6    -3.8     6.9     4.6     0.0     8.27 R -9999.0 -9999.0     3.1 -9999.0 -9999.0 -9999.0 -99.000 -99.000 -99.000 -99.000 -99.000 -9999.0 -9999.0 -9999.0 -9999.0 -9999.0
53877 20061216  1.201  -82.61   35.49    20.3    -2.4     9.0     6.1     0.0     8.52 R -9999.0 -9999.0     4.3 -9999.0 -9999.0 -9999.0 -99.000 -99.000 -99.000 -99.000 -99.000 -9999.0 -9999.0 -9999.0 -9999.0 -9999.0
53877 20061217  1.201  -82.61   35.49    20.2    -2.8     8.7     6.0     0.0     8.89 R -9999.0 -9999.0     4.4 -9999.0 -9999.0 -9999.0 -99.000 -99.000 -99.000 -99.000 -99.000 -9999.0 -9999.0 -9999.0 -9999.0 -9999.0
53877 20061218  1.201  -82.61   35.49    19.6    -2.0     8.8     6.0     0.0     8.55 R -9999.0 -9999.0     4.6 -9999.0 -9999.0 -9999.0 -99.000 -99.000 -99.000 -99.000 -99.000 -9999.0 -9999.0 -9999.0 -9999.0 -9999.0
53877 20061219  1.201  -82.61   35.49    16.3    -1.3     7.5     6.3     0.0     6.11 R -9999.0 -9999.0     5.4 -9999.0 -9999.0 -9999.0 -99.000 -99.000 -99.000 -99.000 -99.000 -9999.0 -9999.0 -9999.0 -9999.0 -9999.0
53877 20061220  1.201  -82.61   35.49     9.0    -0.8     4.1     5.6     0.0     5.70 R -9999.0 -9999.0     5.1 -9999.0 -9999.0 -9999.0 -99.000 -99.000 -99.000 -99.000 -99.000 -9999.0 -9999.0 -9999.0 -9999.0 -9999.0
53877 20061221  1.201  -82.61   35.49    10.4     4.7     7.6     7.9     2.3     0.47 R -9999.0 -9999.0     8.1 -9999.0 -9999.0 -9999.0 -99.000 -99.000 -99.000 -99.000 -99.000 -9999.0 -9999.0 -9999.0 -9999.0 -9999.0
53877 20061222  1.201  -82.61   35.49    13.4     9.8    11.6    11.6    54.1     1.21 R -9999.0 -9999.0    11.2 -9999.0 -9999.0 -9999.0 -99.000 -99.000 -99.000 -99.000 -99.000 -9999.0 -9999.0 -9999.0 -9999.0 -9999.0
53877 20061223  1.201  -82.61   35.49    13.7    -0.6     6.6     8.6     0.0     6.89 R -9999.0 -9999.0     8.5 -9999.0 -9999.0 -9999.0 -99.000 -99.000 -99.000 -99.000 -99.000 -9999.0 -9999.0 -9999.0 -9999.0 -9999.0
53877 20061224  1.201  -82.61   35.49    14.5    -1.3     6.6     6.2     0.0     8.43 R -9999.0 -9999.0     1.8 -9999.0 -9999.0 -9999.0 -99.000 -99.000 -99.000 -99.000 -99.000 -9999.0 -9999.0 -9999.0 -9999.0 -9999.0
53877 20061225  1.201  -82.61   35.49    10.5     4.2     7.4     6.5    20.4     1.69 R -9999.0 -9999.0     5.0 -9999.0 -9999.0 -9999.0 -99.000 -99.000 -99.000 -99.000 -99.000 -9999.0 -9999.0 -9999.0 -9999.0 -9999.0
53877 20061226  1.201  -82.61   35.49     9.3     1.1     5.2     3.9     0.0     1.35 R -9999.0 -9999.0     3.3 -9999.0 -9999.0 -9999.0 -99.000 -99.000 -99.000 -99.000 -99.000 -9999.0 -9999.0 -9999.0 -9999.0 -9999.0
53877 20061227  1.201  -82.61   35.49     7.5    -3.3     2.1     1.1     0.0     8.94 R -9999.0 -9999.0     0.1 -9999.0 -9999.0 -9999.0 -99.000 -99.000 -99.000 -99.000 -99.000 -9999.0 -9999.0 -9999.0 -9999.0 -9999.0
53877 20061228  1.201  -82.61   35.49    12.2    -5.4     3.4     1.6     0.0     8.82 R -9999.0 -9999.0     0.3 -9999.0 -9999.0 -9999.0 -99.000 -99.000 -99.000 -99.000 -99.000 -9999.0 -9999.0 -9999.0 -9999.0 -9999.0
53877 20061229  1.201  -82.61   35.49    14.8    -5.2     4.8     1.8     0.0     8.77 R -9999.0 -9999.0     0.8 -9999.0 -9999.0 -9999.0 -99.000 -99.000 -99.000 -99.000 -99.000 -9999.0 -9999.0 -9999.0 -9999.0 -9999.0
53877 20061230  1.201  -82.61   35.49    11.5    -0.9     5.3     6.8     0.7     2.31 R -9999.0 -9999.0     6.7 -9999.0 -9999.0 -9999.0 -99.000 -99.000 -99.000 -99.000 -99.000 -9999.0 -9999.0 -9999.0 -9999.0 -9999.0
53877 20061231  1.201  -82.61   35.49    15.6     8.8    12.2    10.9    72.4     1.16 R -9999.0 -9999.0     9.9 -9999.0 -9999.0 -9999.0 -99.000 -99.000 -99.000 -99.000 -99.000 -9999.0 -9999.0 -9999.0 -9999.0 -9999.0
