53877 20050101  1.201  -82.61   35.49    19.1    -0.2     9.5     8.5     0.3     8.57 R -9999.0 -9999.0     7.0 -9999.0 -9999.0 -9999.0 -99.000 -99.000 -99.000 -99.000 -99.000 -9999.0 -9999.0 -9999.0 -9999.0 -9999.0
53877 20050102  1.201  -82.61   35.49    17.5     1.6     9.6     8.3     0.0     6.24 R -9999.0 -9999.0     7.3 -9999.0 -9999.0 -9999.0 -99.000 -99.000 -99.000 -99.000 -99.000 -9999.0 -9999.0 -9999.0 -9999.0 -9999.0
53877 20050103  1.201  -82.61   35.49    18.2     3.0    10.6     9.5     0.6     5.98 R -9999.0 -9999.0     8.3 -9999.0 -9999.0 -9999.0 -99.000 -99.000 -99.000 -99.000 -99.000 -9999.0 -9999.0 -9999.0 -9999.0 -9999.0
53877 20050104  1.201  -82.61   35.49    20.4     5.2    12.8    11.8     0.6     6.50 R -9999.0 -9999.0    10.6 -9999.0 -9999.0 -9999.0 -99.000 -99.000 -99.000 -99.000 -99.000 -9999.0 -9999.0 -9999.0 -9999.0 -9999.0
53877 20050105  1.201  -82.61   35.49    17.9     2.7    10.3     9.6     0.0     5.76 R -9999.0 -9999.0     8.0 -9999.0 -9999.0 -9999.0 -99.000 -99.000 -99.000 -99.000 -99.000 -9999.0 -9999.0 -9999.0 -9999.0 -9999.0
53877 20050106  1.201  -82.61   35.49    17.4     5.4    11.4    10.6     1.6     2.58 R -9999.0 -9999.0     9.2 -9999.0 -9999.0 -9999.0 -99.000 -99.000 -99.000 -99.000 -99.000 -9999.0 -9999.0 -9999.0 -9999.0 -9999.0
53877 20050107  1.201  -82.61   35.49    13.7     1.3     7.5     7.8     0.0     3.14 R -9999.0 -9999.0     6.9 -9999.0 -9999.0 -9999.0 -99.000 -99.000 -99.000 -99.000 -99.000 -9999.0 -9999.0 -9999.0 -9999.0 -9999.0
53877 20050108  1.201  -82.61   35.49    14.7     0.0     7.4     9.8     0.6     5.51 R -9999.0 -9999.0     8.8 -9999.0 -9999.0 -9999.0 -99.000 -99.000 -99.000 -99.000 -99.000 -9999.0 -9999.0 -9999.0 -9999.0 -9999.0
53877 20050109  1.201  -82.61   35.49    15.8    -1.2     7.3     4.7     0.0     9.30 R -9999.0 -9999.0     5.2 -9999.0 -9999.0 -9999.0 -99.000 -99.000 -99.000 -99.000 -99.000 -9999.0 -9999.0 -9999.0 -9999.0 -9999.0
53877 20050110  1.201  -82.61   35.49    15.3    -1.6     6.9     5.5     0.3     7.68 R -9999.0 -9999.0     4.9 -9999.0 -9999.0 -9999.0 -99.000 -99.000 -99.000 -99.000 -99.000 -9999.0 -9999.0 -9999.0 -9999.0 -9999.0
53877 20050111  1.201  -82.61   35.49    17.8     0.7     9.3     7.2     0.0     7.04 R -9999.0 -9999.0     6.6 -9999.0 -9999.0 -9999.0 -99.000 -99.000 -99.000 -99.000 -99.000 -9999.0 -9999.0 -9999.0 -9999.0 -9999.0
53877 20050112  1.201  -82.61   35.49    19.0     2.3    10.7    10.8     0.3     6.32 R -9999.0 -9999.0     9.4 -9999.0 -9999.0 -9999.0 -99.000 -99.000 -99.000 -99.000 -99.000 -9999.0 -9999.0 -9999.0 -9999.0 -9999.0
53877 20050113  1.201  -82.61   35.49    18.1    10.2    14.2    15.1    32.0     0.95 R -9999.0 -9999.0    13.3 -9999.0 -9999.0 -9999.0 -99.000 -99.000 -99.000 -99.000 -99.000 -9999.0 -9999.0 -9999.0 -9999.0 -9999.0
53877 20050114  1.201  -82.61   35.49    10.2     0.6     5.4     5.4     3.6     7.05 R -9999.0 -9999.0     5.5 -9999.0 -9999.0 -9999.0 -99.000 -99.000 -99.000 -99.000 -99.000 -9999.0 -9999.0 -9999.0 -9999.0 -9999.0
53877 20050115  1.201  -82.61   35.49     7.8    -3.5     2.2     1.1     0.0     7.81 R -9999.0 -9999.0     1.7 -9999.0 -9999.0 -9999.0 -99.000 -99.000 -99.000 -99.000 -99.000 -9999.0 -9999.0 -9999.0 -9999.0 -9999.0
53877 20050116  1.201  -82.61   35.49     8.8    -5.0     1.9     0.5     0.0     7.88 R -9999.0 -9999.0     1.7 -9999.0 -9999.0 -9999.0 -99.000 -99.000 -99.000 -99.000 -99.000 -9999.0 -9999.0 -9999.0 -9999.0 -9999.0
53877 20050117  1.201  -82.61   35.49    -2.6    -9.5    -6.0    -6.8     0.0    10.30 R -9999.0 -9999.0    -4.8 -9999.0 -9999.0 -9999.0 -99.000 -99.000 -99.000 -99.000 -99.000 -9999.0 -9999.0 -9999.0 -9999.0 -9999.0
53877 20050118  1.201  -82.61   35.49     0.4   -12.0    -5.8    -6.2     0.0    10.47 R -9999.0 -9999.0    -5.1 -9999.0 -9999.0 -9999.0 -99.000 -99.000 -99.000 -99.000 -99.000 -9999.0 -9999.0 -9999.0 -9999.0 -9999.0
53877 20050119  1.201  -82.61   35.49     2.3    -9.2    -3.4    -2.9     0.0     3.52 R -9999.0 -9999.0    -2.9 -9999.0 -9999.0 -9999.0 -99.000 -99.000 -99.000 -99.000 -99.000 -9999.0 -9999.0 -9999.0 -9999.0 -9999.0
53877 20050120  1.201  -82.61   35.49     7.0    -6.6     0.2     0.3 -9999.0     6.86 R -9999.0 -9999.0     0.2 -9999.0 -9999.0 -9999.0 -99.000 -99.000 -99.000 -99.000 -99.000 -9999.0 -9999.0 -9999.0 -9999.0 -9999.0
53877 20050121  1.201  -82.61   35.49    11.3    -1.6     4.9     3.9     0.0     9.35 R -9999.0 -9999.0     4.9 -9999.0 -9999.0 -9999.0 -99.000 -99.000 -99.000 -99.000 -99.000 -9999.0 -9999.0 -9999.0 -9999.0 -9999.0
53877 20050122  1.201  -82.61   35.49     4.8    -7.7    -1.4     0.1     0.3     2.67 R -9999.0 -9999.0     1.2 -9999.0 -9999.0 -9999.0 -99.000 -99.000 -99.000 -99.000 -99.000 -9999.0 -9999.0 -9999.0 -9999.0 -9999.0
53877 20050123  1.201  -82.61   35.49    -6.0   -10.8    -8.4    -8.8     0.0    11.61 R -9999.0 -9999.0    -7.0 -9999.0 -9999.0 -9999.0 -99.000 -99.000 -99.000 -99.000 -99.000 -9999.0 -9999.0 -9999.0 -9999.0 -9999.0
53877 20050124  1.201  -82.61   35.49     4.8   -16.4    -5.8    -5.5     0.0     7.58 R -9999.0 -9999.0    -4.6 -9999.0 -9999.0 -9999.0 -99.000 -99.000 -99.000 -99.000 -99.000 -9999.0 -9999.0 -9999.0 -9999.0 -9999.0
53877 20050125  1.201  -82.61   35.49    14.0    -6.7     3.7     1.3     0.0    10.66 R -9999.0 -9999.0     0.9 -9999.0 -9999.0 -9999.0 -99.000 -99.000 -99.000 -99.000 -99.000 -9999.0 -9999.0 -9999.0 -9999.0 -9999.0
53877 20050126  1.201  -82.61   35.49    16.4    -3.0     6.7     6.0     0.0     6.61 R -9999.0 -9999.0     4.7 -9999.0 -9999.0 -9999.0 -99.000 -99.000 -99.000 -99.000 -99.000 -9999.0 -9999.0 -9999.0 -9999.0 -9999.0
53877 20050127  1.201  -82.61   35.49     6.6    -3.1     1.8     1.7     0.0    11.52 R -9999.0 -9999.0     2.4 -9999.0 -9999.0 -9999.0 -99.000 -99.000 -99.000 -99.000 -99.000 -9999.0 -9999.0 -9999.0 -9999.0 -9999.0
53877 20050128  1.201  -82.61   35.49     0.6    -4.4    -1.9    -1.9     0.0     7.84 R -9999.0 -9999.0    -0.5 -9999.0 -9999.0 -9999.0 -99.000 -99.000 -99.000 -99.000 -99.000 -9999.0 -9999.0 -9999.0 -9999.0 -9999.0
53877 20050129  1.201  -82.61   35.49     0.3    -6.7    -3.2    -2.8    10.7     4.02 R -9999.0 -9999.0    -1.9 -9999.0 -9999.0 -9999.0 -99.000 -99.000 -99.000 -99.000 -99.000 -9999.0 -9999.0 -9999.0 -9999.0 -9999.0
53877 20050130  1.201  -82.61   35.49     5.8    -0.2     2.8     1.6     0.0     6.85 R -9999.0 -9999.0     2.3 -9999.0 -9999.0 -9999.0 -99.000 -99.000 -99.000 -99.000 -99.000 -9999.0 -9999.0 -9999.0 -9999.0 -9999.0
53877 20050131  1.201  -82.61   35.49     4.8     0.5     2.7     2.4     0.0     3.41 R -9999.0 -9999.0     3.2 -9999.0 -9999.0 -9999.0 -99.000 -99.000 -99.000 -99.000 -99.000 -9999.0 -9999.0 -9999.0 -9999.0 -9999.0
53877 20050201  1.201  -82.61   35.49     5.8    -3.1     1.4     1.2     0.0     3.09 R -9999.0 -9999.0     1.3 -9999.0 -9999.0 -9999.0 -99.000 -99.000 -99.000 -99.000 -99.000 -9999.0 -9999.0 -9999.0 -9999.0 -9999.0
53877 20050202  1.201  -82.61   35.49     2.6    -3.0    -0.2     0.3     0.6     4.31 R -9999.0 -9999.0     0.8 -9999.0 -9999.0 -9999.0 -99.000 -99.000 -99.000 -99.000 -99.000 -9999.0 -9999.0 -9999.0 -9999.0 -9999.0
53877 20050203  1.201  -82.61   35.49     4.7    -0.5     2.1     2.0     4.6     3.08 R -9999.0 -9999.0     2.7 -9999.0 -9999.0 -9999.0 -99.000 -99.000 -99.000 -99.000 -99.000 -9999.0 -9999.0 -9999.0 -9999.0 -9999.0
53877 20050204  1.201  -82.61   35.49     8.7    -0.7     4.0     3.8     0.0    13.01 R -9999.0 -9999.0     3.6 -9999.0 -9999.0 -9999.0 -99.000 -99.000 -99.000 -99.000 -99.000 -9999.0 -9999.0 -9999.0 -9999.0 -9999.0
53877 20050205  1.201  -82.61   35.49    15.2    -5.4     4.9     3.0     0.0    13.12 R -9999.0 -9999.0     2.5 -9999.0 -9999.0 -9999.0 -99.000 -99.000 -99.000 -99.000 -99.000 -9999.0 -9999.0 -9999.0 -9999.0 -9999.0
53877 20050206  1.201  -82.61   35.49    12.9    -4.4     4.3     3.9     0.0    11.12 R -9999.0 -9999.0     3.0 -9999.0 -9999.0 -9999.0 -99.000 -99.000 -99.000 -99.000 -99.000 -9999.0 -9999.0 -9999.0 -9999.0 -9999.0
53877 20050207  1.201  -82.61   35.49    14.5    -3.3     5.6     5.5     0.0     8.53 R -9999.0 -9999.0     5.0 -9999.0 -9999.0 -9999.0 -99.000 -99.000 -99.000 -99.000 -99.000 -9999.0 -9999.0 -9999.0 -9999.0 -9999.0
53877 20050208  1.201  -82.61   35.49    17.0     2.4     9.7     9.7     0.0     7.46 R -9999.0 -9999.0     9.2 -9999.0 -9999.0 -9999.0 -99.000 -99.000 -99.000 -99.000 -99.000 -9999.0 -9999.0 -9999.0 -9999.0 -9999.0
53877 20050209  1.201  -82.61   35.49    12.7     3.5     8.1     7.9     0.3     2.66 R -9999.0 -9999.0     7.8 -9999.0 -9999.0 -9999.0 -99.000 -99.000 -99.000 -99.000 -99.000 -9999.0 -9999.0 -9999.0 -9999.0 -9999.0
53877 20050210  1.201  -82.61   35.49     7.6    -3.5     2.1     1.0     0.6     7.59 R -9999.0 -9999.0     1.8 -9999.0 -9999.0 -9999.0 -99.000 -99.000 -99.000 -99.000 -99.000 -9999.0 -9999.0 -9999.0 -9999.0 -9999.0
53877 20050211  1.201  -82.61   35.49     5.4    -6.1    -0.3    -1.2     0.0    13.46 R -9999.0 -9999.0    -0.6 -9999.0 -9999.0 -9999.0 -99.000 -99.000 -99.000 -99.000 -99.000 -9999.0 -9999.0 -9999.0 -9999.0 -9999.0
53877 20050212  1.201  -82.61   35.49    14.2    -2.3     6.0     5.8     0.0    12.88 R -9999.0 -9999.0     4.3 -9999.0 -9999.0 -9999.0 -99.000 -99.000 -99.000 -99.000 -99.000 -9999.0 -9999.0 -9999.0 -9999.0 -9999.0
53877 20050213  1.201  -82.61   35.49     7.3    -3.4     2.0     2.5     1.8     1.84 R -9999.0 -9999.0     2.6 -9999.0 -9999.0 -9999.0 -99.000 -99.000 -99.000 -99.000 -99.000 -9999.0 -9999.0 -9999.0 -9999.0 -9999.0
53877 20050214  1.201  -82.61   35.49    10.2    -1.0     4.6     5.5     4.1     4.44 R -9999.0 -9999.0     4.6 -9999.0 -9999.0 -9999.0 -99.000 -99.000 -99.000 -99.000 -99.000 -9999.0 -9999.0 -9999.0 -9999.0 -9999.0
53877 20050215  1.201  -82.61   35.49    15.9    -1.5     7.2     6.2     0.0     8.29 R -9999.0 -9999.0     5.7 -9999.0 -9999.0 -9999.0 -99.000 -99.000 -99.000 -99.000 -99.000 -9999.0 -9999.0 -9999.0 -9999.0 -9999.0
53877 20050216  1.201  -82.61   35.49    16.2     2.6     9.4     7.6     0.0     5.47 R -9999.0 -9999.0     7.5 -9999.0 -9999.0 -9999.0 -99.000 -99.000 -99.000 -99.000 -99.000 -9999.0 -9999.0 -9999.0 -9999.0 -9999.0
53877 20050217  1.201  -82.61   35.49     7.3    -1.4     3.0     2.7 -9999.0    15.08 R -9999.0 -9999.0     3.2 -9999.0 -9999.0 -9999.0 -99.000 -99.000 -99.000 -99.000 -99.000 -9999.0 -9999.0 -9999.0 -9999.0 -9999.0
53877 20050218  1.201  -82.61   35.49     8.0    -4.1     2.0     1.1     0.0    15.14 R -9999.0 -9999.0     1.5 -9999.0 -9999.0 -9999.0 -99.000 -99.000 -99.000 -99.000 -99.000 -9999.0 -9999.0 -9999.0 -9999.0 -9999.0
53877 20050219  1.201  -82.61   35.49    11.5    -5.6     3.0     2.4     0.0    14.18 R -9999.0 -9999.0     3.6 -9999.0 -9999.0 -9999.0 -99.000 -99.000 -99.000 -99.000 -99.000 -9999.0 -9999.0 -9999.0 -9999.0 -9999.0
53877 20050220  1.201  -82.61   35.49     5.4     1.2     3.3     3.6     7.3     1.97 R -9999.0 -9999.0     4.3 -9999.0 -9999.0 -9999.0 -99.000 -99.000 -99.000 -99.000 -99.000 -9999.0 -9999.0 -9999.0 -9999.0 -9999.0
53877 20050221  1.201  -82.61   35.49    16.2     3.5     9.9     8.3    19.3     5.66 R -9999.0 -9999.0     7.8 -9999.0 -9999.0 -9999.0 -99.000 -99.000 -99.000 -99.000 -99.000 -9999.0 -9999.0 -9999.0 -9999.0 -9999.0
53877 20050222  1.201  -82.61   35.49    19.1     0.3     9.7     8.1     0.0    14.89 R -9999.0 -9999.0     7.8 -9999.0 -9999.0 -9999.0 -99.000 -99.000 -99.000 -99.000 -99.000 -9999.0 -9999.0 -9999.0 -9999.0 -9999.0
53877 20050223  1.201  -82.61   35.49    19.3     0.1     9.7     9.7     0.0    15.11 R -9999.0 -9999.0     8.9 -9999.0 -9999.0 -9999.0 -99.000 -99.000 -99.000 -99.000 -99.000 -9999.0 -9999.0 -9999.0 -9999.0 -9999.0
53877 20050224  1.201  -82.61   35.49    11.1     3.2     7.2     6.6     3.9     2.13 R -9999.0 -9999.0     7.4 -9999.0 -9999.0 -9999.0 -99.000 -99.000 -99.000 -99.000 -99.000 -9999.0 -9999.0 -9999.0 -9999.0 -9999.0
53877 20050225  1.201  -82.61   35.49     9.7    -2.7     3.5     3.2     0.0    16.16 R -9999.0 -9999.0     5.1 -9999.0 -9999.0 -9999.0 -99.000 -99.000 -99.000 -99.000 -99.000 -9999.0 -9999.0 -9999.0 -9999.0 -9999.0
53877 20050226  1.201  -82.61   35.49    13.3    -5.9     3.7     2.7     0.0    16.16 R -9999.0 -9999.0     3.8 -9999.0 -9999.0 -9999.0 -99.000 -99.000 -99.000 -99.000 -99.000 -9999.0 -9999.0 -9999.0 -9999.0 -9999.0
53877 20050227  1.201  -82.61   35.49     6.7    -2.0     2.4     2.3     5.3     4.48 R -9999.0 -9999.0     2.8 -9999.0 -9999.0 -9999.0 -99.000 -99.000 -99.000 -99.000 -99.000 -9999.0 -9999.0 -9999.0 -9999.0 -9999.0
53877 20050228  1.201  -82.61   35.49     4.5     0.1     2.3     1.9    11.7     3.82 R -9999.0 -9999.0     1.2 -9999.0 -9999.0 -9999.0 -99.000 -99.000 -99.000 -99.000 -99.000 -9999.0 -9999.0 -9999.0 -9999.0 -9999.0
53877 20050301  1.201  -82.61   35.49     1.1    -4.3    -1.6    -1.5     0.3    12.28 R -9999.0 -9999.0    -0.1 -9999.0 -9999.0 -9999.0 -99.000 -99.000 -99.000 -99.000 -99.000 -9999.0 -9999.0 -9999.0 -9999.0 -9999.0
53877 20050302  1.201  -82.61   35.49     5.5    -5.5     0.0    -0.7     0.0    17.71 R -9999.0 -9999.0     0.8 -9999.0 -9999.0 -9999.0 -99.000 -99.000 -99.000 -99.000 -99.000 -9999.0 -9999.0 -9999.0 -9999.0 -9999.0
53877 20050303  1.201  -82.61   35.49     8.6    -5.4     1.6     1.2     0.0    15.67 R -9999.0 -9999.0     1.5 -9999.0 -9999.0 -9999.0 -99.000 -99.000 -99.000 -99.000 -99.000 -9999.0 -9999.0 -9999.0 -9999.0 -9999.0
53877 20050304  1.201  -82.61   35.49    14.1    -8.3     2.9     1.8     0.0    14.78 R -9999.0 -9999.0     2.5 -9999.0 -9999.0 -9999.0 -99.000 -99.000 -99.000 -99.000 -99.000 -9999.0 -9999.0 -9999.0 -9999.0 -9999.0
53877 20050305  1.201  -82.61   35.49    14.5    -1.1     6.7     6.5     0.5    16.09 R -9999.0 -9999.0     6.8 -9999.0 -9999.0 -9999.0 -99.000 -99.000 -99.000 -99.000 -99.000 -9999.0 -9999.0 -9999.0 -9999.0 -9999.0
53877 20050306  1.201  -82.61   35.49    16.2    -1.5     7.4     6.5     0.0    18.30 R -9999.0 -9999.0     6.6 -9999.0 -9999.0 -9999.0 -99.000 -99.000 -99.000 -99.000 -99.000 -9999.0 -9999.0 -9999.0 -9999.0 -9999.0
53877 20050307  1.201  -82.61   35.49    19.7    -4.7     7.5     7.2     1.3    13.07 R -9999.0 -9999.0     7.4 -9999.0 -9999.0 -9999.0 -99.000 -99.000 -99.000 -99.000 -99.000 -9999.0 -9999.0 -9999.0 -9999.0 -9999.0
53877 20050308  1.201  -82.61   35.49     9.8    -1.5     4.2     2.8     6.4    15.54 R -9999.0 -9999.0     4.7 -9999.0 -9999.0 -9999.0 -99.000 -99.000 -99.000 -99.000 -99.000 -9999.0 -9999.0 -9999.0 -9999.0 -9999.0
53877 20050309  1.201  -82.61   35.49     7.5    -4.2     1.7     0.6     0.0    17.16 R -9999.0 -9999.0     2.7 -9999.0 -9999.0 -9999.0 -99.000 -99.000 -99.000 -99.000 -99.000 -9999.0 -9999.0 -9999.0 -9999.0 -9999.0
53877 20050310  1.201  -82.61   35.49     9.8    -1.2     4.3     3.4     0.0    16.71 R -9999.0 -9999.0     5.5 -9999.0 -9999.0 -9999.0 -99.000 -99.000 -99.000 -99.000 -99.000 -9999.0 -9999.0 -9999.0 -9999.0 -9999.0
53877 20050311  1.201  -82.61   35.49    12.4    -3.6     4.4     2.7     0.3    13.84 R -9999.0 -9999.0     3.8 -9999.0 -9999.0 -9999.0 -99.000 -99.000 -99.000 -99.000 -99.000 -9999.0 -9999.0 -9999.0 -9999.0 -9999.0
53877 20050312  1.201  -82.61   35.49    19.6     1.0    10.3    12.0     0.0    18.78 R -9999.0 -9999.0    10.2 -9999.0 -9999.0 -9999.0 -99.000 -99.000 -99.000 -99.000 -99.000 -9999.0 -9999.0 -9999.0 -9999.0 -9999.0
53877 20050313  1.201  -82.61   35.49    23.7     5.2    14.5    14.6     0.3    12.52 R -9999.0 -9999.0    12.3 -9999.0 -9999.0 -9999.0 -99.000 -99.000 -99.000 -99.000 -99.000 -9999.0 -9999.0 -9999.0 -9999.0 -9999.0
53877 20050314  1.201  -82.61   35.49    11.1    -2.2     4.5     5.8     1.0     7.33 R -9999.0 -9999.0     6.8 -9999.0 -9999.0 -9999.0 -99.000 -99.000 -99.000 -99.000 -99.000 -9999.0 -9999.0 -9999.0 -9999.0 -9999.0
53877 20050315  1.201  -82.61   35.49    11.5    -4.1     3.7     3.9     0.0    14.98 R -9999.0 -9999.0     5.7 -9999.0 -9999.0 -9999.0 -99.000 -99.000 -99.000 -99.000 -99.000 -9999.0 -9999.0 -9999.0 -9999.0 -9999.0
53877 20050316  1.201  -82.61   35.49     4.8     1.6     3.2     3.1     7.1     1.39 R -9999.0 -9999.0     4.3 -9999.0 -9999.0 -9999.0 -99.000 -99.000 -99.000 -99.000 -99.000 -9999.0 -9999.0 -9999.0 -9999.0 -9999.0
53877 20050317  1.201  -82.61   35.49     2.9    -2.0     0.5     1.0     4.1     3.61 R -9999.0 -9999.0     2.2 -9999.0 -9999.0 -9999.0 -99.000 -99.000 -99.000 -99.000 -99.000 -9999.0 -9999.0 -9999.0 -9999.0 -9999.0
53877 20050318  1.201  -82.61   35.49    11.4    -4.3     3.6     2.1     0.0    18.47 R -9999.0 -9999.0     4.2 -9999.0 -9999.0 -9999.0 -99.000 -99.000 -99.000 -99.000 -99.000 -9999.0 -9999.0 -9999.0 -9999.0 -9999.0
53877 20050319  1.201  -82.61   35.49    13.4    -5.0     4.2     3.7     0.2    11.75 R -9999.0 -9999.0     4.1 -9999.0 -9999.0 -9999.0 -99.000 -99.000 -99.000 -99.000 -99.000 -9999.0 -9999.0 -9999.0 -9999.0 -9999.0
53877 20050320  1.201  -82.61   35.49    16.7    -3.3     6.7     6.1     0.0    19.29 R -9999.0 -9999.0     6.7 -9999.0 -9999.0 -9999.0 -99.000 -99.000 -99.000 -99.000 -99.000 -9999.0 -9999.0 -9999.0 -9999.0 -9999.0
53877 20050321  1.201  -82.61   35.49    15.6    -2.3     6.7     6.9     0.0    11.14 R -9999.0 -9999.0     6.9 -9999.0 -9999.0 -9999.0 -99.000 -99.000 -99.000 -99.000 -99.000 -9999.0 -9999.0 -9999.0 -9999.0 -9999.0
53877 20050322  1.201  -82.61   35.49     9.6     1.3     5.5     6.2    11.4     2.53 R -9999.0 -9999.0     6.5 -9999.0 -9999.0 -9999.0 -99.000 -99.000 -99.000 -99.000 -99.000 -9999.0 -9999.0 -9999.0 -9999.0 -9999.0
53877 20050323  1.201  -82.61   35.49    21.4     7.7    14.6    12.4    13.2    18.55 R -9999.0 -9999.0    13.4 -9999.0 -9999.0 -9999.0 -99.000 -99.000 -99.000 -99.000 -99.000 -9999.0 -9999.0 -9999.0 -9999.0 -9999.0
53877 20050324  1.201  -82.61   35.49    16.4     3.8    10.1    10.1     0.0    20.54 R -9999.0 -9999.0    11.6 -9999.0 -9999.0 -9999.0 -99.000 -99.000 -99.000 -99.000 -99.000 -9999.0 -9999.0 -9999.0 -9999.0 -9999.0
53877 20050325  1.201  -82.61   35.49    20.9     1.7    11.3    11.0     0.0    18.86 R -9999.0 -9999.0    11.8 -9999.0 -9999.0 -9999.0 -99.000 -99.000 -99.000 -99.000 -99.000 -9999.0 -9999.0 -9999.0 -9999.0 -9999.0
53877 20050326  1.201  -82.61   35.49    21.2     4.0    12.6    12.9     1.9    15.27 R -9999.0 -9999.0    13.4 -9999.0 -9999.0 -9999.0 -99.000 -99.000 -99.000 -99.000 -99.000 -9999.0 -9999.0 -9999.0 -9999.0 -9999.0
53877 20050327  1.201  -82.61   35.49    12.2     9.7    11.0    10.5    32.1     2.87 R -9999.0 -9999.0    11.2 -9999.0 -9999.0 -9999.0 -99.000 -99.000 -99.000 -99.000 -99.000 -9999.0 -9999.0 -9999.0 -9999.0 -9999.0
53877 20050328  1.201  -82.61   35.49    12.1     8.0    10.1     9.8    15.8     7.23 R -9999.0 -9999.0    10.2 -9999.0 -9999.0 -9999.0 -99.000 -99.000 -99.000 -99.000 -99.000 -9999.0 -9999.0 -9999.0 -9999.0 -9999.0
53877 20050329  1.201  -82.61   35.49    20.3     4.0    12.2    12.1     0.0    21.91 R -9999.0 -9999.0    11.7 -9999.0 -9999.0 -9999.0 -99.000 -99.000 -99.000 -99.000 -99.000 -9999.0 -9999.0 -9999.0 -9999.0 -9999.0
53877 20050330  1.201  -82.61   35.49    23.9     1.8    12.9    13.3     0.0    20.89 R -9999.0 -9999.0    12.6 -9999.0 -9999.0 -9999.0 -99.000 -99.000 -99.000 -99.000 -99.000 -9999.0 -9999.0 -9999.0 -9999.0 -9999.0
53877 20050331  1.201  -82.61   35.49    18.4     8.3    13.4    12.8     1.3     3.73 R -9999.0 -9999.0    12.0 -9999.0 -9999.0 -9999.0 -99.000 -99.000 -99.000 -99.000 -99.000 -9999.0 -9999.0 -9999.0 -9999.0 -9999.0
53877 20050401  1.201  -82.61   35.49    14.8     7.5    11.2    12.0     3.5     1.58 R -9999.0 -9999.0    11.9 -9999.0 -9999.0 -9999.0 -99.000 -99.000 -99.000 -99.000 -99.000 -9999.0 -9999.0 -9999.0 -9999.0 -9999.0
53877 20050402  1.201  -82.61   35.49    14.0     2.7     8.4     6.5    13.8     8.73 R -9999.0 -9999.0     8.0 -9999.0 -9999.0 -9999.0 -99.000 -99.000 -99.000 -99.000 -99.000 -9999.0 -9999.0 -9999.0 -9999.0 -9999.0
53877 20050403  1.201  -82.61   35.49    15.1     4.6     9.9    10.2     0.0    23.34 R -9999.0 -9999.0     9.7 -9999.0 -9999.0 -9999.0 -99.000 -99.000 -99.000 -99.000 -99.000 -9999.0 -9999.0 -9999.0 -9999.0 -9999.0
53877 20050404  1.201  -82.61   35.49    22.6     1.7    12.2    13.0     0.0    20.28 R -9999.0 -9999.0    11.7 -9999.0 -9999.0 -9999.0 -99.000 -99.000 -99.000 -99.000 -99.000 -9999.0 -9999.0 -9999.0 -9999.0 -9999.0
53877 20050405  1.201  -82.61   35.49    24.4     0.7    12.6    13.4     0.0    21.19 R -9999.0 -9999.0    12.7 -9999.0 -9999.0 -9999.0 -99.000 -99.000 -99.000 -99.000 -99.000 -9999.0 -9999.0 -9999.0 -9999.0 -9999.0
53877 20050406  1.201  -82.61   35.49    22.5     6.2    14.4    15.5     0.0    17.94 R -9999.0 -9999.0    14.5 -9999.0 -9999.0 -9999.0 -99.000 -99.000 -99.000 -99.000 -99.000 -9999.0 -9999.0 -9999.0 -9999.0 -9999.0
53877 20050407  1.201  -82.61   35.49    15.9    12.9    14.4    14.5     6.1     1.66 R -9999.0 -9999.0    13.8 -9999.0 -9999.0 -9999.0 -99.000 -99.000 -99.000 -99.000 -99.000 -9999.0 -9999.0 -9999.0 -9999.0 -9999.0
53877 20050408  1.201  -82.61   35.49    19.0     8.9    14.0    13.1     3.3     8.09 R -9999.0 -9999.0    13.7 -9999.0 -9999.0 -9999.0 -99.000 -99.000 -99.000 -99.000 -99.000 -9999.0 -9999.0 -9999.0 -9999.0 -9999.0
53877 20050409  1.201  -82.61   35.49    21.4     7.1    14.3    14.0     0.0    21.56 R -9999.0 -9999.0    14.5 -9999.0 -9999.0 -9999.0 -99.000 -99.000 -99.000 -99.000 -99.000 -9999.0 -9999.0 -9999.0 -9999.0 -9999.0
53877 20050410  1.201  -82.61   35.49    25.0     3.6    14.3    14.6     0.0    22.98 R -9999.0 -9999.0    14.6 -9999.0 -9999.0 -9999.0 -99.000 -99.000 -99.000 -99.000 -99.000 -9999.0 -9999.0 -9999.0 -9999.0 -9999.0
53877 20050411  1.201  -82.61   35.49    25.4     6.2    15.8    16.8     0.2    19.81 R -9999.0 -9999.0    16.2 -9999.0 -9999.0 -9999.0 -99.000 -99.000 -99.000 -99.000 -99.000 -9999.0 -9999.0 -9999.0 -9999.0 -9999.0
53877 20050412  1.201  -82.61   35.49    17.0     9.5    13.3    13.1    12.3     3.34 R -9999.0 -9999.0    12.8 -9999.0 -9999.0 -9999.0 -99.000 -99.000 -99.000 -99.000 -99.000 -9999.0 -9999.0 -9999.0 -9999.0 -9999.0
53877 20050413  1.201  -82.61   35.49    11.4     5.6     8.5     8.7     9.0     3.00 R -9999.0 -9999.0     9.9 -9999.0 -9999.0 -9999.0 -99.000 -99.000 -99.000 -99.000 -99.000 -9999.0 -9999.0 -9999.0 -9999.0 -9999.0
53877 20050414  1.201  -82.61   35.49    17.1     1.4     9.3     9.1     3.9    24.60 R -9999.0 -9999.0    10.4 -9999.0 -9999.0 -9999.0 -99.000 -99.000 -99.000 -99.000 -99.000 -9999.0 -9999.0 -9999.0 -9999.0 -9999.0
53877 20050415  1.201  -82.61   35.49    20.6    -0.4    10.1    10.5     0.0    24.79 R -9999.0 -9999.0    10.8 -9999.0 -9999.0 -9999.0 -99.000 -99.000 -99.000 -99.000 -99.000 -9999.0 -9999.0 -9999.0 -9999.0 -9999.0
53877 20050416  1.201  -82.61   35.49    19.1    -1.1     9.0     9.3     0.6    25.20 R -9999.0 -9999.0     9.4 -9999.0 -9999.0 -9999.0 -99.000 -99.000 -99.000 -99.000 -99.000 -9999.0 -9999.0 -9999.0 -9999.0 -9999.0
53877 20050417  1.201  -82.61   35.49    22.0    -2.6     9.7     9.7     0.2    24.66 R -9999.0 -9999.0     9.6 -9999.0 -9999.0 -9999.0 -99.000 -99.000 -99.000 -99.000 -99.000 -9999.0 -9999.0 -9999.0 -9999.0 -9999.0
53877 20050418  1.201  -82.61   35.49    23.8     1.4    12.6    12.9     0.4    21.66 R -9999.0 -9999.0    12.7 -9999.0 -9999.0 -9999.0 -99.000 -99.000 -99.000 -99.000 -99.000 -9999.0 -9999.0 -9999.0 -9999.0 -9999.0
53877 20050419  1.201  -82.61   35.49    25.3     4.4    14.9    15.3     0.0    17.95 R -9999.0 -9999.0    14.3 -9999.0 -9999.0 -9999.0 -99.000 -99.000 -99.000 -99.000 -99.000 -9999.0 -9999.0 -9999.0 -9999.0 -9999.0
53877 20050420  1.201  -82.61   35.49    25.2     6.4    15.8    15.5     0.2    21.79 R -9999.0 -9999.0    14.7 -9999.0 -9999.0 -9999.0 -99.000 -99.000 -99.000 -99.000 -99.000 -9999.0 -9999.0 -9999.0 -9999.0 -9999.0
53877 20050421  1.201  -82.61   35.49    24.5     4.9    14.7    14.3     0.4    16.21 R -9999.0 -9999.0    14.5 -9999.0 -9999.0 -9999.0 -99.000 -99.000 -99.000 -99.000 -99.000 -9999.0 -9999.0 -9999.0 -9999.0 -9999.0
53877 20050422  1.201  -82.61   35.49    22.1     7.8    15.0    13.2    20.6     9.95 R -9999.0 -9999.0    13.9 -9999.0 -9999.0 -9999.0 -99.000 -99.000 -99.000 -99.000 -99.000 -9999.0 -9999.0 -9999.0 -9999.0 -9999.0
53877 20050423  1.201  -82.61   35.49    11.7     2.4     7.1     7.3     3.4    11.17 R -9999.0 -9999.0     9.0 -9999.0 -9999.0 -9999.0 -99.000 -99.000 -99.000 -99.000 -99.000 -9999.0 -9999.0 -9999.0 -9999.0 -9999.0
53877 20050424  1.201  -82.61   35.49     9.0    -2.0     3.5     3.7     0.9    17.24 R -9999.0 -9999.0     5.4 -9999.0 -9999.0 -9999.0 -99.000 -99.000 -99.000 -99.000 -99.000 -9999.0 -9999.0 -9999.0 -9999.0 -9999.0
53877 20050425  1.201  -82.61   35.49    17.9     2.8    10.4     9.4     0.0    24.40 R -9999.0 -9999.0    10.3 -9999.0 -9999.0 -9999.0 -99.000 -99.000 -99.000 -99.000 -99.000 -9999.0 -9999.0 -9999.0 -9999.0 -9999.0
53877 20050426  1.201  -82.61   35.49    13.6     0.1     6.9     7.4     2.0     8.28 R -9999.0 -9999.0     8.4 -9999.0 -9999.0 -9999.0 -99.000 -99.000 -99.000 -99.000 -99.000 -9999.0 -9999.0 -9999.0 -9999.0 -9999.0
53877 20050427  1.201  -82.61   35.49    15.1     0.8     8.0     8.8     0.3    17.69 R -9999.0 -9999.0     9.7 -9999.0 -9999.0 -9999.0 -99.000 -99.000 -99.000 -99.000 -99.000 -9999.0 -9999.0 -9999.0 -9999.0 -9999.0
53877 20050428  1.201  -82.61   35.49    16.4    -0.7     7.9     7.9     0.9    16.18 R -9999.0 -9999.0     9.7 -9999.0 -9999.0 -9999.0 -99.000 -99.000 -99.000 -99.000 -99.000 -9999.0 -9999.0 -9999.0 -9999.0 -9999.0
53877 20050429  1.201  -82.61   35.49    21.3     4.8    13.1    13.0     0.2    10.43 R -9999.0 -9999.0    13.2 -9999.0 -9999.0 -9999.0 -99.000 -99.000 -99.000 -99.000 -99.000 -9999.0 -9999.0 -9999.0 -9999.0 -9999.0
53877 20050430  1.201  -82.61   35.49    19.8    10.4    15.1    15.6     5.6     7.06 R -9999.0 -9999.0    15.0 -9999.0 -9999.0 -9999.0 -99.000 -99.000 -99.000 -99.000 -99.000 -9999.0 -9999.0 -9999.0 -9999.0 -9999.0
53877 20050501  1.201  -82.61   35.49    16.4     3.4     9.9    10.4     0.0    25.11 R -9999.0 -9999.0    12.1 -9999.0 -9999.0 -9999.0 -99.000 -99.000 -99.000 -99.000 -99.000 -9999.0 -9999.0 -9999.0 -9999.0 -9999.0
53877 20050502  1.201  -82.61   35.49    16.4     1.5     9.0     9.1     0.2    13.15 R -9999.0 -9999.0     9.2 -9999.0 -9999.0 -9999.0 -99.000 -99.000 -99.000 -99.000 -99.000 -9999.0 -9999.0 -9999.0 -9999.0 -9999.0
53877 20050503  1.201  -82.61   35.49    16.7     1.7     9.2    10.0     0.4    26.08 R -9999.0 -9999.0    12.1 -9999.0 -9999.0 -9999.0 -99.000 -99.000 -99.000 -99.000 -99.000 -9999.0 -9999.0 -9999.0 -9999.0 -9999.0
53877 20050504  1.201  -82.61   35.49    18.3     0.8     9.6    10.3     0.3    25.08 R -9999.0 -9999.0    11.9 -9999.0 -9999.0 -9999.0 -99.000 -99.000 -99.000 -99.000 -99.000 -9999.0 -9999.0 -9999.0 -9999.0 -9999.0
53877 20050505  1.201  -82.61   35.49    13.4     4.6     9.0     9.2     0.9     3.47 R -9999.0 -9999.0    10.1 -9999.0 -9999.0 -9999.0 -99.000 -99.000 -99.000 -99.000 -99.000 -9999.0 -9999.0 -9999.0 -9999.0 -9999.0
53877 20050506  1.201  -82.61   35.49    20.2     5.8    13.0    12.6     0.0    24.90 R -9999.0 -9999.0    14.2 -9999.0 -9999.0 -9999.0 -99.000 -99.000 -99.000 -99.000 -99.000 -9999.0 -9999.0 -9999.0 -9999.0 -9999.0
53877 20050507  1.201  -82.61   35.49    22.6     2.0    12.3    13.2     0.0    25.77 R -9999.0 -9999.0    13.9 -9999.0 -9999.0 -9999.0 -99.000 -99.000 -99.000 -99.000 -99.000 -9999.0 -9999.0 -9999.0 -9999.0 -9999.0
53877 20050508  1.201  -82.61   35.49    25.3     5.6    15.5    16.4     1.2    23.38 R -9999.0 -9999.0    16.4 -9999.0 -9999.0 -9999.0 -99.000 -99.000 -99.000 -99.000 -99.000 -9999.0 -9999.0 -9999.0 -9999.0 -9999.0
53877 20050509  1.201  -82.61   35.49    27.1     6.3    16.7    17.4     0.0    24.53 R -9999.0 -9999.0    17.9 -9999.0 -9999.0 -9999.0 -99.000 -99.000 -99.000 -99.000 -99.000 -9999.0 -9999.0 -9999.0 -9999.0 -9999.0
53877 20050510  1.201  -82.61   35.49    22.9    10.1    16.5    14.9    17.5    10.85 R -9999.0 -9999.0    15.9 -9999.0 -9999.0 -9999.0 -99.000 -99.000 -99.000 -99.000 -99.000 -9999.0 -9999.0 -9999.0 -9999.0 -9999.0
53877 20050511  1.201  -82.61   35.49    26.3     9.5    17.9    17.2     1.4    24.79 R -9999.0 -9999.0    18.9 -9999.0 -9999.0 -9999.0 -99.000 -99.000 -99.000 -99.000 -99.000 -9999.0 -9999.0 -9999.0 -9999.0 -9999.0
53877 20050512  1.201  -82.61   35.49    28.9     9.1    19.0    18.5     0.4    23.75 R -9999.0 -9999.0    19.2 -9999.0 -9999.0 -9999.0 -99.000 -99.000 -99.000 -99.000 -99.000 -9999.0 -9999.0 -9999.0 -9999.0 -9999.0
53877 20050513  1.201  -82.61   35.49    25.2    10.6    17.9    17.8     0.4    21.71 R -9999.0 -9999.0    19.6 -9999.0 -9999.0 -9999.0 -99.000 -99.000 -99.000 -99.000 -99.000 -9999.0 -9999.0 -9999.0 -9999.0 -9999.0
53877 20050514  1.201  -82.61   35.49    25.7    14.0    19.9    18.2     6.7    17.89 R -9999.0 -9999.0    19.6 -9999.0 -9999.0 -9999.0 -99.000 -99.000 -99.000 -99.000 -99.000 -9999.0 -9999.0 -9999.0 -9999.0 -9999.0
53877 20050515  1.201  -82.61   35.49    17.2     8.6    12.9    14.2     4.5     5.90 R -9999.0 -9999.0    15.2 -9999.0 -9999.0 -9999.0 -99.000 -99.000 -99.000 -99.000 -99.000 -9999.0 -9999.0 -9999.0 -9999.0 -9999.0
53877 20050516  1.201  -82.61   35.49    20.4     4.1    12.3    12.4     0.7    21.66 R -9999.0 -9999.0    14.3 -9999.0 -9999.0 -9999.0 -99.000 -99.000 -99.000 -99.000 -99.000 -9999.0 -9999.0 -9999.0 -9999.0 -9999.0
53877 20050517  1.201  -82.61   35.49    23.1     4.4    13.8    15.2     0.9    23.47 R -9999.0 -9999.0    16.9 -9999.0 -9999.0 -9999.0 -99.000 -99.000 -99.000 -99.000 -99.000 -9999.0 -9999.0 -9999.0 -9999.0 -9999.0
53877 20050518  1.201  -82.61   35.49    24.6     9.8    17.2    18.0     1.0    23.13 R -9999.0 -9999.0    19.3 -9999.0 -9999.0 -9999.0 -99.000 -99.000 -99.000 -99.000 -99.000 -9999.0 -9999.0 -9999.0 -9999.0 -9999.0
53877 20050519  1.201  -82.61   35.49    24.4    13.2    18.8    18.5     6.3    15.40 R -9999.0 -9999.0    19.6 -9999.0 -9999.0 -9999.0 -99.000 -99.000 -99.000 -99.000 -99.000 -9999.0 -9999.0 -9999.0 -9999.0 -9999.0
53877 20050520  1.201  -82.61   35.49    20.9    12.2    16.6    15.2    25.0    10.24 R -9999.0 -9999.0    16.3 -9999.0 -9999.0 -9999.0 -99.000 -99.000 -99.000 -99.000 -99.000 -9999.0 -9999.0 -9999.0 -9999.0 -9999.0
53877 20050521  1.201  -82.61   35.49    21.8     9.9    15.9    15.1     1.1    22.36 R -9999.0 -9999.0    17.5 -9999.0 -9999.0 -9999.0 -99.000 -99.000 -99.000 -99.000 -99.000 -9999.0 -9999.0 -9999.0 -9999.0 -9999.0
53877 20050522  1.201  -82.61   35.49    23.6     9.6    16.6    16.6     1.0    22.69 R -9999.0 -9999.0    18.6 -9999.0 -9999.0 -9999.0 -99.000 -99.000 -99.000 -99.000 -99.000 -9999.0 -9999.0 -9999.0 -9999.0 -9999.0
53877 20050523  1.201  -82.61   35.49    25.5    11.8    18.7    18.7     0.4    21.08 R -9999.0 -9999.0    18.8 -9999.0 -9999.0 -9999.0 -99.000 -99.000 -99.000 -99.000 -99.000 -9999.0 -9999.0 -9999.0 -9999.0 -9999.0
53877 20050524  1.201  -82.61   35.49    19.4    11.6    15.5    15.3     0.7    15.42 R -9999.0 -9999.0    15.0 -9999.0 -9999.0 -9999.0 -99.000 -99.000 -99.000 -99.000 -99.000 -9999.0 -9999.0 -9999.0 -9999.0 -9999.0
53877 20050525  1.201  -82.61   35.49    18.4     5.9    12.2    12.8     0.0    24.32 R -9999.0 -9999.0    14.5 -9999.0 -9999.0 -9999.0 -99.000 -99.000 -99.000 -99.000 -99.000 -9999.0 -9999.0 -9999.0 -9999.0 -9999.0
53877 20050526  1.201  -82.61   35.49    23.1     5.1    14.1    14.8     1.2    27.97 R -9999.0 -9999.0    17.0 -9999.0 -9999.0 -9999.0 -99.000 -99.000 -99.000 -99.000 -99.000 -9999.0 -9999.0 -9999.0 -9999.0 -9999.0
53877 20050527  1.201  -82.61   35.49    24.4     6.6    15.5    15.7     0.4    22.58 R -9999.0 -9999.0    17.5 -9999.0 -9999.0 -9999.0 -99.000 -99.000 -99.000 -99.000 -99.000 -9999.0 -9999.0 -9999.0 -9999.0 -9999.0
53877 20050528  1.201  -82.61   35.49    21.6     7.3    14.5    13.4     2.0    14.57 R -9999.0 -9999.0    14.7 -9999.0 -9999.0 -9999.0 -99.000 -99.000 -99.000 -99.000 -99.000 -9999.0 -9999.0 -9999.0 -9999.0 -9999.0
53877 20050529  1.201  -82.61   35.49    21.0     4.3    12.7    13.4     1.1    12.05 R -9999.0 -9999.0    15.0 -9999.0 -9999.0 -9999.0 -99.000 -99.000 -99.000 -99.000 -99.000 -9999.0 -9999.0 -9999.0 -9999.0 -9999.0
53877 20050530  1.201  -82.61   35.49    21.3    10.6    16.0    15.6     0.4    16.57 R -9999.0 -9999.0    17.5 -9999.0 -9999.0 -9999.0 -99.000 -99.000 -99.000 -99.000 -99.000 -9999.0 -9999.0 -9999.0 -9999.0 -9999.0
53877 20050531  1.201  -82.61   35.49    22.9     8.2    15.6    16.4     0.7    19.54 R -9999.0 -9999.0    18.6 -9999.0 -9999.0 -9999.0 -99.000 -99.000 -99.000 -99.000 -99.000 -9999.0 -9999.0 -9999.0 -9999.0 -9999.0
53877 20050601  1.201  -82.61   35.49    17.8    11.8    14.8    14.1    23.6     2.67 R -9999.0 -9999.0    14.8 -9999.0 -9999.0 -9999.0 -99.000 -99.000 -99.000 -99.000 -99.000 -9999.0 -9999.0 -9999.0 -9999.0 -9999.0
53877 20050602  1.201  -82.61   35.49    16.5    12.4    14.5    14.2     6.6     5.53 R -9999.0 -9999.0    15.7 -9999.0 -9999.0 -9999.0 -99.000 -99.000 -99.000 -99.000 -99.000 -9999.0 -9999.0 -9999.0 -9999.0 -9999.0
53877 20050603  1.201  -82.61   35.49    19.4    14.0    16.7    16.4     3.9     8.96 R -9999.0 -9999.0    18.1 -9999.0 -9999.0 -9999.0 -99.000 -99.000 -99.000 -99.000 -99.000 -9999.0 -9999.0 -9999.0 -9999.0 -9999.0
53877 20050604  1.201  -82.61   35.49    27.4    14.8    21.1    20.3     1.1    23.55 R -9999.0 -9999.0    22.2 -9999.0 -9999.0 -9999.0 -99.000 -99.000 -99.000 -99.000 -99.000 -9999.0 -9999.0 -9999.0 -9999.0 -9999.0
53877 20050605  1.201  -82.61   35.49    28.6    13.2    20.9    20.7     1.1    23.00 R -9999.0 -9999.0    22.7 -9999.0 -9999.0 -9999.0 -99.000 -99.000 -99.000 -99.000 -99.000 -9999.0 -9999.0 -9999.0 -9999.0 -9999.0
53877 20050606  1.201  -82.61   35.49    29.4    14.5    22.0    20.4    12.1    19.64 R -9999.0 -9999.0    22.4 -9999.0 -9999.0 -9999.0 -99.000 -99.000 -99.000 -99.000 -99.000 -9999.0 -9999.0 -9999.0 -9999.0 -9999.0
53877 20050607  1.201  -82.61   35.49    27.9    15.0    21.5    20.9     2.0    16.41 R -9999.0 -9999.0    22.4 -9999.0 -9999.0 -9999.0 -99.000 -99.000 -99.000 -99.000 -99.000 -9999.0 -9999.0 -9999.0 -9999.0 -9999.0
53877 20050608  1.201  -82.61   35.49    25.8    17.9    21.9    20.5     8.3    15.33 R -9999.0 -9999.0    22.3 -9999.0 -9999.0 -9999.0 -99.000 -99.000 -99.000 -99.000 -99.000 -9999.0 -9999.0 -9999.0 -9999.0 -9999.0
53877 20050609  1.201  -82.61   35.49    27.0    17.5    22.3    22.1     1.6    20.23 R -9999.0 -9999.0    24.1 -9999.0 -9999.0 -9999.0 -99.000 -99.000 -99.000 -99.000 -99.000 -9999.0 -9999.0 -9999.0 -9999.0 -9999.0
53877 20050610  1.201  -82.61   35.49    26.6    16.8    21.7    21.3     9.4    15.86 R -9999.0 -9999.0    23.4 -9999.0 -9999.0 -9999.0 -99.000 -99.000 -99.000 -99.000 -99.000 -9999.0 -9999.0 -9999.0 -9999.0 -9999.0
53877 20050611  1.201  -82.61   35.49    23.3    18.8    21.1    20.7     1.4    12.50 R -9999.0 -9999.0    22.2 -9999.0 -9999.0 -9999.0 -99.000 -99.000 -99.000 -99.000 -99.000 -9999.0 -9999.0 -9999.0 -9999.0 -9999.0
53877 20050612  1.201  -82.61   35.49    22.7    17.9    20.3    20.7    46.5     4.70 R -9999.0 -9999.0    21.2 -9999.0 -9999.0 -9999.0 -99.000 -99.000 -99.000 -99.000 -99.000 -9999.0 -9999.0 -9999.0 -9999.0 -9999.0
53877 20050613  1.201  -82.61   35.49    27.4    16.8    22.1    22.4    11.9    18.89 R -9999.0 -9999.0    23.9 -9999.0 -9999.0 -9999.0 -99.000 -99.000 -99.000 -99.000 -99.000 -9999.0 -9999.0 -9999.0 -9999.0 -9999.0
53877 20050614  1.201  -82.61   35.49    30.3    13.8    22.1    22.1     0.3    26.86 R -9999.0 -9999.0    24.2 -9999.0 -9999.0 -9999.0 -99.000 -99.000 -99.000 -99.000 -99.000 -9999.0 -9999.0 -9999.0 -9999.0 -9999.0
53877 20050615  1.201  -82.61   35.49    28.4    14.4    21.4    21.8     0.2    28.14 R -9999.0 -9999.0    23.3 -9999.0 -9999.0 -9999.0 -99.000 -99.000 -99.000 -99.000 -99.000 -9999.0 -9999.0 -9999.0 -9999.0 -9999.0
53877 20050616  1.201  -82.61   35.49    26.1    11.3    18.7    19.2     0.2    24.31 R -9999.0 -9999.0    20.8 -9999.0 -9999.0 -9999.0 -99.000 -99.000 -99.000 -99.000 -99.000 -9999.0 -9999.0 -9999.0 -9999.0 -9999.0
53877 20050617  1.201  -82.61   35.49    24.6    12.0    18.3    18.2     0.0    27.32 R -9999.0 -9999.0    20.6 -9999.0 -9999.0 -9999.0 -99.000 -99.000 -99.000 -99.000 -99.000 -9999.0 -9999.0 -9999.0 -9999.0 -9999.0
53877 20050618  1.201  -82.61   35.49    23.4     8.5    16.0    15.4     9.2    14.72 R -9999.0 -9999.0    17.7 -9999.0 -9999.0 -9999.0 -99.000 -99.000 -99.000 -99.000 -99.000 -9999.0 -9999.0 -9999.0 -9999.0 -9999.0
53877 20050619  1.201  -82.61   35.49    24.9    13.0    19.0    16.9     2.5    19.56 R -9999.0 -9999.0    19.6 -9999.0 -9999.0 -9999.0 -99.000 -99.000 -99.000 -99.000 -99.000 -9999.0 -9999.0 -9999.0 -9999.0 -9999.0
53877 20050620  1.201  -82.61   35.49    20.2    11.5    15.9    15.0     3.9     9.33 R -9999.0 -9999.0    17.0 -9999.0 -9999.0 -9999.0 -99.000 -99.000 -99.000 -99.000 -99.000 -9999.0 -9999.0 -9999.0 -9999.0 -9999.0
53877 20050621  1.201  -82.61   35.49    22.9    11.5    17.2    16.2     0.4    17.20 R -9999.0 -9999.0    19.2 -9999.0 -9999.0 -9999.0 -99.000 -99.000 -99.000 -99.000 -99.000 -9999.0 -9999.0 -9999.0 -9999.0 -9999.0
53877 20050622  1.201  -82.61   35.49    25.2    10.5    17.9    18.3     0.2    20.60 R -9999.0 -9999.0    20.8 -9999.0 -9999.0 -9999.0 -99.000 -99.000 -99.000 -99.000 -99.000 -9999.0 -9999.0 -9999.0 -9999.0 -9999.0
53877 20050623  1.201  -82.61   35.49    27.3    12.5    19.9    20.0     0.3    24.16 R -9999.0 -9999.0    22.2 -9999.0 -9999.0 -9999.0 -99.000 -99.000 -99.000 -99.000 -99.000 -9999.0 -9999.0 -9999.0 -9999.0 -9999.0
53877 20050624  1.201  -82.61   35.49    27.4    11.3    19.4    19.6     0.3    25.83 R -9999.0 -9999.0    22.0 -9999.0 -9999.0 -9999.0 -99.000 -99.000 -99.000 -99.000 -99.000 -9999.0 -9999.0 -9999.0 -9999.0 -9999.0
53877 20050625  1.201  -82.61   35.49    27.4    12.0    19.7    19.8     0.3    22.41 R -9999.0 -9999.0    22.3 -9999.0 -9999.0 -9999.0 -99.000 -99.000 -99.000 -99.000 -99.000 -9999.0 -9999.0 -9999.0 -9999.0 -9999.0
53877 20050626  1.201  -82.61   35.49    22.6    17.0    19.8    19.5     5.4     6.97 R -9999.0 -9999.0    21.1 -9999.0 -9999.0 -9999.0 -99.000 -99.000 -99.000 -99.000 -99.000 -9999.0 -9999.0 -9999.0 -9999.0 -9999.0
53877 20050627  1.201  -82.61   35.49    28.2    17.7    23.0    22.2    29.9    22.07 R -9999.0 -9999.0    24.7 -9999.0 -9999.0 -9999.0 -99.000 -99.000 -99.000 -99.000 -99.000 -9999.0 -9999.0 -9999.0 -9999.0 -9999.0
53877 20050628  1.201  -82.61   35.49    25.8    18.6    22.2    20.5    71.2    10.51 R -9999.0 -9999.0    22.1 -9999.0 -9999.0 -9999.0 -99.000 -99.000 -99.000 -99.000 -99.000 -9999.0 -9999.0 -9999.0 -9999.0 -9999.0
53877 20050629  1.201  -82.61   35.49    28.0    18.3    23.2    21.6     2.6    17.58 R -9999.0 -9999.0    23.8 -9999.0 -9999.0 -9999.0 -99.000 -99.000 -99.000 -99.000 -99.000 -9999.0 -9999.0 -9999.0 -9999.0 -9999.0
53877 20050630  1.201  -82.61   35.49    29.3    16.9    23.1    22.7     1.1    24.98 R -9999.0 -9999.0    25.1 -9999.0 -9999.0 -9999.0 -99.000 -99.000 -99.000 -99.000 -99.000 -9999.0 -9999.0 -9999.0 -9999.0 -9999.0
53877 20050701  1.201  -82.61   35.49    29.2    17.7    23.5    22.0     2.1    18.55 R -9999.0 -9999.0    24.2 -9999.0 -9999.0 -9999.0 -99.000 -99.000 -99.000 -99.000 -99.000 -9999.0 -9999.0 -9999.0 -9999.0 -9999.0
53877 20050702  1.201  -82.61   35.49    25.9    15.3    20.6    20.4     1.3    13.54 R -9999.0 -9999.0    21.8 -9999.0 -9999.0 -9999.0 -99.000 -99.000 -99.000 -99.000 -99.000 -9999.0 -9999.0 -9999.0 -9999.0 -9999.0
53877 20050703  1.201  -82.61   35.49    25.7    15.7    20.7    20.6     1.8    10.66 R -9999.0 -9999.0    21.9 -9999.0 -9999.0 -9999.0 -99.000 -99.000 -99.000 -99.000 -99.000 -9999.0 -9999.0 -9999.0 -9999.0 -9999.0
53877 20050704  1.201  -82.61   35.49    25.8    17.4    21.6    21.3     3.4    13.36 R -9999.0 -9999.0    22.8 -9999.0 -9999.0 -9999.0 -99.000 -99.000 -99.000 -99.000 -99.000 -9999.0 -9999.0 -9999.0 -9999.0 -9999.0
53877 20050705  1.201  -82.61   35.49    28.9    17.5    23.2    22.6     1.2    23.31 R -9999.0 -9999.0    24.6 -9999.0 -9999.0 -9999.0 -99.000 -99.000 -99.000 -99.000 -99.000 -9999.0 -9999.0 -9999.0 -9999.0 -9999.0
53877 20050706  1.201  -82.61   35.49    25.5    16.3    20.9    20.3     1.7    10.15 R -9999.0 -9999.0    21.5 -9999.0 -9999.0 -9999.0 -99.000 -99.000 -99.000 -99.000 -99.000 -9999.0 -9999.0 -9999.0 -9999.0 -9999.0
53877 20050707  1.201  -82.61   35.49    23.8    16.4    20.1    18.9    58.2     6.93 R -9999.0 -9999.0    19.9 -9999.0 -9999.0 -9999.0 -99.000 -99.000 -99.000 -99.000 -99.000 -9999.0 -9999.0 -9999.0 -9999.0 -9999.0
53877 20050708  1.201  -82.61   35.49    26.3    13.1    19.7    19.1     1.6    27.13 R -9999.0 -9999.0    21.1 -9999.0 -9999.0 -9999.0 -99.000 -99.000 -99.000 -99.000 -99.000 -9999.0 -9999.0 -9999.0 -9999.0 -9999.0
53877 20050709  1.201  -82.61   35.49    28.5    11.3    19.9    20.3     0.2    25.22 R -9999.0 -9999.0    22.6 -9999.0 -9999.0 -9999.0 -99.000 -99.000 -99.000 -99.000 -99.000 -9999.0 -9999.0 -9999.0 -9999.0 -9999.0
53877 20050710  1.201  -82.61   35.49    27.8    15.8    21.8    22.0     0.7    19.70 R -9999.0 -9999.0    23.9 -9999.0 -9999.0 -9999.0 -99.000 -99.000 -99.000 -99.000 -99.000 -9999.0 -9999.0 -9999.0 -9999.0 -9999.0
53877 20050711  1.201  -82.61   35.49    25.3    18.3    21.8    21.8    25.5     9.60 R -9999.0 -9999.0    22.7 -9999.0 -9999.0 -9999.0 -99.000 -99.000 -99.000 -99.000 -99.000 -9999.0 -9999.0 -9999.0 -9999.0 -9999.0
53877 20050712  1.201  -82.61   35.49    27.7    19.5    23.6    23.2     1.8    18.23 R -9999.0 -9999.0    24.6 -9999.0 -9999.0 -9999.0 -99.000 -99.000 -99.000 -99.000 -99.000 -9999.0 -9999.0 -9999.0 -9999.0 -9999.0
53877 20050713  1.201  -82.61   35.49    25.8    17.3    21.6    20.5    10.0    11.14 R -9999.0 -9999.0    21.9 -9999.0 -9999.0 -9999.0 -99.000 -99.000 -99.000 -99.000 -99.000 -9999.0 -9999.0 -9999.0 -9999.0 -9999.0
53877 20050714  1.201  -82.61   35.49    27.5    18.5    23.0    21.9     1.3    16.92 R -9999.0 -9999.0    23.7 -9999.0 -9999.0 -9999.0 -99.000 -99.000 -99.000 -99.000 -99.000 -9999.0 -9999.0 -9999.0 -9999.0 -9999.0
53877 20050715  1.201  -82.61   35.49    28.1    18.3    23.2    22.4     3.9    14.13 R -9999.0 -9999.0    23.7 -9999.0 -9999.0 -9999.0 -99.000 -99.000 -99.000 -99.000 -99.000 -9999.0 -9999.0 -9999.0 -9999.0 -9999.0
53877 20050716  1.201  -82.61   35.49    28.1    18.8    23.5    22.6     1.2    17.82 R -9999.0 -9999.0    24.4 -9999.0 -9999.0 -9999.0 -99.000 -99.000 -99.000 -99.000 -99.000 -9999.0 -9999.0 -9999.0 -9999.0 -9999.0
53877 20050717  1.201  -82.61   35.49    29.8    18.6    24.2    23.3     0.8    21.41 R -9999.0 -9999.0    25.0 -9999.0 -9999.0 -9999.0 -99.000 -99.000 -99.000 -99.000 -99.000 -9999.0 -9999.0 -9999.0 -9999.0 -9999.0
53877 20050718  1.201  -82.61   35.49    28.7    18.2    23.5    22.6     1.6    19.78 R -9999.0 -9999.0    24.4 -9999.0 -9999.0 -9999.0 -99.000 -99.000 -99.000 -99.000 -99.000 -9999.0 -9999.0 -9999.0 -9999.0 -9999.0
53877 20050719  1.201  -82.61   35.49    28.8    18.5    23.7    21.9    36.9    17.49 R -9999.0 -9999.0    24.4 -9999.0 -9999.0 -9999.0 -99.000 -99.000 -99.000 -99.000 -99.000 -9999.0 -9999.0 -9999.0 -9999.0 -9999.0
53877 20050720  1.201  -82.61   35.49    28.5    17.3    22.9    21.3    16.7    17.92 R -9999.0 -9999.0    24.0 -9999.0 -9999.0 -9999.0 -99.000 -99.000 -99.000 -99.000 -99.000 -9999.0 -9999.0 -9999.0 -9999.0 -9999.0
53877 20050721  1.201  -82.61   35.49    29.2    17.6    23.4    22.9     0.8    18.71 R -9999.0 -9999.0    25.2 -9999.0 -9999.0 -9999.0 -99.000 -99.000 -99.000 -99.000 -99.000 -9999.0 -9999.0 -9999.0 -9999.0 -9999.0
53877 20050722  1.201  -82.61   35.49    29.6    18.0    23.8    22.5     2.0    17.50 R -9999.0 -9999.0    24.4 -9999.0 -9999.0 -9999.0 -99.000 -99.000 -99.000 -99.000 -99.000 -9999.0 -9999.0 -9999.0 -9999.0 -9999.0
53877 20050723  1.201  -82.61   35.49    29.9    18.0    24.0    23.4     1.0    25.01 R -9999.0 -9999.0    25.3 -9999.0 -9999.0 -9999.0 -99.000 -99.000 -99.000 -99.000 -99.000 -9999.0 -9999.0 -9999.0 -9999.0 -9999.0
53877 20050724  1.201  -82.61   35.49    28.3    15.2    21.8    21.5     1.4    20.41 R -9999.0 -9999.0    23.6 -9999.0 -9999.0 -9999.0 -99.000 -99.000 -99.000 -99.000 -99.000 -9999.0 -9999.0 -9999.0 -9999.0 -9999.0
53877 20050725  1.201  -82.61   35.49    31.7    16.9    24.3    23.6     0.6    24.90 R -9999.0 -9999.0    25.5 -9999.0 -9999.0 -9999.0 -99.000 -99.000 -99.000 -99.000 -99.000 -9999.0 -9999.0 -9999.0 -9999.0 -9999.0
53877 20050726  1.201  -82.61   35.49    32.4    18.1    25.3    24.8     1.1    24.45 R -9999.0 -9999.0    26.8 -9999.0 -9999.0 -9999.0 -99.000 -99.000 -99.000 -99.000 -99.000 -9999.0 -9999.0 -9999.0 -9999.0 -9999.0
53877 20050727  1.201  -82.61   35.49    31.6    18.0    24.8    23.2    67.8    20.84 R -9999.0 -9999.0    25.0 -9999.0 -9999.0 -9999.0 -99.000 -99.000 -99.000 -99.000 -99.000 -9999.0 -9999.0 -9999.0 -9999.0 -9999.0
53877 20050728  1.201  -82.61   35.49    27.2    17.8    22.5    20.9     6.0     9.75 R -9999.0 -9999.0    22.6 -9999.0 -9999.0 -9999.0 -99.000 -99.000 -99.000 -99.000 -99.000 -9999.0 -9999.0 -9999.0 -9999.0 -9999.0
53877 20050729  1.201  -82.61   35.49    23.3    18.3    20.8    20.4    15.9     6.28 R -9999.0 -9999.0    21.5 -9999.0 -9999.0 -9999.0 -99.000 -99.000 -99.000 -99.000 -99.000 -9999.0 -9999.0 -9999.0 -9999.0 -9999.0
53877 20050730  1.201  -82.61   35.49    25.9    18.5    22.2    21.5     0.3    13.31 R -9999.0 -9999.0    23.2 -9999.0 -9999.0 -9999.0 -99.000 -99.000 -99.000 -99.000 -99.000 -9999.0 -9999.0 -9999.0 -9999.0 -9999.0
53877 20050731  1.201  -82.61   35.49    25.2    18.9    22.1    21.3     3.4    13.06 R -9999.0 -9999.0    23.0 -9999.0 -9999.0 -9999.0 -99.000 -99.000 -99.000 -99.000 -99.000 -9999.0 -9999.0 -9999.0 -9999.0 -9999.0
53877 20050801  1.201  -82.61   35.49    27.5    15.9    21.7    20.8    14.4    22.43 R -9999.0 -9999.0    22.8 -9999.0 -9999.0 -9999.0 -99.000 -99.000 -99.000 -99.000 -99.000 -9999.0 -9999.0 -9999.0 -9999.0 -9999.0
53877 20050802  1.201  -82.61   35.49    28.3    14.7    21.5    20.0     0.0    23.57 R -9999.0 -9999.0    22.2 -9999.0 -9999.0 -9999.0 -99.000 -99.000 -99.000 -99.000 -99.000 -9999.0 -9999.0 -9999.0 -9999.0 -9999.0
53877 20050803  1.201  -82.61   35.49    29.1    13.2    21.2    20.5     0.0    22.25 R -9999.0 -9999.0    22.3 -9999.0 -9999.0 -9999.0 -99.000 -99.000 -99.000 -99.000 -99.000 -9999.0 -9999.0 -9999.0 -9999.0 -9999.0
53877 20050804  1.201  -82.61   35.49    29.6    14.1    21.9    21.5     0.0    21.84 R -9999.0 -9999.0    23.0 -9999.0 -9999.0 -9999.0 -99.000 -99.000 -99.000 -99.000 -99.000 -9999.0 -9999.0 -9999.0 -9999.0 -9999.0
53877 20050805  1.201  -82.61   35.49    29.2    15.5    22.4    20.4     0.8    17.07 R -9999.0 -9999.0    21.9 -9999.0 -9999.0 -9999.0 -99.000 -99.000 -99.000 -99.000 -99.000 -9999.0 -9999.0 -9999.0 -9999.0 -9999.0
53877 20050806  1.201  -82.61   35.49    27.8    15.1    21.5    20.7     6.5    18.83 R -9999.0 -9999.0    22.4 -9999.0 -9999.0 -9999.0 -99.000 -99.000 -99.000 -99.000 -99.000 -9999.0 -9999.0 -9999.0 -9999.0 -9999.0
53877 20050807  1.201  -82.61   35.49    20.8    17.8    19.3    19.0    30.6     3.30 R -9999.0 -9999.0    19.9 -9999.0 -9999.0 -9999.0 -99.000 -99.000 -99.000 -99.000 -99.000 -9999.0 -9999.0 -9999.0 -9999.0 -9999.0
53877 20050808  1.201  -82.61   35.49    22.1    17.8    20.0    19.9     6.6     6.57 R -9999.0 -9999.0    21.1 -9999.0 -9999.0 -9999.0 -99.000 -99.000 -99.000 -99.000 -99.000 -9999.0 -9999.0 -9999.0 -9999.0 -9999.0
53877 20050809  1.201  -82.61   35.49    27.0    18.7    22.9    21.5     0.8    17.02 R -9999.0 -9999.0    23.2 -9999.0 -9999.0 -9999.0 -99.000 -99.000 -99.000 -99.000 -99.000 -9999.0 -9999.0 -9999.0 -9999.0 -9999.0
53877 20050810  1.201  -82.61   35.49    27.9    18.4    23.2    22.1     0.0    15.82 R -9999.0 -9999.0    23.4 -9999.0 -9999.0 -9999.0 -99.000 -99.000 -99.000 -99.000 -99.000 -9999.0 -9999.0 -9999.0 -9999.0 -9999.0
53877 20050811  1.201  -82.61   35.49    29.8    17.4    23.6    22.3     0.0    24.23 R -9999.0 -9999.0    25.6 -9999.0 -9999.0 -9999.0 -99.000 -99.000 -99.000 -99.000 -99.000 -9999.0 -9999.0 -9999.0 -9999.0 -9999.0
53877 20050812  1.201  -82.61   35.49    29.8    15.4    22.6    22.0     0.0    23.35 R -9999.0 -9999.0    25.0 -9999.0 -9999.0 -9999.0 -99.000 -99.000 -99.000 -99.000 -99.000 -9999.0 -9999.0 -9999.0 -9999.0 -9999.0
53877 20050813  1.201  -82.61   35.49    30.1    17.0    23.6    22.3    33.3    20.28 R -9999.0 -9999.0    24.9 -9999.0 -9999.0 -9999.0 -99.000 -99.000 -99.000 -99.000 -99.000 -9999.0 -9999.0 -9999.0 -9999.0 -9999.0
53877 20050814  1.201  -82.61   35.49    29.0    17.9    23.5    22.7     0.4    21.67 R -9999.0 -9999.0    25.5 -9999.0 -9999.0 -9999.0 -99.000 -99.000 -99.000 -99.000 -99.000 -9999.0 -9999.0 -9999.0 -9999.0 -9999.0
53877 20050815  1.201  -82.61   35.49    30.9    17.3    24.1    23.5     0.0    22.92 R -9999.0 -9999.0    26.0 -9999.0 -9999.0 -9999.0 -99.000 -99.000 -99.000 -99.000 -99.000 -9999.0 -9999.0 -9999.0 -9999.0 -9999.0
53877 20050816  1.201  -82.61   35.49    30.0    17.5    23.8    22.2     0.9    16.15 R -9999.0 -9999.0    24.4 -9999.0 -9999.0 -9999.0 -99.000 -99.000 -99.000 -99.000 -99.000 -9999.0 -9999.0 -9999.0 -9999.0 -9999.0
53877 20050817  1.201  -82.61   35.49    28.5    18.7    23.6    22.5     7.0    16.87 R -9999.0 -9999.0    24.7 -9999.0 -9999.0 -9999.0 -99.000 -99.000 -99.000 -99.000 -99.000 -9999.0 -9999.0 -9999.0 -9999.0 -9999.0
53877 20050818  1.201  -82.61   35.49    26.2    20.4    23.3    22.0    20.9     9.98 R -9999.0 -9999.0    23.7 -9999.0 -9999.0 -9999.0 -99.000 -99.000 -99.000 -99.000 -99.000 -9999.0 -9999.0 -9999.0 -9999.0 -9999.0
53877 20050819  1.201  -82.61   35.49    28.8    19.7    24.3    23.1     1.3    17.46 R -9999.0 -9999.0    25.3 -9999.0 -9999.0 -9999.0 -99.000 -99.000 -99.000 -99.000 -99.000 -9999.0 -9999.0 -9999.0 -9999.0 -9999.0
53877 20050820  1.201  -82.61   35.49    29.6    17.9    23.8    23.1    10.2    17.84 R -9999.0 -9999.0    24.8 -9999.0 -9999.0 -9999.0 -99.000 -99.000 -99.000 -99.000 -99.000 -9999.0 -9999.0 -9999.0 -9999.0 -9999.0
53877 20050821  1.201  -82.61   35.49    30.1    18.1    24.1    23.1     0.0    20.61 R -9999.0 -9999.0    24.7 -9999.0 -9999.0 -9999.0 -99.000 -99.000 -99.000 -99.000 -99.000 -9999.0 -9999.0 -9999.0 -9999.0 -9999.0
53877 20050822  1.201  -82.61   35.49    28.5    16.6    22.6    21.2     5.3    13.33 R -9999.0 -9999.0    22.8 -9999.0 -9999.0 -9999.0 -99.000 -99.000 -99.000 -99.000 -99.000 -9999.0 -9999.0 -9999.0 -9999.0 -9999.0
53877 20050823  1.201  -82.61   35.49    25.9    17.5    21.7    21.3     0.2    10.56 R -9999.0 -9999.0    23.2 -9999.0 -9999.0 -9999.0 -99.000 -99.000 -99.000 -99.000 -99.000 -9999.0 -9999.0 -9999.0 -9999.0 -9999.0
53877 20050824  1.201  -82.61   35.49    27.0    17.7    22.4    21.7     0.0    18.29 R -9999.0 -9999.0    24.7 -9999.0 -9999.0 -9999.0 -99.000 -99.000 -99.000 -99.000 -99.000 -9999.0 -9999.0 -9999.0 -9999.0 -9999.0
53877 20050825  1.201  -82.61   35.49    26.0    17.8    21.9    21.5     0.0    19.75 R -9999.0 -9999.0    24.3 -9999.0 -9999.0 -9999.0 -99.000 -99.000 -99.000 -99.000 -99.000 -9999.0 -9999.0 -9999.0 -9999.0 -9999.0
53877 20050826  1.201  -82.61   35.49    25.7    17.1    21.4    21.1     0.0    17.70 R -9999.0 -9999.0    23.7 -9999.0 -9999.0 -9999.0 -99.000 -99.000 -99.000 -99.000 -99.000 -9999.0 -9999.0 -9999.0 -9999.0 -9999.0
53877 20050827  1.201  -82.61   35.49    25.8    16.8    21.3    20.8     0.0    13.21 R -9999.0 -9999.0    22.8 -9999.0 -9999.0 -9999.0 -99.000 -99.000 -99.000 -99.000 -99.000 -9999.0 -9999.0 -9999.0 -9999.0 -9999.0
53877 20050828  1.201  -82.61   35.49    28.4    17.8    23.1    22.0     0.0    17.19 R -9999.0 -9999.0    24.6 -9999.0 -9999.0 -9999.0 -99.000 -99.000 -99.000 -99.000 -99.000 -9999.0 -9999.0 -9999.0 -9999.0 -9999.0
53877 20050829  1.201  -82.61   35.49    25.1    18.4    21.8    22.0     3.7     7.18 R -9999.0 -9999.0    23.0 -9999.0 -9999.0 -9999.0 -99.000 -99.000 -99.000 -99.000 -99.000 -9999.0 -9999.0 -9999.0 -9999.0 -9999.0
53877 20050830  1.201  -82.61   35.49    25.8    19.8    22.8    22.8    41.1     7.52 R -9999.0 -9999.0    22.9 -9999.0 -9999.0 -9999.0 -99.000 -99.000 -99.000 -99.000 -99.000 -9999.0 -9999.0 -9999.0 -9999.0 -9999.0
53877 20050831  1.201  -82.61   35.49    26.3    14.8    20.6    21.0     0.3    21.63 R -9999.0 -9999.0    23.0 -9999.0 -9999.0 -9999.0 -99.000 -99.000 -99.000 -99.000 -99.000 -9999.0 -9999.0 -9999.0 -9999.0 -9999.0
53877 20050901  1.201  -82.61   35.49    26.1    12.2    19.2    18.5     0.3    18.76 R -9999.0 -9999.0    21.1 -9999.0 -9999.0 -9999.0 -99.000 -99.000 -99.000 -99.000 -99.000 -9999.0 -9999.0 -9999.0 -9999.0 -9999.0
53877 20050902  1.201  -82.61   35.49    27.3    11.3    19.3    19.0     0.5    21.27 R -9999.0 -9999.0    21.8 -9999.0 -9999.0 -9999.0 -99.000 -99.000 -99.000 -99.000 -99.000 -9999.0 -9999.0 -9999.0 -9999.0 -9999.0
53877 20050903  1.201  -82.61   35.49    26.3    12.1    19.2    18.9     0.0    22.61 R -9999.0 -9999.0    21.2 -9999.0 -9999.0 -9999.0 -99.000 -99.000 -99.000 -99.000 -99.000 -9999.0 -9999.0 -9999.0 -9999.0 -9999.0
53877 20050904  1.201  -82.61   35.49    26.3     9.3    17.8    17.3     0.0    22.30 R -9999.0 -9999.0    20.6 -9999.0 -9999.0 -9999.0 -99.000 -99.000 -99.000 -99.000 -99.000 -9999.0 -9999.0 -9999.0 -9999.0 -9999.0
53877 20050905  1.201  -82.61   35.49    23.7    11.7    17.7    17.4     0.2    18.71 R -9999.0 -9999.0    20.1 -9999.0 -9999.0 -9999.0 -99.000 -99.000 -99.000 -99.000 -99.000 -9999.0 -9999.0 -9999.0 -9999.0 -9999.0
53877 20050906  1.201  -82.61   35.49    23.7    11.8    17.8    17.3     0.7    19.39 R -9999.0 -9999.0    20.2 -9999.0 -9999.0 -9999.0 -99.000 -99.000 -99.000 -99.000 -99.000 -9999.0 -9999.0 -9999.0 -9999.0 -9999.0
53877 20050907  1.201  -82.61   35.49    25.3     9.4    17.4    16.6     0.0    21.49 R -9999.0 -9999.0    19.7 -9999.0 -9999.0 -9999.0 -99.000 -99.000 -99.000 -99.000 -99.000 -9999.0 -9999.0 -9999.0 -9999.0 -9999.0
53877 20050908  1.201  -82.61   35.49    26.2     8.7    17.5    16.6     0.3    21.99 R -9999.0 -9999.0    19.6 -9999.0 -9999.0 -9999.0 -99.000 -99.000 -99.000 -99.000 -99.000 -9999.0 -9999.0 -9999.0 -9999.0 -9999.0
53877 20050909  1.201  -82.61   35.49    26.8     9.4    18.1    17.2     0.2    21.53 R -9999.0 -9999.0    20.1 -9999.0 -9999.0 -9999.0 -99.000 -99.000 -99.000 -99.000 -99.000 -9999.0 -9999.0 -9999.0 -9999.0 -9999.0
53877 20050910  1.201  -82.61   35.49    26.3     9.1    17.7    17.3     0.3    20.23 R -9999.0 -9999.0    20.0 -9999.0 -9999.0 -9999.0 -99.000 -99.000 -99.000 -99.000 -99.000 -9999.0 -9999.0 -9999.0 -9999.0 -9999.0
53877 20050911  1.201  -82.61   35.49    25.7    11.8    18.8    18.0     0.0    19.14 R -9999.0 -9999.0    20.4 -9999.0 -9999.0 -9999.0 -99.000 -99.000 -99.000 -99.000 -99.000 -9999.0 -9999.0 -9999.0 -9999.0 -9999.0
53877 20050912  1.201  -82.61   35.49    26.9     9.3    18.1    17.4     0.4    20.32 R -9999.0 -9999.0    19.7 -9999.0 -9999.0 -9999.0 -99.000 -99.000 -99.000 -99.000 -99.000 -9999.0 -9999.0 -9999.0 -9999.0 -9999.0
53877 20050913  1.201  -82.61   35.49    27.5     9.8    18.7    17.8     0.5    19.80 R -9999.0 -9999.0    20.1 -9999.0 -9999.0 -9999.0 -99.000 -99.000 -99.000 -99.000 -99.000 -9999.0 -9999.0 -9999.0 -9999.0 -9999.0
53877 20050914  1.201  -82.61   35.49    26.5    11.1    18.8    18.0     0.4    16.34 R -9999.0 -9999.0    19.6 -9999.0 -9999.0 -9999.0 -99.000 -99.000 -99.000 -99.000 -99.000 -9999.0 -9999.0 -9999.0 -9999.0 -9999.0
53877 20050915  1.201  -82.61   35.49    28.7    12.7    20.7    19.6     0.0    17.38 R -9999.0 -9999.0    21.6 -9999.0 -9999.0 -9999.0 -99.000 -99.000 -99.000 -99.000 -99.000 -9999.0 -9999.0 -9999.0 -9999.0 -9999.0
53877 20050916  1.201  -82.61   35.49    23.7    13.6    18.7    17.9     1.6     6.95 R -9999.0 -9999.0    18.5 -9999.0 -9999.0 -9999.0 -99.000 -99.000 -99.000 -99.000 -99.000 -9999.0 -9999.0 -9999.0 -9999.0 -9999.0
53877 20050917  1.201  -82.61   35.49    27.1    13.9    20.5    19.5     0.0    17.62 R -9999.0 -9999.0    21.5 -9999.0 -9999.0 -9999.0 -99.000 -99.000 -99.000 -99.000 -99.000 -9999.0 -9999.0 -9999.0 -9999.0 -9999.0
53877 20050918  1.201  -82.61   35.49    27.1    11.4    19.3    17.5     0.0    20.60 R -9999.0 -9999.0    19.9 -9999.0 -9999.0 -9999.0 -99.000 -99.000 -99.000 -99.000 -99.000 -9999.0 -9999.0 -9999.0 -9999.0 -9999.0
53877 20050919  1.201  -82.61   35.49    28.7    10.4    19.6    18.1     0.0    19.29 R -9999.0 -9999.0    20.0 -9999.0 -9999.0 -9999.0 -99.000 -99.000 -99.000 -99.000 -99.000 -9999.0 -9999.0 -9999.0 -9999.0 -9999.0
53877 20050920  1.201  -82.61   35.49    28.7    11.7    20.2    19.2     0.3    17.59 R -9999.0 -9999.0    21.3 -9999.0 -9999.0 -9999.0 -99.000 -99.000 -99.000 -99.000 -99.000 -9999.0 -9999.0 -9999.0 -9999.0 -9999.0
53877 20050921  1.201  -82.61   35.49    27.6    13.1    20.4    19.4     0.0    17.85 R -9999.0 -9999.0    21.4 -9999.0 -9999.0 -9999.0 -99.000 -99.000 -99.000 -99.000 -99.000 -9999.0 -9999.0 -9999.0 -9999.0 -9999.0
53877 20050922  1.201  -82.61   35.49    27.7    14.8    21.3    20.2     0.0    16.96 R -9999.0 -9999.0    22.1 -9999.0 -9999.0 -9999.0 -99.000 -99.000 -99.000 -99.000 -99.000 -9999.0 -9999.0 -9999.0 -9999.0 -9999.0
53877 20050923  1.201  -82.61   35.49    28.0    12.9    20.5    19.2     0.3    17.07 R -9999.0 -9999.0    21.5 -9999.0 -9999.0 -9999.0 -99.000 -99.000 -99.000 -99.000 -99.000 -9999.0 -9999.0 -9999.0 -9999.0 -9999.0
53877 20050924  1.201  -82.61   35.49    27.5    12.7    20.1    19.8     0.0    14.62 R -9999.0 -9999.0    21.9 -9999.0 -9999.0 -9999.0 -99.000 -99.000 -99.000 -99.000 -99.000 -9999.0 -9999.0 -9999.0 -9999.0 -9999.0
53877 20050925  1.201  -82.61   35.49    25.5    19.8    22.7    21.7     3.1    12.49 R -9999.0 -9999.0    23.4 -9999.0 -9999.0 -9999.0 -99.000 -99.000 -99.000 -99.000 -99.000 -9999.0 -9999.0 -9999.0 -9999.0 -9999.0
53877 20050926  1.201  -82.61   35.49    22.2    17.9    20.1    19.8     7.2     4.64 R -9999.0 -9999.0    20.5 -9999.0 -9999.0 -9999.0 -99.000 -99.000 -99.000 -99.000 -99.000 -9999.0 -9999.0 -9999.0 -9999.0 -9999.0
53877 20050927  1.201  -82.61   35.49    25.4    12.9    19.2    18.5     0.0    17.45 R -9999.0 -9999.0    19.8 -9999.0 -9999.0 -9999.0 -99.000 -99.000 -99.000 -99.000 -99.000 -9999.0 -9999.0 -9999.0 -9999.0 -9999.0
53877 20050928  1.201  -82.61   35.49    24.2    11.1    17.7    17.6     0.7    12.23 R -9999.0 -9999.0    19.4 -9999.0 -9999.0 -9999.0 -99.000 -99.000 -99.000 -99.000 -99.000 -9999.0 -9999.0 -9999.0 -9999.0 -9999.0
53877 20050929  1.201  -82.61   35.49    22.2    10.2    16.2    16.7     0.3     5.68 R -9999.0 -9999.0    17.5 -9999.0 -9999.0 -9999.0 -99.000 -99.000 -99.000 -99.000 -99.000 -9999.0 -9999.0 -9999.0 -9999.0 -9999.0
53877 20050930  1.201  -82.61   35.49    21.1     8.6    14.9    14.3     0.0    17.45 R -9999.0 -9999.0    16.3 -9999.0 -9999.0 -9999.0 -99.000 -99.000 -99.000 -99.000 -99.000 -9999.0 -9999.0 -9999.0 -9999.0 -9999.0
53877 20051001  1.201  -82.61   35.49    25.5     9.0    17.3    16.4     0.2    16.03 R -9999.0 -9999.0    18.3 -9999.0 -9999.0 -9999.0 -99.000 -99.000 -99.000 -99.000 -99.000 -9999.0 -9999.0 -9999.0 -9999.0 -9999.0
53877 20051002  1.201  -82.61   35.49    23.6    10.3    17.0    16.4     0.0    11.64 R -9999.0 -9999.0    17.8 -9999.0 -9999.0 -9999.0 -99.000 -99.000 -99.000 -99.000 -99.000 -9999.0 -9999.0 -9999.0 -9999.0 -9999.0
53877 20051003  1.201  -82.61   35.49    25.2    10.1    17.7    16.2     0.0    15.75 R -9999.0 -9999.0    18.4 -9999.0 -9999.0 -9999.0 -99.000 -99.000 -99.000 -99.000 -99.000 -9999.0 -9999.0 -9999.0 -9999.0 -9999.0
53877 20051004  1.201  -82.61   35.49    25.0     8.4    16.7    15.9     0.3    16.15 R -9999.0 -9999.0    17.9 -9999.0 -9999.0 -9999.0 -99.000 -99.000 -99.000 -99.000 -99.000 -9999.0 -9999.0 -9999.0 -9999.0 -9999.0
53877 20051005  1.201  -82.61   35.49    23.3    12.1    17.7    17.8     0.9     8.41 R -9999.0 -9999.0    19.3 -9999.0 -9999.0 -9999.0 -99.000 -99.000 -99.000 -99.000 -99.000 -9999.0 -9999.0 -9999.0 -9999.0 -9999.0
53877 20051006  1.201  -82.61   35.49    19.6    17.3    18.5    18.2    34.6     1.33 R -9999.0 -9999.0    18.7 -9999.0 -9999.0 -9999.0 -99.000 -99.000 -99.000 -99.000 -99.000 -9999.0 -9999.0 -9999.0 -9999.0 -9999.0
53877 20051007  1.201  -82.61   35.49    21.4    17.7    19.6    19.1     6.0     3.79 R -9999.0 -9999.0    20.3 -9999.0 -9999.0 -9999.0 -99.000 -99.000 -99.000 -99.000 -99.000 -9999.0 -9999.0 -9999.0 -9999.0 -9999.0
53877 20051008  1.201  -82.61   35.49    20.4    14.2    17.3    17.0     1.1     9.88 R -9999.0 -9999.0    18.7 -9999.0 -9999.0 -9999.0 -99.000 -99.000 -99.000 -99.000 -99.000 -9999.0 -9999.0 -9999.0 -9999.0 -9999.0
53877 20051009  1.201  -82.61   35.49    21.6    12.7    17.2    17.0     0.6     9.60 R -9999.0 -9999.0    19.3 -9999.0 -9999.0 -9999.0 -99.000 -99.000 -99.000 -99.000 -99.000 -9999.0 -9999.0 -9999.0 -9999.0 -9999.0
53877 20051010  1.201  -82.61   35.49    21.3    16.2    18.8    18.4     1.2     6.71 R -9999.0 -9999.0    20.0 -9999.0 -9999.0 -9999.0 -99.000 -99.000 -99.000 -99.000 -99.000 -9999.0 -9999.0 -9999.0 -9999.0 -9999.0
53877 20051011  1.201  -82.61   35.49    24.0    16.2    20.1    18.9     0.0     8.86 R -9999.0 -9999.0    20.6 -9999.0 -9999.0 -9999.0 -99.000 -99.000 -99.000 -99.000 -99.000 -9999.0 -9999.0 -9999.0 -9999.0 -9999.0
53877 20051012  1.201  -82.61   35.49    23.4    16.1    19.8    18.6     0.7    11.66 R -9999.0 -9999.0    20.5 -9999.0 -9999.0 -9999.0 -99.000 -99.000 -99.000 -99.000 -99.000 -9999.0 -9999.0 -9999.0 -9999.0 -9999.0
53877 20051013  1.201  -82.61   35.49    23.9    11.9    17.9    17.7     0.3    13.77 R -9999.0 -9999.0    19.2 -9999.0 -9999.0 -9999.0 -99.000 -99.000 -99.000 -99.000 -99.000 -9999.0 -9999.0 -9999.0 -9999.0 -9999.0
53877 20051014  1.201  -82.61   35.49    21.8    10.1    16.0    15.0     0.0    14.05 R -9999.0 -9999.0    15.7 -9999.0 -9999.0 -9999.0 -99.000 -99.000 -99.000 -99.000 -99.000 -9999.0 -9999.0 -9999.0 -9999.0 -9999.0
53877 20051015  1.201  -82.61   35.49    23.2    10.3    16.8    17.1     0.0    15.15 R -9999.0 -9999.0    16.4 -9999.0 -9999.0 -9999.0 -99.000 -99.000 -99.000 -99.000 -99.000 -9999.0 -9999.0 -9999.0 -9999.0 -9999.0
53877 20051016  1.201  -82.61   35.49    19.6     6.2    12.9    13.3     0.0    15.54 R -9999.0 -9999.0    12.9 -9999.0 -9999.0 -9999.0 -99.000 -99.000 -99.000 -99.000 -99.000 -9999.0 -9999.0 -9999.0 -9999.0 -9999.0
53877 20051017  1.201  -82.61   35.49    20.6     3.0    11.8    10.5     0.0    15.04 R -9999.0 -9999.0    11.6 -9999.0 -9999.0 -9999.0 -99.000 -99.000 -99.000 -99.000 -99.000 -9999.0 -9999.0 -9999.0 -9999.0 -9999.0
53877 20051018  1.201  -82.61   35.49    24.1     2.7    13.4    12.4     0.7    14.32 R -9999.0 -9999.0    13.8 -9999.0 -9999.0 -9999.0 -99.000 -99.000 -99.000 -99.000 -99.000 -9999.0 -9999.0 -9999.0 -9999.0 -9999.0
53877 20051019  1.201  -82.61   35.49    26.0     7.6    16.8    14.9     0.3    13.77 R -9999.0 -9999.0    16.3 -9999.0 -9999.0 -9999.0 -99.000 -99.000 -99.000 -99.000 -99.000 -9999.0 -9999.0 -9999.0 -9999.0 -9999.0
53877 20051020  1.201  -82.61   35.49    24.9     8.1    16.5    15.1     0.3    11.48 R -9999.0 -9999.0    16.3 -9999.0 -9999.0 -9999.0 -99.000 -99.000 -99.000 -99.000 -99.000 -9999.0 -9999.0 -9999.0 -9999.0 -9999.0
53877 20051021  1.201  -82.61   35.49    24.5     8.1    16.3    15.8     0.3    13.46 R -9999.0 -9999.0    17.1 -9999.0 -9999.0 -9999.0 -99.000 -99.000 -99.000 -99.000 -99.000 -9999.0 -9999.0 -9999.0 -9999.0 -9999.0
53877 20051022  1.201  -82.61   35.49    17.0     7.8    12.4    11.7     0.0     7.27 R -9999.0 -9999.0    11.9 -9999.0 -9999.0 -9999.0 -99.000 -99.000 -99.000 -99.000 -99.000 -9999.0 -9999.0 -9999.0 -9999.0 -9999.0
53877 20051023  1.201  -82.61   35.49    18.3     1.7    10.0     9.4     0.0    13.74 R -9999.0 -9999.0    10.8 -9999.0 -9999.0 -9999.0 -99.000 -99.000 -99.000 -99.000 -99.000 -9999.0 -9999.0 -9999.0 -9999.0 -9999.0
53877 20051024  1.201  -82.61   35.49     9.2     3.2     6.2     6.0     0.0    10.30 R -9999.0 -9999.0     8.3 -9999.0 -9999.0 -9999.0 -99.000 -99.000 -99.000 -99.000 -99.000 -9999.0 -9999.0 -9999.0 -9999.0 -9999.0
53877 20051025  1.201  -82.61   35.49    10.0     5.1     7.6     6.1     0.0     5.87 R -9999.0 -9999.0     7.1 -9999.0 -9999.0 -9999.0 -99.000 -99.000 -99.000 -99.000 -99.000 -9999.0 -9999.0 -9999.0 -9999.0 -9999.0
53877 20051026  1.201  -82.61   35.49    11.8    -1.7     5.1     5.7     0.2    14.08 R -9999.0 -9999.0     7.1 -9999.0 -9999.0 -9999.0 -99.000 -99.000 -99.000 -99.000 -99.000 -9999.0 -9999.0 -9999.0 -9999.0 -9999.0
53877 20051027  1.201  -82.61   35.49    12.8    -3.9     4.5     4.8     0.0    11.86 R -9999.0 -9999.0     7.0 -9999.0 -9999.0 -9999.0 -99.000 -99.000 -99.000 -99.000 -99.000 -9999.0 -9999.0 -9999.0 -9999.0 -9999.0
53877 20051028  1.201  -82.61   35.49    13.0    -1.8     5.6     4.4     0.0    13.48 R -9999.0 -9999.0     5.9 -9999.0 -9999.0 -9999.0 -99.000 -99.000 -99.000 -99.000 -99.000 -9999.0 -9999.0 -9999.0 -9999.0 -9999.0
53877 20051029  1.201  -82.61   35.49    14.8    -3.9     5.5     3.7     0.0    13.88 R -9999.0 -9999.0     4.8 -9999.0 -9999.0 -9999.0 -99.000 -99.000 -99.000 -99.000 -99.000 -9999.0 -9999.0 -9999.0 -9999.0 -9999.0
53877 20051030  1.201  -82.61   35.49    20.5    -4.3     8.1     5.9     0.0    13.69 R -9999.0 -9999.0     6.6 -9999.0 -9999.0 -9999.0 -99.000 -99.000 -99.000 -99.000 -99.000 -9999.0 -9999.0 -9999.0 -9999.0 -9999.0
53877 20051031  1.201  -82.61   35.49    21.0    -2.8     9.1     7.6     0.0    13.59 R -9999.0 -9999.0     7.6 -9999.0 -9999.0 -9999.0 -99.000 -99.000 -99.000 -99.000 -99.000 -9999.0 -9999.0 -9999.0 -9999.0 -9999.0
53877 20051101  1.201  -82.61   35.49    19.5    -1.2     9.2     8.5     0.0    10.68 R -9999.0 -9999.0     9.2 -9999.0 -9999.0 -9999.0 -99.000 -99.000 -99.000 -99.000 -99.000 -9999.0 -9999.0 -9999.0 -9999.0 -9999.0
53877 20051102  1.201  -82.61   35.49    16.9    -0.5     8.2     9.1     0.0    13.43 R -9999.0 -9999.0     9.2 -9999.0 -9999.0 -9999.0 -99.000 -99.000 -99.000 -99.000 -99.000 -9999.0 -9999.0 -9999.0 -9999.0 -9999.0
53877 20051103  1.201  -82.61   35.49    20.3    -3.0     8.7     6.7     0.0    13.22 R -9999.0 -9999.0     6.8 -9999.0 -9999.0 -9999.0 -99.000 -99.000 -99.000 -99.000 -99.000 -9999.0 -9999.0 -9999.0 -9999.0 -9999.0
53877 20051104  1.201  -82.61   35.49    23.0    -1.6    10.7     9.4     0.0    12.89 R -9999.0 -9999.0     9.3 -9999.0 -9999.0 -9999.0 -99.000 -99.000 -99.000 -99.000 -99.000 -9999.0 -9999.0 -9999.0 -9999.0 -9999.0
53877 20051105  1.201  -82.61   35.49    21.8     4.8    13.3    12.7     0.0     9.25 R -9999.0 -9999.0    12.5 -9999.0 -9999.0 -9999.0 -99.000 -99.000 -99.000 -99.000 -99.000 -9999.0 -9999.0 -9999.0 -9999.0 -9999.0
53877 20051106  1.201  -82.61   35.49    24.7     7.5    16.1    13.9     0.0     9.57 R -9999.0 -9999.0    13.0 -9999.0 -9999.0 -9999.0 -99.000 -99.000 -99.000 -99.000 -99.000 -9999.0 -9999.0 -9999.0 -9999.0 -9999.0
53877 20051107  1.201  -82.61   35.49    22.2     2.9    12.6    10.8     0.0    12.14 R -9999.0 -9999.0    10.4 -9999.0 -9999.0 -9999.0 -99.000 -99.000 -99.000 -99.000 -99.000 -9999.0 -9999.0 -9999.0 -9999.0 -9999.0
53877 20051108  1.201  -82.61   35.49    23.2     0.6    11.9    10.6     0.0     8.43 R -9999.0 -9999.0    10.6 -9999.0 -9999.0 -9999.0 -99.000 -99.000 -99.000 -99.000 -99.000 -9999.0 -9999.0 -9999.0 -9999.0 -9999.0
53877 20051109  1.201  -82.61   35.49    24.8     5.3    15.1    13.7     0.3     9.24 R -9999.0 -9999.0    13.3 -9999.0 -9999.0 -9999.0 -99.000 -99.000 -99.000 -99.000 -99.000 -9999.0 -9999.0 -9999.0 -9999.0 -9999.0
53877 20051110  1.201  -82.61   35.49    16.8    -1.9     7.5     9.4     3.2    11.90 R -9999.0 -9999.0     8.2 -9999.0 -9999.0 -9999.0 -99.000 -99.000 -99.000 -99.000 -99.000 -9999.0 -9999.0 -9999.0 -9999.0 -9999.0
53877 20051111  1.201  -82.61   35.49    16.2    -3.4     6.4     4.0     0.0    11.29 R -9999.0 -9999.0     3.9 -9999.0 -9999.0 -9999.0 -99.000 -99.000 -99.000 -99.000 -99.000 -9999.0 -9999.0 -9999.0 -9999.0 -9999.0
53877 20051112  1.201  -82.61   35.49    17.6    -3.8     6.9     6.6     0.0    10.86 R -9999.0 -9999.0     5.7 -9999.0 -9999.0 -9999.0 -99.000 -99.000 -99.000 -99.000 -99.000 -9999.0 -9999.0 -9999.0 -9999.0 -9999.0
53877 20051113  1.201  -82.61   35.49    18.6     0.9     9.8    11.0     0.3     7.04 R -9999.0 -9999.0    10.8 -9999.0 -9999.0 -9999.0 -99.000 -99.000 -99.000 -99.000 -99.000 -9999.0 -9999.0 -9999.0 -9999.0 -9999.0
53877 20051114  1.201  -82.61   35.49    22.6     8.2    15.4    15.3     0.0     6.14 R -9999.0 -9999.0    14.8 -9999.0 -9999.0 -9999.0 -99.000 -99.000 -99.000 -99.000 -99.000 -9999.0 -9999.0 -9999.0 -9999.0 -9999.0
53877 20051115  1.201  -82.61   35.49    21.1    15.6    18.4    17.2     8.4     5.74 R -9999.0 -9999.0    17.0 -9999.0 -9999.0 -9999.0 -99.000 -99.000 -99.000 -99.000 -99.000 -9999.0 -9999.0 -9999.0 -9999.0 -9999.0
53877 20051116  1.201  -82.61   35.49    19.1     2.3    10.7    11.1    13.6     2.47 R -9999.0 -9999.0    11.0 -9999.0 -9999.0 -9999.0 -99.000 -99.000 -99.000 -99.000 -99.000 -9999.0 -9999.0 -9999.0 -9999.0 -9999.0
53877 20051117  1.201  -82.61   35.49     4.9    -2.0     1.5     0.7     0.0    10.88 R -9999.0 -9999.0     1.3 -9999.0 -9999.0 -9999.0 -99.000 -99.000 -99.000 -99.000 -99.000 -9999.0 -9999.0 -9999.0 -9999.0 -9999.0
53877 20051118  1.201  -82.61   35.49     8.9    -7.7     0.6    -0.9     0.4    10.42 R -9999.0 -9999.0    -0.6 -9999.0 -9999.0 -9999.0 -99.000 -99.000 -99.000 -99.000 -99.000 -9999.0 -9999.0 -9999.0 -9999.0 -9999.0
53877 20051119  1.201  -82.61   35.49    11.9    -8.4     1.8     1.8     0.6     9.31 R -9999.0 -9999.0     2.2 -9999.0 -9999.0 -9999.0 -99.000 -99.000 -99.000 -99.000 -99.000 -9999.0 -9999.0 -9999.0 -9999.0 -9999.0
53877 20051120  1.201  -82.61   35.49    10.8     0.4     5.6     6.9     0.0     3.17 R -9999.0 -9999.0     7.5 -9999.0 -9999.0 -9999.0 -99.000 -99.000 -99.000 -99.000 -99.000 -9999.0 -9999.0 -9999.0 -9999.0 -9999.0
53877 20051121  1.201  -82.61   35.49    11.0     2.7     6.9     8.2    43.1     0.81 R -9999.0 -9999.0     8.7 -9999.0 -9999.0 -9999.0 -99.000 -99.000 -99.000 -99.000 -99.000 -9999.0 -9999.0 -9999.0 -9999.0 -9999.0
53877 20051122  1.201  -82.61   35.49     4.9     0.6     2.8     3.1     1.0     5.59 R -9999.0 -9999.0     3.5 -9999.0 -9999.0 -9999.0 -99.000 -99.000 -99.000 -99.000 -99.000 -9999.0 -9999.0 -9999.0 -9999.0 -9999.0
53877 20051123  1.201  -82.61   35.49    10.1    -3.0     3.6     3.0     0.0     4.88 R -9999.0 -9999.0     2.5 -9999.0 -9999.0 -9999.0 -99.000 -99.000 -99.000 -99.000 -99.000 -9999.0 -9999.0 -9999.0 -9999.0 -9999.0
53877 20051124  1.201  -82.61   35.49    16.9     3.7    10.3    10.6     0.0     9.76 R -9999.0 -9999.0     7.4 -9999.0 -9999.0 -9999.0 -99.000 -99.000 -99.000 -99.000 -99.000 -9999.0 -9999.0 -9999.0 -9999.0 -9999.0
53877 20051125  1.201  -82.61   35.49     9.0    -3.2     2.9     1.1     0.0     9.77 R -9999.0 -9999.0     2.2 -9999.0 -9999.0 -9999.0 -99.000 -99.000 -99.000 -99.000 -99.000 -9999.0 -9999.0 -9999.0 -9999.0 -9999.0
53877 20051126  1.201  -82.61   35.49    12.7    -5.8     3.5     2.0     0.3     7.23 R -9999.0 -9999.0     1.6 -9999.0 -9999.0 -9999.0 -99.000 -99.000 -99.000 -99.000 -99.000 -9999.0 -9999.0 -9999.0 -9999.0 -9999.0
53877 20051127  1.201  -82.61   35.49     9.2     0.1     4.7     6.4     0.7     1.92 R -9999.0 -9999.0     6.5 -9999.0 -9999.0 -9999.0 -99.000 -99.000 -99.000 -99.000 -99.000 -9999.0 -9999.0 -9999.0 -9999.0 -9999.0
53877 20051128  1.201  -82.61   35.49    16.5     8.5    12.5    12.3    31.5     0.35 R -9999.0 -9999.0    11.7 -9999.0 -9999.0 -9999.0 -99.000 -99.000 -99.000 -99.000 -99.000 -9999.0 -9999.0 -9999.0 -9999.0 -9999.0
53877 20051129  1.201  -82.61   35.49    20.0     3.5    11.8    13.6    40.0     7.88 R -9999.0 -9999.0    12.4 -9999.0 -9999.0 -9999.0 -99.000 -99.000 -99.000 -99.000 -99.000 -9999.0 -9999.0 -9999.0 -9999.0 -9999.0
53877 20051130  1.201  -82.61   35.49     9.1    -3.4     2.9     2.4     0.0     9.80 R -9999.0 -9999.0     2.7 -9999.0 -9999.0 -9999.0 -99.000 -99.000 -99.000 -99.000 -99.000 -9999.0 -9999.0 -9999.0 -9999.0 -9999.0
53877 20051201  1.201  -82.61   35.49     9.4    -5.3     2.1     1.9     0.2     5.28 R -9999.0 -9999.0     1.6 -9999.0 -9999.0 -9999.0 -99.000 -99.000 -99.000 -99.000 -99.000 -9999.0 -9999.0 -9999.0 -9999.0 -9999.0
53877 20051202  1.201  -82.61   35.49     6.3    -4.0     1.2     0.6     0.0     9.42 R -9999.0 -9999.0     0.4 -9999.0 -9999.0 -9999.0 -99.000 -99.000 -99.000 -99.000 -99.000 -9999.0 -9999.0 -9999.0 -9999.0 -9999.0
53877 20051203  1.201  -82.61   35.49     5.3    -5.3     0.0     0.5     0.4     1.36 R -9999.0 -9999.0     1.0 -9999.0 -9999.0 -9999.0 -99.000 -99.000 -99.000 -99.000 -99.000 -9999.0 -9999.0 -9999.0 -9999.0 -9999.0
53877 20051204  1.201  -82.61   35.49    18.6     3.1    10.9    10.0     2.7     4.07 R -9999.0 -9999.0     9.1 -9999.0 -9999.0 -9999.0 -99.000 -99.000 -99.000 -99.000 -99.000 -9999.0 -9999.0 -9999.0 -9999.0 -9999.0
53877 20051205  1.201  -82.61   35.49     7.2    -0.4     3.4     5.0    12.7     0.61 R -9999.0 -9999.0     5.8 -9999.0 -9999.0 -9999.0 -99.000 -99.000 -99.000 -99.000 -99.000 -9999.0 -9999.0 -9999.0 -9999.0 -9999.0
53877 20051206  1.201  -82.61   35.49     5.4    -6.0    -0.3    -1.2     0.0     9.23 R -9999.0 -9999.0    -0.8 -9999.0 -9999.0 -9999.0 -99.000 -99.000 -99.000 -99.000 -99.000 -9999.0 -9999.0 -9999.0 -9999.0 -9999.0
53877 20051207  1.201  -82.61   35.49     7.0    -8.3    -0.6    -1.9     0.0     7.86 R -9999.0 -9999.0    -1.6 -9999.0 -9999.0 -9999.0 -99.000 -99.000 -99.000 -99.000 -99.000 -9999.0 -9999.0 -9999.0 -9999.0 -9999.0
53877 20051208  1.201  -82.61   35.49     3.2    -2.9     0.2     0.1    12.2     3.90 R -9999.0 -9999.0     1.0 -9999.0 -9999.0 -9999.0 -99.000 -99.000 -99.000 -99.000 -99.000 -9999.0 -9999.0 -9999.0 -9999.0 -9999.0
53877 20051209  1.201  -82.61   35.49     2.9    -6.1    -1.6    -0.8     4.2     8.12 R -9999.0 -9999.0    -0.2 -9999.0 -9999.0 -9999.0 -99.000 -99.000 -99.000 -99.000 -99.000 -9999.0 -9999.0 -9999.0 -9999.0 -9999.0
53877 20051210  1.201  -82.61   35.49     8.4    -9.2    -0.4    -2.1     0.3     9.12 R -9999.0 -9999.0    -2.0 -9999.0 -9999.0 -9999.0 -99.000 -99.000 -99.000 -99.000 -99.000 -9999.0 -9999.0 -9999.0 -9999.0 -9999.0
53877 20051211  1.201  -82.61   35.49     6.3    -6.1     0.1    -0.2     0.3     7.07 R -9999.0 -9999.0    -0.7 -9999.0 -9999.0 -9999.0 -99.000 -99.000 -99.000 -99.000 -99.000 -9999.0 -9999.0 -9999.0 -9999.0 -9999.0
53877 20051212  1.201  -82.61   35.49     6.9    -2.9     2.0     1.5     0.2     4.27 R -9999.0 -9999.0     1.4 -9999.0 -9999.0 -9999.0 -99.000 -99.000 -99.000 -99.000 -99.000 -9999.0 -9999.0 -9999.0 -9999.0 -9999.0
53877 20051213  1.201  -82.61   35.49 -9999.0 -9999.0 -9999.0 -9999.0 -9999.0 -9999.00 U -9999.0 -9999.0 -9999.0 -9999.0 -9999.0 -9999.0 -99.000 -99.000 -99.000 -99.000 -99.000 -9999.0 -9999.0 -9999.0 -9999.0 -9999.0
53877 20051214  1.201  -82.61   35.49     0.2    -2.4    -1.1    -1.6     0.0     1.22 R -9999.0 -9999.0    -1.0 -9999.0 -9999.0 -9999.0 -99.000 -99.000 -99.000 -99.000 -99.000 -9999.0 -9999.0 -9999.0 -9999.0 -9999.0
53877 20051215  1.201  -82.61   35.49     1.3    -3.1    -0.9    -0.3    34.9     2.46 R -9999.0 -9999.0     0.6 -9999.0 -9999.0 -9999.0 -99.000 -99.000 -99.000 -99.000 -99.000 -9999.0 -9999.0 -9999.0 -9999.0 -9999.0
53877 20051216  1.201  -82.61   35.49     5.5    -5.2     0.2     0.3     0.0     7.76 R -9999.0 -9999.0     0.2 -9999.0 -9999.0 -9999.0 -99.000 -99.000 -99.000 -99.000 -99.000 -9999.0 -9999.0 -9999.0 -9999.0 -9999.0
53877 20051217  1.201  -82.61   35.49     3.9    -1.4     1.3     1.0     0.0     4.14 R -9999.0 -9999.0     1.7 -9999.0 -9999.0 -9999.0 -99.000 -99.000 -99.000 -99.000 -99.000 -9999.0 -9999.0 -9999.0 -9999.0 -9999.0
53877 20051218  1.201  -82.61   35.49    10.2    -2.7     3.8     1.8     0.0     9.13 R -9999.0 -9999.0     2.4 -9999.0 -9999.0 -9999.0 -99.000 -99.000 -99.000 -99.000 -99.000 -9999.0 -9999.0 -9999.0 -9999.0 -9999.0
53877 20051219  1.201  -82.61   35.49     5.3    -5.5    -0.1    -0.7     0.0     8.83 R -9999.0 -9999.0    -0.9 -9999.0 -9999.0 -9999.0 -99.000 -99.000 -99.000 -99.000 -99.000 -9999.0 -9999.0 -9999.0 -9999.0 -9999.0
53877 20051220  1.201  -82.61   35.49     4.2    -7.8    -1.8    -2.8     0.0     8.98 R -9999.0 -9999.0    -3.0 -9999.0 -9999.0 -9999.0 -99.000 -99.000 -99.000 -99.000 -99.000 -9999.0 -9999.0 -9999.0 -9999.0 -9999.0
53877 20051221  1.201  -82.61   35.49     4.2    -9.8    -2.8    -3.9     0.0     9.21 R -9999.0 -9999.0    -4.2 -9999.0 -9999.0 -9999.0 -99.000 -99.000 -99.000 -99.000 -99.000 -9999.0 -9999.0 -9999.0 -9999.0 -9999.0
53877 20051222  1.201  -82.61   35.49     9.4   -11.4    -1.0    -3.4     0.0     9.22 R -9999.0 -9999.0    -3.8 -9999.0 -9999.0 -9999.0 -99.000 -99.000 -99.000 -99.000 -99.000 -9999.0 -9999.0 -9999.0 -9999.0 -9999.0
53877 20051223  1.201  -82.61   35.49    12.7   -11.1     0.8    -2.7     0.0     9.17 R -9999.0 -9999.0    -3.2 -9999.0 -9999.0 -9999.0 -99.000 -99.000 -99.000 -99.000 -99.000 -9999.0 -9999.0 -9999.0 -9999.0 -9999.0
53877 20051224  1.201  -82.61   35.49    14.4    -9.5     2.5     1.5     1.0     9.22 R -9999.0 -9999.0     0.8 -9999.0 -9999.0 -9999.0 -99.000 -99.000 -99.000 -99.000 -99.000 -9999.0 -9999.0 -9999.0 -9999.0 -9999.0
53877 20051225  1.201  -82.61   35.49    10.5     3.7     7.1     5.9     3.2     7.55 R -9999.0 -9999.0     6.4 -9999.0 -9999.0 -9999.0 -99.000 -99.000 -99.000 -99.000 -99.000 -9999.0 -9999.0 -9999.0 -9999.0 -9999.0
53877 20051226  1.201  -82.61   35.49     7.1    -1.7     2.7     3.0     0.7    10.35 R -9999.0 -9999.0     2.9 -9999.0 -9999.0 -9999.0 -99.000 -99.000 -99.000 -99.000 -99.000 -9999.0 -9999.0 -9999.0 -9999.0 -9999.0
53877 20051227  1.201  -82.61   35.49    13.4    -3.9     4.8     2.3     0.0     8.97 R -9999.0 -9999.0     1.3 -9999.0 -9999.0 -9999.0 -99.000 -99.000 -99.000 -99.000 -99.000 -9999.0 -9999.0 -9999.0 -9999.0 -9999.0
53877 20051228  1.201  -82.61   35.49    13.2    -2.2     5.5     5.4     7.7     5.70 R -9999.0 -9999.0     4.8 -9999.0 -9999.0 -9999.0 -99.000 -99.000 -99.000 -99.000 -99.000 -9999.0 -9999.0 -9999.0 -9999.0 -9999.0
53877 20051229  1.201  -82.61   35.49     5.6     1.2     3.4     3.7     0.0     3.52 R -9999.0 -9999.0     4.1 -9999.0 -9999.0 -9999.0 -99.000 -99.000 -99.000 -99.000 -99.000 -9999.0 -9999.0 -9999.0 -9999.0 -9999.0
53877 20051230  1.201  -82.61   35.49    12.1    -1.6     5.3     3.3     0.0     9.34 R -9999.0 -9999.0     4.2 -9999.0 -9999.0 -9999.0 -99.000 -99.000 -99.000 -99.000 -99.000 -9999.0 -9999.0 -9999.0 -9999.0 -9999.0
53877 20051231  1.201  -82.61   35.49    11.8    -2.2     4.8     3.0     0.0     5.33 R -9999.0 -9999.0     2.2 -9999.0 -9999.0 -9999.0 -99.000 -99.000 -99.000 -99.000 -99.000 -9999.0 -9999.0 -9999.0 -9999.0 -9999.0
