53877 20080101  1.303  -82.61   35.49     5.0    -5.0     0.0     0.0     0.0     9.97 R    14.9    -5.7     0.7    94.1    29.9    59.0 -99.000 -99.000 -99.000 -99.000 -99.000 -9999.0 -9999.0 -9999.0 -9999.0 -9999.0
53877 20080102  1.303  -82.61   35.49    -4.8    -9.9    -7.3    -8.0     1.4     9.97 R     5.8   -11.2    -7.3    85.7    48.0    63.2 -99.000 -99.000 -99.000 -99.000 -99.000 -9999.0 -9999.0 -9999.0 -9999.0 -9999.0
53877 20080103  1.303  -82.61   35.49     0.3   -13.6    -6.7    -7.6     0.0     9.68 R    10.8   -13.4    -6.5    85.1    24.0    62.2 -99.000 -99.000 -99.000 -99.000 -99.000 -9999.0 -9999.0 -9999.0 -9999.0 -9999.0
53877 20080104  1.303  -82.61   35.49     7.0   -13.8    -3.4    -5.2     0.0     9.55 R    15.0   -11.5    -3.7    87.0    21.1    65.1 -99.000 -99.000 -99.000 -99.000 -99.000 -9999.0 -9999.0 -9999.0 -9999.0 -9999.0
53877 20080105  1.303  -82.61   35.49    12.8    -6.3     3.2     1.0     0.0     7.51 R    20.1    -6.1     1.8    86.5    23.5    66.0 -99.000 -99.000 -99.000 -99.000 -99.000 -9999.0 -9999.0 -9999.0 -9999.0 -9999.0
53877 20080106  1.303  -82.61   35.49    16.1    -0.7     7.7     5.7     0.0     6.94 R    24.5    -0.7     5.9    96.1    45.8    79.3 -99.000 -99.000 -99.000 -99.000 -99.000 -9999.0 -9999.0 -9999.0 -9999.0 -9999.0
53877 20080107  1.303  -82.61   35.49    19.5    -2.1     8.7     8.2     0.0     9.34 R    25.1    -2.7     7.1    96.4    47.1    75.9 -99.000 -99.000 -99.000 -99.000 -99.000 -9999.0 -9999.0 -9999.0 -9999.0 -9999.0
53877 20080108  1.303  -82.61   35.49    17.2     8.9    13.1    14.1     0.0     4.39 R    23.4     6.5    12.2    88.3    59.8    74.8 -99.000 -99.000 -99.000 -99.000 -99.000 -9999.0 -9999.0 -9999.0 -9999.0 -9999.0
53877 20080109  1.303  -82.61   35.49    16.2    -0.6     7.8    10.8     0.0     9.29 R    23.9    -1.2    10.0    93.1    36.8    69.3 -99.000 -99.000 -99.000 -99.000 -99.000 -9999.0 -9999.0 -9999.0 -9999.0 -9999.0
53877 20080110  1.303  -82.61   35.49    12.9    -0.8     6.0     6.6    20.4     4.38 R    21.6    -1.1     7.7    96.7    82.5    92.5 -99.000 -99.000 -99.000 -99.000 -99.000 -9999.0 -9999.0 -9999.0 -9999.0 -9999.0
53877 20080111  1.303  -82.61   35.49    13.3    -0.9     6.2     8.7     6.9     9.43 R    20.0    -1.4     8.4    97.3    45.4    78.7 -99.000 -99.000 -99.000 -99.000 -99.000 -9999.0 -9999.0 -9999.0 -9999.0 -9999.0
53877 20080112  1.303  -82.61   35.49    11.3    -3.5     3.9     2.2     0.0     8.84 R    19.1    -4.2     2.6    96.1    37.8    78.7 -99.000 -99.000 -99.000 -99.000 -99.000 -9999.0 -9999.0 -9999.0 -9999.0 -9999.0
53877 20080113  1.303  -82.61   35.49     9.4    -2.6     3.4     2.2     0.6     5.15 R    21.5    -3.1     3.1    96.2    66.1    89.1 -99.000 -99.000 -99.000 -99.000 -99.000 -9999.0 -9999.0 -9999.0 -9999.0 -9999.0
53877 20080114  1.303  -82.61   35.49     7.4    -4.7     1.3     0.0     0.0     9.52 R    15.1    -6.1     0.1    95.1    25.1    62.8 -99.000 -99.000 -99.000 -99.000 -99.000 -9999.0 -9999.0 -9999.0 -9999.0 -9999.0
53877 20080115  1.303  -82.61   35.49     2.0    -8.5    -3.2    -3.3     0.0    10.46 R    15.8    -8.4    -2.8    90.9    39.0    63.2 -99.000 -99.000 -99.000 -99.000 -99.000 -9999.0 -9999.0 -9999.0 -9999.0 -9999.0
53877 20080116  1.303  -82.61   35.49     4.9   -10.1    -2.6    -2.4     1.8     6.75 R    14.8    -9.6    -1.5    90.2    28.0    62.1 -99.000 -99.000 -99.000 -99.000 -99.000 -9999.0 -9999.0 -9999.0 -9999.0 -9999.0
53877 20080117  1.303  -82.61   35.49     3.1    -2.4     0.3     0.3    16.9     3.86 R    13.8    -2.4    -0.1    97.0    83.1    91.9 -99.000 -99.000 -99.000 -99.000 -99.000 -9999.0 -9999.0 -9999.0 -9999.0 -9999.0
53877 20080118  1.303  -82.61   35.49    10.1    -0.9     4.6     2.8     0.0    10.09 R    15.8    -2.7     1.7    96.1    35.1    78.6 -99.000 -99.000 -99.000 -99.000 -99.000 -9999.0 -9999.0 -9999.0 -9999.0 -9999.0
53877 20080119  1.303  -82.61   35.49     2.3    -3.0    -0.4    -0.1     1.0     2.12 R     8.2    -4.3     0.2    93.1    39.2    59.7 -99.000 -99.000 -99.000 -99.000 -99.000 -9999.0 -9999.0 -9999.0 -9999.0 -9999.0
53877 20080120  1.303  -82.61   35.49    -3.0   -13.2    -8.1    -8.3     0.0    11.28 R    10.7   -11.6    -6.5    67.4    26.8    45.6 -99.000 -99.000 -99.000 -99.000 -99.000 -9999.0 -9999.0 -9999.0 -9999.0 -9999.0
53877 20080121  1.303  -82.61   35.49     1.3   -15.8    -7.2    -6.9     0.0    11.18 R    16.3   -13.2    -4.6    83.2    25.6    49.9 -99.000 -99.000 -99.000 -99.000 -99.000 -9999.0 -9999.0 -9999.0 -9999.0 -9999.0
53877 20080122  1.303  -82.61   35.49     7.6    -2.5     2.5     2.2     0.0     4.26 R    15.3    -2.2     2.9    94.1    29.6    70.1 -99.000 -99.000 -99.000 -99.000 -99.000 -9999.0 -9999.0 -9999.0 -9999.0 -9999.0
53877 20080123  1.303  -82.61   35.49     8.6    -3.6     2.5     3.0     0.0     8.76 R    21.0    -4.9     3.9    93.0    53.5    79.0 -99.000 -99.000 -99.000 -99.000 -99.000 -9999.0 -9999.0 -9999.0 -9999.0 -9999.0
53877 20080124  1.303  -82.61   35.49     3.2    -8.2    -2.5    -2.3     0.0     7.68 R    15.9    -8.9    -1.5    93.7    38.9    67.0 -99.000 -99.000 -99.000 -99.000 -99.000 -9999.0 -9999.0 -9999.0 -9999.0 -9999.0
53877 20080125  1.303  -82.61   35.49     5.0   -13.1    -4.1    -4.1     0.0    10.28 R    17.6   -11.9    -2.4    76.2    17.2    44.2 -99.000 -99.000 -99.000 -99.000 -99.000 -9999.0 -9999.0 -9999.0 -9999.0 -9999.0
53877 20080126  1.303  -82.61   35.49     9.2    -3.8     2.7     1.6     0.0     9.98 R    22.2    -5.8     2.7    89.4    30.0    49.3 -99.000 -99.000 -99.000 -99.000 -99.000 -9999.0 -9999.0 -9999.0 -9999.0 -9999.0
53877 20080127  1.303  -82.61   35.49     8.7    -4.9     1.9     0.8     0.0    11.72 R    22.2    -6.4     0.4    91.5    27.9    64.0 -99.000 -99.000 -99.000 -99.000 -99.000 -9999.0 -9999.0 -9999.0 -9999.0 -9999.0
53877 20080128  1.303  -82.61   35.49    14.9    -6.1     4.4     3.9     0.0    11.05 R    25.2    -7.4     3.7    84.7    18.9    52.6 -99.000 -99.000 -99.000 -99.000 -99.000 -9999.0 -9999.0 -9999.0 -9999.0 -9999.0
53877 20080129  1.303  -82.61   35.49    16.5     1.5     9.0     8.2     2.6     8.14 R    25.6     1.2     8.2    91.9    19.0    60.6 -99.000 -99.000 -99.000 -99.000 -99.000 -9999.0 -9999.0 -9999.0 -9999.0 -9999.0
53877 20080130  1.303  -82.61   35.49     9.8    -5.8     2.0     1.5     1.0    12.40 R    18.3    -6.9     1.8    96.3    21.5    46.1 -99.000 -99.000 -99.000 -99.000 -99.000 -9999.0 -9999.0 -9999.0 -9999.0 -9999.0
53877 20080131  1.303  -82.61   35.49     7.7    -9.0    -0.6    -0.7    16.3     9.61 R    21.6    -8.6     0.7    92.0    17.2    56.3 -99.000 -99.000 -99.000 -99.000 -99.000 -9999.0 -9999.0 -9999.0 -9999.0 -9999.0
53877 20080201  1.303  -82.61   35.49    10.2    -2.3     4.0     2.8    29.6    12.30 R    16.6    -4.0     1.6    94.9    44.6    78.2 -99.000 -99.000 -99.000 -99.000 -99.000 -9999.0 -9999.0 -9999.0 -9999.0 -9999.0
53877 20080202  1.303  -82.61   35.49    16.8    -5.6     5.6     2.7     0.0    12.79 R    21.2    -6.2     2.1    94.9    18.3    70.3 -99.000 -99.000 -99.000 -99.000 -99.000 -9999.0 -9999.0 -9999.0 -9999.0 -9999.0
53877 20080203  1.303  -82.61   35.49    16.7    -3.3     6.7     5.4     4.5    10.20 R    23.6    -3.4     5.4    96.5    24.6    72.2 -99.000 -99.000 -99.000 -99.000 -99.000 -9999.0 -9999.0 -9999.0 -9999.0 -9999.0
53877 20080204  1.303  -82.61   35.49    11.0     2.5     6.7     6.6     1.6     2.56 R    14.3     1.5     6.5   100.0    91.4    96.2 -99.000 -99.000 -99.000 -99.000 -99.000 -9999.0 -9999.0 -9999.0 -9999.0 -9999.0
53877 20080205  1.303  -82.61   35.49    22.4     3.5    12.9    12.9     0.0    11.05 R    28.3     2.2    12.1   100.0    38.6    79.2 -99.000 -99.000 -99.000 -99.000 -99.000 -9999.0 -9999.0 -9999.0 -9999.0 -9999.0
53877 20080206  1.303  -82.61   35.49    18.1     4.6    11.3    14.0     9.3     4.25 R    20.5     2.2    11.2    93.1    37.5    76.6 -99.000 -99.000 -99.000 -99.000 -99.000 -9999.0 -9999.0 -9999.0 -9999.0 -9999.0
53877 20080207  1.303  -82.61   35.49    11.1    -2.7     4.2     4.0     0.0    13.93 R    20.3    -2.8     4.4    93.5    41.4    65.3 -99.000 -99.000 -99.000 -99.000 -99.000 -9999.0 -9999.0 -9999.0 -9999.0 -9999.0
53877 20080208  1.303  -82.61   35.49    13.2    -4.3     4.4     4.0     0.0    13.82 R    21.3    -4.7     4.2    93.9    34.8    66.7 -99.000 -99.000 -99.000 -99.000 -99.000 -9999.0 -9999.0 -9999.0 -9999.0 -9999.0
53877 20080209  1.303  -82.61   35.49    15.6    -2.6     6.5     5.4     0.0    14.24 R    25.5    -3.3     4.9    93.0    16.4    55.1 -99.000 -99.000 -99.000 -99.000 -99.000 -9999.0 -9999.0 -9999.0 -9999.0 -9999.0
53877 20080210  1.303  -82.61   35.49    12.9    -2.2     5.3     6.3     0.0    14.45 R    21.9    -3.7     4.9    69.1    21.6    36.9 -99.000 -99.000 -99.000 -99.000 -99.000 -9999.0 -9999.0 -9999.0 -9999.0 -9999.0
53877 20080211  1.303  -82.61   35.49    12.1    -7.2     2.4     1.6     0.0    14.42 R    23.0    -7.4     2.3    65.1    15.5    39.7 -99.000 -99.000 -99.000 -99.000 -99.000 -9999.0 -9999.0 -9999.0 -9999.0 -9999.0
53877 20080212  1.303  -82.61   35.49    11.7    -1.8     4.9     5.6     0.7     3.92 R    16.4    -3.5     4.7    95.1    36.8    65.5 -99.000 -99.000 -99.000 -99.000 -99.000 -9999.0 -9999.0 -9999.0 -9999.0 -9999.0
53877 20080213  1.303  -82.61   35.49     8.2    -5.4     1.4     2.0     3.4     2.64 R    10.6    -5.0     3.0    96.9    69.2    85.6 -99.000 -99.000 -99.000 -99.000 -99.000 -9999.0 -9999.0 -9999.0 -9999.0 -9999.0
53877 20080214  1.303  -82.61   35.49    12.5    -8.9     1.8     0.0     0.0    15.30 R    22.4    -8.2     1.6    90.3    21.2    62.6 -99.000 -99.000 -99.000 -99.000 -99.000 -9999.0 -9999.0 -9999.0 -9999.0 -9999.0
53877 20080215  1.303  -82.61   35.49    15.5    -4.9     5.3     4.2     0.0    11.09 R    21.8    -5.0     4.6    91.9    36.8    68.9 -99.000 -99.000 -99.000 -99.000 -99.000 -9999.0 -9999.0 -9999.0 -9999.0 -9999.0
53877 20080216  1.303  -82.61   35.49    17.0     1.6     9.3     9.3     0.0     8.34 R    23.9     0.1     8.7    91.9    42.7    66.4 -99.000 -99.000 -99.000 -99.000 -99.000 -9999.0 -9999.0 -9999.0 -9999.0 -9999.0
53877 20080217  1.303  -82.61   35.49    14.0     6.0    10.0     8.4    47.5     0.90 R    12.2     3.8     7.6    96.9    60.2    85.5 -99.000 -99.000 -99.000 -99.000 -99.000 -9999.0 -9999.0 -9999.0 -9999.0 -9999.0
53877 20080218  1.303  -82.61   35.49    13.1     1.3     7.2     6.1     0.0    13.09 R    21.4     0.2     6.9    99.9    38.4    77.0 -99.000 -99.000 -99.000 -99.000 -99.000 -9999.0 -9999.0 -9999.0 -9999.0 -9999.0
53877 20080219  1.303  -82.61   35.49     7.4    -3.9     1.7     2.1     0.0    14.33 R    21.8    -4.3     3.2    80.1    34.9    48.6 -99.000 -99.000 -99.000 -99.000 -99.000 -9999.0 -9999.0 -9999.0 -9999.0 -9999.0
53877 20080220  1.303  -82.61   35.49    14.2    -4.6     4.8     4.5     0.0     8.78 R    22.3    -4.5     4.4    83.9    31.1    59.3 -99.000 -99.000 -99.000 -99.000 -99.000 -9999.0 -9999.0 -9999.0 -9999.0 -9999.0
53877 20080221  1.303  -82.61   35.49     4.5    -2.8     0.8     0.7     0.0     3.97 R    10.3    -3.3     1.7    92.3    61.8    80.9 -99.000 -99.000 -99.000 -99.000 -99.000 -9999.0 -9999.0 -9999.0 -9999.0 -9999.0
53877 20080222  1.303  -82.61   35.49    13.7     0.2     7.0     5.0     0.2     5.62 R    17.6     1.2     5.6    96.4    70.9    90.1 -99.000 -99.000 -99.000 -99.000 -99.000 -9999.0 -9999.0 -9999.0 -9999.0 -9999.0
53877 20080223  1.303  -82.61   35.49    11.6     1.9     6.7     4.9     0.0     8.50 R    22.7     0.7     6.4    97.1    66.3    83.3 -99.000 -99.000 -99.000 -99.000 -99.000 -9999.0 -9999.0 -9999.0 -9999.0 -9999.0
53877 20080224  1.303  -82.61   35.49     8.0    -3.4     2.3     3.2     0.3     6.36 R    14.8    -3.7     4.1    95.6    56.2    76.2 -99.000 -99.000 -99.000 -99.000 -99.000 -9999.0 -9999.0 -9999.0 -9999.0 -9999.0
53877 20080225  1.303  -82.61   35.49    16.4     3.0     9.7     8.0     0.0    12.79 R    25.0     3.0     9.0    95.8    37.8    69.6 -99.000 -99.000 -99.000 -99.000 -99.000 -9999.0 -9999.0 -9999.0 -9999.0 -9999.0
53877 20080226  1.303  -82.61   35.49    16.6     0.5     8.6     6.6    16.8     8.88 R    24.0    -0.2     7.2    96.8    48.0    73.9 -99.000 -99.000 -99.000 -99.000 -99.000 -9999.0 -9999.0 -9999.0 -9999.0 -9999.0
53877 20080227  1.303  -82.61   35.49     0.6    -5.8    -2.6    -3.3     0.0    15.11 R    16.0    -5.5    -0.2    84.7    38.4    57.6 -99.000 -99.000 -99.000 -99.000 -99.000 -9999.0 -9999.0 -9999.0 -9999.0 -9999.0
53877 20080228  1.303  -82.61   35.49     3.4    -7.8    -2.2    -3.1     0.0    17.07 R    17.9    -9.1    -0.2    81.3    34.7    56.2 -99.000 -99.000 -99.000 -99.000 -99.000 -9999.0 -9999.0 -9999.0 -9999.0 -9999.0
53877 20080229  1.303  -82.61   35.49    10.2    -5.1     2.5     2.4     0.0     8.32 R    22.9    -4.5     4.0    89.8    35.1    63.4 -99.000 -99.000 -99.000 -99.000 -99.000 -9999.0 -9999.0 -9999.0 -9999.0 -9999.0
53877 20080301  1.303  -82.61   35.49    14.7    -2.2     6.2     5.3     0.0    17.57 R    26.8    -3.0     6.4    95.6    16.3    60.5 -99.000 -99.000 -99.000 -99.000 -99.000 -9999.0 -9999.0 -9999.0 -9999.0 -9999.0
53877 20080302  1.303  -82.61   35.49    17.5    -5.0     6.3     5.9     0.0    17.85 R    29.1    -5.0     6.4    86.6    20.3    51.2 -99.000 -99.000 -99.000 -99.000 -99.000 -9999.0 -9999.0 -9999.0 -9999.0 -9999.0
53877 20080303  1.303  -82.61   35.49    18.0    -2.5     7.8     9.5     0.0    15.02 R    28.7    -3.1     9.3    83.9    43.0    61.4 -99.000 -99.000 -99.000 -99.000 -99.000 -9999.0 -9999.0 -9999.0 -9999.0 -9999.0
53877 20080304  1.303  -82.61   35.49    16.5     5.2    10.9    13.1    56.8     1.39 R    16.3     4.1    11.6    96.2    67.8    86.3 -99.000 -99.000 -99.000 -99.000 -99.000 -9999.0 -9999.0 -9999.0 -9999.0 -9999.0
53877 20080305  1.303  -82.61   35.49     9.0    -1.8     3.6     3.2     0.0    13.80 R    21.2    -1.3     5.2    95.3    56.0    76.8 -99.000 -99.000 -99.000 -99.000 -99.000 -9999.0 -9999.0 -9999.0 -9999.0 -9999.0
53877 20080306  1.303  -82.61   35.49    18.0    -3.9     7.0     6.3     0.0    18.96 R    27.2    -3.7     7.5    95.3    34.3    67.3 -99.000 -99.000 -99.000 -99.000 -99.000 -9999.0 -9999.0 -9999.0 -9999.0 -9999.0
53877 20080307  1.303  -82.61   35.49    10.7     3.4     7.1     8.5    24.6     2.27 R    13.7     2.3     8.4    95.6    67.1    89.4 -99.000 -99.000 -99.000 -99.000 -99.000 -9999.0 -9999.0 -9999.0 -9999.0 -9999.0
53877 20080308  1.303  -82.61   35.49    12.8    -5.0     3.9     4.0     3.6    10.87 R    18.5    -4.5     5.3    94.8    39.6    61.7 -99.000 -99.000 -99.000 -99.000 -99.000 -9999.0 -9999.0 -9999.0 -9999.0 -9999.0
53877 20080309  1.303  -82.61   35.49     9.8    -5.0     2.4     0.4     0.0    19.62 R    20.9    -5.0     3.1    82.0    24.3    52.7 -99.000 -99.000 -99.000 -99.000 -99.000 -9999.0 -9999.0 -9999.0 -9999.0 -9999.0
53877 20080310  1.303  -82.61   35.49    16.0    -5.5     5.3     4.1     0.0    17.85 R    27.2    -4.9     6.2    91.1    25.5    63.6 -99.000 -99.000 -99.000 -99.000 -99.000 -9999.0 -9999.0 -9999.0 -9999.0 -9999.0
53877 20080311  1.303  -82.61   35.49    14.1    -2.9     5.6     4.4     0.0     9.70 R    23.9    -2.8     5.1    93.4    35.2    69.4 -99.000 -99.000 -99.000 -99.000 -99.000 -9999.0 -9999.0 -9999.0 -9999.0 -9999.0
53877 20080312  1.303  -82.61   35.49    17.7    -4.0     6.9     6.2     0.0    19.22 R    28.2    -4.4     6.9    93.2    22.1    57.7 -99.000 -99.000 -99.000 -99.000 -99.000 -9999.0 -9999.0 -9999.0 -9999.0 -9999.0
53877 20080313  1.303  -82.61   35.49    21.6    -2.2     9.7     9.2     0.0    16.29 R    30.9    -2.0     9.7    91.0    21.7    58.1 -99.000 -99.000 -99.000 -99.000 -99.000 -9999.0 -9999.0 -9999.0 -9999.0 -9999.0
53877 20080314  1.303  -82.61   35.49    18.2     0.6     9.4     9.0     0.3    10.09 R    29.1     0.5     9.4    95.8    38.2    74.0 -99.000 -99.000 -99.000 -99.000 -99.000 -9999.0 -9999.0 -9999.0 -9999.0 -9999.0
53877 20080315  1.303  -82.61   35.49    15.2     3.9     9.6     8.6    15.6     3.31 R    19.3     2.9     8.3    96.7    55.1    91.6 -99.000 -99.000 -99.000 -99.000 -99.000 -9999.0 -9999.0 -9999.0 -9999.0 -9999.0
53877 20080316  1.303  -82.61   35.49    11.9     0.3     6.1     7.2     0.0    17.22 R    25.2     0.1     8.6    91.5    45.4    67.5 -99.000 -99.000 -99.000 -99.000 -99.000 -9999.0 -9999.0 -9999.0 -9999.0 -9999.0
53877 20080317  1.303  -82.61   35.49    11.6    -2.8     4.4     5.2     0.0    15.15 R    21.6    -2.6     6.7    94.5    37.5    63.5 -99.000 -99.000 -99.000 -99.000 -99.000 -9999.0 -9999.0 -9999.0 -9999.0 -9999.0
53877 20080318  1.303  -82.61   35.49    12.0     3.6     7.8     7.1     0.4     3.29 R    12.5     2.0     7.4    92.9    43.6    69.9 -99.000 -99.000 -99.000 -99.000 -99.000 -9999.0 -9999.0 -9999.0 -9999.0 -9999.0
53877 20080319  1.303  -82.61   35.49    17.4     7.5    12.4    13.5    22.9     2.79 R    17.2     7.5    12.4    95.5    71.8    87.5 -99.000 -99.000 -99.000 -99.000 -99.000 -9999.0 -9999.0 -9999.0 -9999.0 -9999.0
53877 20080320  1.303  -82.61   35.49    11.1    -1.2     4.9     5.6     0.2    21.14 R    25.4    -1.0     7.9    83.0    25.5    54.1 -99.000 -99.000 -99.000 -99.000 -99.000 -9999.0 -9999.0 -9999.0 -9999.0 -9999.0
53877 20080321  1.303  -82.61   35.49    18.6    -4.1     7.3     7.5     0.0    21.07 R    29.3    -3.4     8.9    91.7    18.4    53.0 -99.000 -99.000 -99.000 -99.000 -99.000 -9999.0 -9999.0 -9999.0 -9999.0 -9999.0
53877 20080322  1.303  -82.61   35.49    21.4     0.0    10.7    10.1     0.0    20.35 R    31.1     0.2    10.8    87.3    12.7    48.8 -99.000 -99.000 -99.000 -99.000 -99.000 -9999.0 -9999.0 -9999.0 -9999.0 -9999.0
53877 20080323  1.303  -82.61   35.49    11.0    -0.3     5.4     4.3     0.0    20.71 R    25.7    -1.7     7.3    72.0    37.6    56.9 -99.000 -99.000 -99.000 -99.000 -99.000 -9999.0 -9999.0 -9999.0 -9999.0 -9999.0
53877 20080324  1.303  -82.61   35.49     5.9    -5.5     0.2     0.3     0.0    17.16 R    21.7    -5.2     3.1    85.6    32.8    59.1 -99.000 -99.000 -99.000 -99.000 -99.000 -9999.0 -9999.0 -9999.0 -9999.0 -9999.0
53877 20080325  1.303  -82.61   35.49    12.4    -7.0     2.7     2.9     0.0    22.06 R    27.2    -6.6     5.6    90.4    24.0    54.0 -99.000 -99.000 -99.000 -99.000 -99.000 -9999.0 -9999.0 -9999.0 -9999.0 -9999.0
53877 20080326  1.303  -82.61   35.49    20.2    -3.1     8.5     8.0     0.0    16.69 R    31.4    -2.9     9.2    82.1    27.7    53.8 -99.000 -99.000 -99.000 -99.000 -99.000 -9999.0 -9999.0 -9999.0 -9999.0 -9999.0
53877 20080327  1.303  -82.61   35.49    22.1     1.4    11.8    11.8     0.0    17.95 R    31.8     1.2    12.3    89.7    31.1    58.0 -99.000 -99.000 -99.000 -99.000 -99.000 -9999.0 -9999.0 -9999.0 -9999.0 -9999.0
53877 20080328  1.303  -82.61   35.49    22.5     3.6    13.1    13.2     0.0    13.37 R    33.5     3.2    13.0    90.3    43.2    66.6 -99.000 -99.000 -99.000 -99.000 -99.000 -9999.0 -9999.0 -9999.0 -9999.0 -9999.0
53877 20080329  1.303  -82.61   35.49    12.7     4.1     8.4     8.6    10.4     2.53 R    14.2     5.4     9.4    96.5    80.9    89.9 -99.000 -99.000 -99.000 -99.000 -99.000 -9999.0 -9999.0 -9999.0 -9999.0 -9999.0
53877 20080330  1.303  -82.61   35.49     6.7     2.3     4.5     4.1     0.2     5.95 R    15.0     3.7     6.6    92.6    66.7    81.6 -99.000 -99.000 -99.000 -99.000 -99.000 -9999.0 -9999.0 -9999.0 -9999.0 -9999.0
53877 20080331  1.303  -82.61   35.49    15.8     3.5     9.7     9.0     0.0     8.75 R    24.8     4.7    10.7    93.8    67.8    82.8 -99.000 -99.000 -99.000 -99.000 -99.000 -9999.0 -9999.0 -9999.0 -9999.0 -9999.0
53877 20080401  1.303  -82.61   35.49    26.4     9.7    18.0    17.0     0.4    20.63 R    35.6     9.0    17.6    94.4    24.2    68.4 -99.000 -99.000 -99.000 -99.000 -99.000 -9999.0 -9999.0 -9999.0 -9999.0 -9999.0
53877 20080402  1.303  -82.61   35.49    20.9    10.0    15.5    14.2     0.0    18.34 R    31.9    10.2    16.1    79.9    19.4    58.5 -99.000 -99.000 -99.000 -99.000 -99.000 -9999.0 -9999.0 -9999.0 -9999.0 -9999.0
53877 20080403  1.303  -82.61   35.49    12.3     5.6     9.0     7.9     2.3     3.39 R    15.0     6.7     9.3    92.3    54.0    79.3 -99.000 -99.000 -99.000 -99.000 -99.000 -9999.0 -9999.0 -9999.0 -9999.0 -9999.0
53877 20080404  1.303  -82.61   35.49    20.9     5.7    13.3    12.1     6.8     8.47 R    30.7     6.7    13.2    96.3    63.6    87.2 -99.000 -99.000 -99.000 -99.000 -99.000 -9999.0 -9999.0 -9999.0 -9999.0 -9999.0
53877 20080405  1.303  -82.61   35.49    15.2    10.5    12.8    12.3    26.9     3.52 R    19.4    10.6    13.1    96.5    85.2    94.2 -99.000 -99.000 -99.000 -99.000 -99.000 -9999.0 -9999.0 -9999.0 -9999.0 -9999.0
53877 20080406  1.303  -82.61   35.49    18.9     7.0    12.9    12.7     0.3    14.39 R    28.3     6.7    14.1    96.8    56.3    80.3 -99.000 -99.000 -99.000 -99.000 -99.000 -9999.0 -9999.0 -9999.0 -9999.0 -9999.0
53877 20080407  1.303  -82.61   35.49    19.5     8.6    14.1    12.9     0.0    21.14 R    32.1     9.7    15.9    90.1    52.6    73.4 -99.000 -99.000 -99.000 -99.000 -99.000 -9999.0 -9999.0 -9999.0 -9999.0 -9999.0
53877 20080408  1.303  -82.61   35.49    14.5     9.7    12.1    11.3     0.0    10.90 R    25.4     9.0    13.1    85.7    64.4    76.3 -99.000 -99.000 -99.000 -99.000 -99.000 -9999.0 -9999.0 -9999.0 -9999.0 -9999.0
53877 20080409  1.303  -82.61   35.49    23.3     4.2    13.8    14.3     0.0    21.70 R    35.0     4.2    16.0    93.3    34.0    63.2 -99.000 -99.000 -99.000 -99.000 -99.000 -9999.0 -9999.0 -9999.0 -9999.0 -9999.0
53877 20080410  1.303  -82.61   35.49    22.7     4.9    13.8    15.0     0.0    20.90 R    34.8     5.1    16.1    93.9    34.8    63.2 -99.000 -99.000 -99.000 -99.000 -99.000 -9999.0 -9999.0 -9999.0 -9999.0 -9999.0
53877 20080411  1.303  -82.61   35.49    24.1    13.8    18.9    19.2     2.5    16.96 R    36.2    12.1    19.8    94.8    50.1    64.5 -99.000 -99.000 -99.000 -99.000 -99.000 -9999.0 -9999.0 -9999.0 -9999.0 -9999.0
53877 20080412  1.303  -82.61   35.49    21.9     9.7    15.8    16.0     1.3    16.47 R    28.6     6.9    16.1    96.0    14.0    56.4 -99.000 -99.000 -99.000 -99.000 -99.000 -9999.0 -9999.0 -9999.0 -9999.0 -9999.0
53877 20080413  1.303  -82.61   35.49    10.8     2.4     6.6     7.0     0.0    15.83 R    27.5     2.1     9.4    75.6    33.9    51.0 -99.000 -99.000 -99.000 -99.000 -99.000 -9999.0 -9999.0 -9999.0 -9999.0 -9999.0
53877 20080414  1.303  -82.61   35.49     7.4     1.7     4.6     3.6     0.7     7.47 R    17.7     1.5     6.3    89.4    47.4    69.8 -99.000 -99.000 -99.000 -99.000 -99.000 -9999.0 -9999.0 -9999.0 -9999.0 -9999.0
53877 20080415  1.303  -82.61   35.49    13.6    -1.5     6.0     6.2     0.0    25.07 R    30.2    -1.1     9.6    79.5    22.5    50.8 -99.000 -99.000 -99.000 -99.000 -99.000 -9999.0 -9999.0 -9999.0 -9999.0 -9999.0
53877 20080416  1.303  -82.61   35.49    19.7    -4.3     7.7     8.2     0.0    25.86 R    34.6    -3.6    11.0    85.8    14.4    46.7 -99.000 -99.000 -99.000 -99.000 -99.000 -9999.0 -9999.0 -9999.0 -9999.0 -9999.0
53877 20080417  1.303  -82.61   35.49    23.9    -1.6    11.2    11.8     0.0    25.11 R    35.3    -1.0    13.5    88.0    15.1    49.1 -99.000 -99.000 -99.000 -99.000 -99.000 -9999.0 -9999.0 -9999.0 -9999.0 -9999.0
53877 20080418  1.303  -82.61   35.49    26.0     1.2    13.6    15.0     0.0    25.64 R    37.8     1.4    16.4    90.0    11.9    45.8 -99.000 -99.000 -99.000 -99.000 -99.000 -9999.0 -9999.0 -9999.0 -9999.0 -9999.0
53877 20080419  1.303  -82.61   35.49    18.8     6.0    12.4    14.1     3.4    19.19 R    34.6     5.8    16.5    96.0    39.0    73.5 -99.000 -99.000 -99.000 -99.000 -99.000 -9999.0 -9999.0 -9999.0 -9999.0 -9999.0
53877 20080420  1.303  -82.61   35.49    15.8     3.4     9.6     8.8     0.0    18.01 R    30.6     3.4    11.4    96.0    41.9    74.0 -99.000 -99.000 -99.000 -99.000 -99.000 -9999.0 -9999.0 -9999.0 -9999.0 -9999.0
53877 20080421  1.303  -82.61   35.49    19.6     2.9    11.2    11.5     0.0    21.44 R    34.2     3.0    13.8    90.5    41.4    67.0 -99.000 -99.000 -99.000 -99.000 -99.000 -9999.0 -9999.0 -9999.0 -9999.0 -9999.0
53877 20080422  1.303  -82.61   35.49    21.2     3.9    12.5    13.6     0.0    16.96 R    37.1     3.8    15.1    93.7    42.3    66.1 -99.000 -99.000 -99.000 -99.000 -99.000 -9999.0 -9999.0 -9999.0 -9999.0 -9999.0
53877 20080423  1.303  -82.61   35.49    23.7    10.6    17.1    16.9     0.0    22.14 R    37.9     9.2    19.2    85.0    40.4    63.3 -99.000 -99.000 -99.000 -99.000 -99.000 -9999.0 -9999.0 -9999.0 -9999.0 -9999.0
53877 20080424  1.303  -82.61   35.49    24.8     6.0    15.4    16.1     0.0    25.55 R    40.3     5.7    18.5    94.4    30.9    63.1 -99.000 -99.000 -99.000 -99.000 -99.000 -9999.0 -9999.0 -9999.0 -9999.0 -9999.0
53877 20080425  1.303  -82.61   35.49    25.0     7.1    16.1    16.0     0.0    13.62 R    39.0     6.9    17.1    93.3    36.4    69.7 -99.000 -99.000 -99.000 -99.000 -99.000 -9999.0 -9999.0 -9999.0 -9999.0 -9999.0
53877 20080426  1.303  -82.61   35.49    24.8     7.8    16.3    15.5     8.0    12.53 R    37.1     7.6    17.0    96.1    45.3    82.8 -99.000 -99.000 -99.000 -99.000 -99.000 -9999.0 -9999.0 -9999.0 -9999.0 -9999.0
53877 20080427  1.303  -82.61   35.49    18.7    10.5    14.6    14.8     5.5     7.92 R    27.8    10.8    16.3    96.2    68.0    89.4 -99.000 -99.000 -99.000 -99.000 -99.000 -9999.0 -9999.0 -9999.0 -9999.0 -9999.0
53877 20080428  1.303  -82.61   35.49    15.9     5.8    10.8    12.0    14.5     8.31 R    29.4     5.7    13.5    96.2    54.9    83.3 -99.000 -99.000 -99.000 -99.000 -99.000 -9999.0 -9999.0 -9999.0 -9999.0 -9999.0
53877 20080429  1.303  -82.61   35.49    12.0    -0.7     5.6     6.0     0.0    26.62 R    28.2     0.7    10.4    90.7    37.0    55.7 -99.000 -99.000 -99.000 -99.000 -99.000 -9999.0 -9999.0 -9999.0 -9999.0 -9999.0
53877 20080430  1.303  -82.61   35.49    20.4    -2.6     8.9     8.6     0.0    26.36 R    34.3    -1.2    12.6    93.3    27.4    62.7 -99.000 -99.000 -99.000 -99.000 -99.000 -9999.0 -9999.0 -9999.0 -9999.0 -9999.0
53877 20080501  1.303  -82.61   35.49    23.8     1.2    12.5    13.7     0.0    22.22 R    35.3     2.1    15.4    94.1    23.4    57.4 -99.000 -99.000 -99.000 -99.000 -99.000 -9999.0 -9999.0 -9999.0 -9999.0 -9999.0
53877 20080502  1.303  -82.61   35.49    24.4     9.8    17.1    18.0     0.0    25.05 R    38.4     8.8    19.8    87.5    37.1    57.4 -99.000 -99.000 -99.000 -99.000 -99.000 -9999.0 -9999.0 -9999.0 -9999.0 -9999.0
53877 20080503  1.303  -82.61   35.49    20.2     7.9    14.1    15.6     0.0     7.18 R    24.5     7.5    15.3    94.5    45.2    70.9 -99.000 -99.000 -99.000 -99.000 -99.000 -9999.0 -9999.0 -9999.0 -9999.0 -9999.0
53877 20080504  1.303  -82.61   35.49    23.3     7.4    15.4    15.1     0.0    25.61 R    38.1     6.8    18.1    95.0    30.5    61.1 -99.000 -99.000 -99.000 -99.000 -99.000 -9999.0 -9999.0 -9999.0 -9999.0 -9999.0
53877 20080505  1.303  -82.61   35.49    23.5     4.6    14.0    14.2     0.0    22.68 R    37.8     5.0    16.6    91.4    28.4    56.2 -99.000 -99.000 -99.000 -99.000 -99.000 -9999.0 -9999.0 -9999.0 -9999.0 -9999.0
53877 20080506  1.303  -82.61   35.49    24.3     2.4    13.4    13.8     0.0    27.21 R    40.7     2.7    17.1    92.6    20.4    53.5 -99.000 -99.000 -99.000 -99.000 -99.000 -9999.0 -9999.0 -9999.0 -9999.0 -9999.0
53877 20080507  1.303  -82.61   35.49    24.9     7.3    16.1    17.3     0.0    20.87 R    40.7     7.0    19.7    87.0    29.8    56.2 -99.000 -99.000 -99.000 -99.000 -99.000 -9999.0 -9999.0 -9999.0 -9999.0 -9999.0
53877 20080508  1.303  -82.61   35.49    25.5    15.1    20.3    19.4     3.6    16.61 R    40.5    14.3    21.0    95.4    36.7    66.0 -99.000 -99.000 -99.000 -99.000 -99.000 -9999.0 -9999.0 -9999.0 -9999.0 -9999.0
53877 20080509  1.303  -82.61   35.49    26.1    12.0    19.0    18.3     2.6    20.41 R    41.3    10.9    20.6    95.9    39.3    72.8 -99.000 -99.000 -99.000 -99.000 -99.000 -9999.0 -9999.0 -9999.0 -9999.0 -9999.0
53877 20080510  1.303  -82.61   35.49    23.2    11.8    17.5    17.0     0.6    24.95 R    38.8    11.6    20.4    96.2    43.0    74.2 -99.000 -99.000 -99.000 -99.000 -99.000 -9999.0 -9999.0 -9999.0 -9999.0 -9999.0
53877 20080511  1.303  -82.61   35.49    21.4    10.2    15.8    13.9     3.7    14.54 R    36.4     9.3    15.9    94.1    34.1    68.4 -99.000 -99.000 -99.000 -99.000 -99.000 -9999.0 -9999.0 -9999.0 -9999.0 -9999.0
53877 20080512  1.303  -82.61   35.49    16.8     9.8    13.3    12.9     0.0    23.28 R    37.1     8.1    15.7    71.6    39.4    52.5 -99.000 -99.000 -99.000 -99.000 -99.000 -9999.0 -9999.0 -9999.0 -9999.0 -9999.0
53877 20080513  1.303  -82.61   35.49    22.4     2.8    12.6    13.7     0.0    26.63 R    39.9     2.6    17.4    92.5    27.0    57.9 -99.000 -99.000 -99.000 -99.000 -99.000 -9999.0 -9999.0 -9999.0 -9999.0 -9999.0
53877 20080514  1.303  -82.61   35.49    19.6     7.8    13.7    14.0     0.6    12.76 R    37.3     7.7    16.4    91.8    49.6    74.8 -99.000 -99.000 -99.000 -99.000 -99.000 -9999.0 -9999.0 -9999.0 -9999.0 -9999.0
53877 20080515  1.303  -82.61   35.49    19.2    12.0    15.6    15.1     2.4     4.57 R    26.8    12.7    16.2    94.9    65.6    88.2 -99.000 -99.000 -99.000 -99.000 -99.000 -9999.0 -9999.0 -9999.0 -9999.0 -9999.0
53877 20080516  1.303  -82.61   35.49    21.6    10.5    16.0    15.3     0.8    18.06 R    36.8     9.8    18.5    97.4    55.9    79.5 -99.000 -99.000 -99.000 -99.000 -99.000 -9999.0 -9999.0 -9999.0 -9999.0 -9999.0
53877 20080517  1.303  -82.61   35.49    22.1     6.0    14.1    13.8     0.0    27.92 R    41.1     5.7    18.1    89.6    24.4    58.1 -99.000 -99.000 -99.000 -99.000 -99.000 -9999.0 -9999.0 -9999.0 -9999.0 -9999.0
53877 20080518  1.303  -82.61   35.49    21.3     5.4    13.3    12.6     1.8     9.63 R    36.1     5.7    14.6    95.0    48.0    81.6 -99.000 -99.000 -99.000 -99.000 -99.000 -9999.0 -9999.0 -9999.0 -9999.0 -9999.0
53877 20080519  1.303  -82.61   35.49    23.0     3.8    13.4    14.2     0.0    27.37 R    41.5     3.7    17.9    95.1    22.1    60.7 -99.000 -99.000 -99.000 -99.000 -99.000 -9999.0 -9999.0 -9999.0 -9999.0 -9999.0
53877 20080520  1.303  -82.61   35.49    27.7     8.4    18.0    17.7     0.5    15.85 R    46.0     8.5    19.7    89.0    33.4    64.6 -99.000 -99.000 -99.000 -99.000 -99.000 -9999.0 -9999.0 -9999.0 -9999.0 -9999.0
53877 20080521  1.303  -82.61   35.49    21.4     6.0    13.7    13.6     0.0    27.21 R    41.8     5.5    17.8    93.6    28.3    59.4 -99.000 -99.000 -99.000 -99.000 -99.000 -9999.0 -9999.0 -9999.0 -9999.0 -9999.0
53877 20080522  1.303  -82.61   35.49    24.9     2.6    13.8    14.1     0.0    27.77 R    46.4     2.8    18.9    93.8    22.2    57.8 -99.000 -99.000 -99.000 -99.000 -99.000 -9999.0 -9999.0 -9999.0 -9999.0 -9999.0
53877 20080523  1.303  -82.61   35.49    27.0     7.7    17.4    17.7     0.0    20.52 R    44.5     8.0    21.5    93.4    36.6    64.7 -99.000 -99.000 -99.000 -99.000 -99.000 -9999.0 -9999.0 -9999.0 -9999.0 -9999.0
53877 20080524  1.303  -82.61   35.49    24.6     9.3    17.0    17.1     0.0    23.46 R    46.7     8.4    20.8    94.4    34.2    69.0 -99.000 -99.000 -99.000 -99.000 -99.000 -9999.0 -9999.0 -9999.0 -9999.0 -9999.0
53877 20080525  1.303  -82.61   35.49    25.8     6.6    16.2    16.7     0.0    26.71 R    50.2     6.5    22.1    93.5    44.9    70.6 -99.000 -99.000 -99.000 -99.000 -99.000 -9999.0 -9999.0 -9999.0 -9999.0 -9999.0
53877 20080526  1.303  -82.61   35.49    27.3     9.0    18.1    18.8     0.7    24.25 R    50.3     8.3    24.0    95.2    44.0    73.4 -99.000 -99.000 -99.000 -99.000 -99.000 -9999.0 -9999.0 -9999.0 -9999.0 -9999.0
53877 20080527  1.303  -82.61   35.49    27.6    12.0    19.8    19.6     0.7    18.37 R    49.4    11.8    23.2    95.8    51.4    79.4 -99.000 -99.000 -99.000 -99.000 -99.000 -9999.0 -9999.0 -9999.0 -9999.0 -9999.0
53877 20080528  1.303  -82.61   35.49    20.6    12.0    16.3    17.1     8.2     5.33 R    26.1    13.7    18.9    95.3    78.7    89.4 -99.000 -99.000 -99.000 -99.000 -99.000 -9999.0 -9999.0 -9999.0 -9999.0 -9999.0
53877 20080529  1.303  -82.61   35.49    25.6    11.7    18.6    17.2     0.0    20.45 R    45.1    13.2    22.0    94.1    56.4    79.6 -99.000 -99.000 -99.000 -99.000 -99.000 -9999.0 -9999.0 -9999.0 -9999.0 -9999.0
53877 20080530  1.303  -82.61   35.49    27.9    12.7    20.3    20.3     0.0    21.42 R    46.9    12.7    24.7    96.1    47.9    77.3 -99.000 -99.000 -99.000 -99.000 -99.000 -9999.0 -9999.0 -9999.0 -9999.0 -9999.0
53877 20080531  1.303  -82.61   35.49    30.3    15.9    23.1    22.5     0.0    26.51 R    51.0    15.7    27.1    94.2    33.8    67.1 -99.000 -99.000 -99.000 -99.000 -99.000 -9999.0 -9999.0 -9999.0 -9999.0 -9999.0
53877 20080601  1.303  -82.61   35.49    25.6    13.5    19.6    18.9     1.6    12.64 R    40.4    13.6    21.3    95.0    49.0    79.9 -99.000 -99.000 -99.000 -99.000 -99.000 -9999.0 -9999.0 -9999.0 -9999.0 -9999.0
53877 20080602  1.303  -82.61   35.49    28.0    12.1    20.0    19.0     0.0    24.57 R    51.9    11.7    24.6    95.6    28.7    74.0 -99.000 -99.000 -99.000 -99.000 -99.000 -9999.0 -9999.0 -9999.0 -9999.0 -9999.0
53877 20080603  1.303  -82.61   35.49    28.3    10.6    19.5    20.3     0.0    17.50 R    47.5    10.7    24.0    93.9    54.4    73.6 -99.000 -99.000 -99.000 -99.000 -99.000 -9999.0 -9999.0 -9999.0 -9999.0 -9999.0
53877 20080604  1.303  -82.61   35.49    33.2    14.6    23.9    23.7     0.0    24.76 R    59.0    13.5    28.4    93.9    27.0    64.9 -99.000 -99.000 -99.000 -99.000 -99.000 -9999.0 -9999.0 -9999.0 -9999.0 -9999.0
53877 20080605  1.303  -82.61   35.49    32.3    13.7    23.0    23.0     0.0    24.12 R    56.4    13.3    28.1    93.1    42.6    67.8 -99.000 -99.000 -99.000 -99.000 -99.000 -9999.0 -9999.0 -9999.0 -9999.0 -9999.0
53877 20080606  1.303  -82.61   35.49    32.9    13.7    23.3    23.3     0.0    24.72 R    59.7    13.2    28.7    93.6    35.6    67.7 -99.000 -99.000 -99.000 -99.000 -99.000 -9999.0 -9999.0 -9999.0 -9999.0 -9999.0
53877 20080607  1.303  -82.61   35.49    32.6    15.8    24.2    22.6     0.2    19.13 R    59.0    15.2    27.5    94.2    42.2    78.2 -99.000 -99.000 -99.000 -99.000 -99.000 -9999.0 -9999.0 -9999.0 -9999.0 -9999.0
53877 20080608  1.303  -82.61   35.49    33.5    14.8    24.2    24.0     0.0    26.24 R    57.7    14.4    30.4    95.6    38.3    69.9 -99.000 -99.000 -99.000 -99.000 -99.000 -9999.0 -9999.0 -9999.0 -9999.0 -9999.0
53877 20080609  1.303  -82.61   35.49    33.6    15.4    24.5    24.0     0.0    23.99 R    60.6    14.8    29.6    93.3    30.4    67.0 -99.000 -99.000 -99.000 -99.000 -99.000 -9999.0 -9999.0 -9999.0 -9999.0 -9999.0
53877 20080610  1.303  -82.61   35.49    31.2    15.8    23.5    20.8    82.0    16.75 R    59.5    15.4    25.4    95.8    41.3    82.3 -99.000 -99.000 -99.000 -99.000 -99.000 -9999.0 -9999.0 -9999.0 -9999.0 -9999.0
53877 20080611  1.303  -82.61   35.49    29.7    15.3    22.5    21.5     0.0    22.84 R    49.7    16.1    26.2    95.8    47.8    81.1 -99.000 -99.000 -99.000 -99.000 -99.000 -9999.0 -9999.0 -9999.0 -9999.0 -9999.0
53877 20080612  1.303  -82.61   35.49    28.7    16.3    22.5    22.5     0.5    26.97 R    52.6    16.8    28.2    94.2    45.6    70.4 -99.000 -99.000 -99.000 -99.000 -99.000 -9999.0 -9999.0 -9999.0 -9999.0 -9999.0
53877 20080613  1.303  -82.61   35.49    29.0    16.0    22.5    22.1     0.0    26.12 R    50.4    16.6    27.5    94.5    42.6    71.9 -99.000 -99.000 -99.000 -99.000 -99.000 -9999.0 -9999.0 -9999.0 -9999.0 -9999.0
53877 20080614  1.303  -82.61   35.49    26.5    14.0    20.3    18.5    57.1    10.45 R    45.8    15.1    21.1    95.6    59.2    90.3 -99.000 -99.000 -99.000 -99.000 -99.000 -9999.0 -9999.0 -9999.0 -9999.0 -9999.0
53877 20080615  1.303  -82.61   35.49    27.4    13.7    20.5    19.9     0.0    26.94 R    45.9    15.2    24.8    95.6    41.3    77.0 -99.000 -99.000 -99.000 -99.000 -99.000 -9999.0 -9999.0 -9999.0 -9999.0 -9999.0
53877 20080616  1.303  -82.61   35.49    29.6    10.9    20.3    20.0     0.0    25.16 R    49.8    12.5    25.3    94.6    36.1    74.3 -99.000 -99.000 -99.000 -99.000 -99.000 -9999.0 -9999.0 -9999.0 -9999.0 -9999.0
53877 20080617  1.303  -82.61   35.49    27.6    14.6    21.1    20.6     1.2    28.64 R    47.8    13.8    25.1    95.3    26.8    58.9 -99.000 -99.000 -99.000 -99.000 -99.000 -9999.0 -9999.0 -9999.0 -9999.0 -9999.0
53877 20080618  1.303  -82.61   35.49    23.8     8.8    16.3    16.8     0.0    29.56 R    48.1    10.1    22.6    90.7    32.5    59.0 -99.000 -99.000 -99.000 -99.000 -99.000 -9999.0 -9999.0 -9999.0 -9999.0 -9999.0
53877 20080619  1.303  -82.61   35.49    25.5     8.6    17.1    16.8     0.0    25.33 R    45.9    10.3    22.3    92.4    28.1    64.0 -99.000 -99.000 -99.000 -99.000 -99.000 -9999.0 -9999.0 -9999.0 -9999.0 -9999.0
53877 20080620  1.303  -82.61   35.49    24.7     8.2    16.4    16.9     0.0    16.08 R    42.0     9.7    20.9    93.5    42.0    75.4 -99.000 -99.000 -99.000 -99.000 -99.000 -9999.0 -9999.0 -9999.0 -9999.0 -9999.0
53877 20080621  1.303  -82.61   35.49    25.6    13.5    19.5    18.7     1.1    19.48 R    44.0    14.3    23.0    94.0    43.8    76.8 -99.000 -99.000 -99.000 -99.000 -99.000 -9999.0 -9999.0 -9999.0 -9999.0 -9999.0
53877 20080622  1.303  -82.61   35.49    26.7    13.4    20.0    19.2     0.4    20.05 R    49.6    14.1    23.4    94.9    48.8    80.8 -99.000 -99.000 -99.000 -99.000 -99.000 -9999.0 -9999.0 -9999.0 -9999.0 -9999.0
53877 20080623  1.303  -82.61   35.49    27.9    12.1    20.0    19.1     0.2    25.12 R    49.3    12.9    24.1    94.1    35.1    73.0 -99.000 -99.000 -99.000 -99.000 -99.000 -9999.0 -9999.0 -9999.0 -9999.0 -9999.0
53877 20080624  1.303  -82.61   35.49    28.2     9.9    19.1    18.8     0.0    28.16 R    48.6    10.9    24.0    93.5    30.2    65.4 -99.000 -99.000 -99.000 -99.000 -99.000 -9999.0 -9999.0 -9999.0 -9999.0 -9999.0
53877 20080625  1.303  -82.61   35.49    29.0     9.1    19.0    19.0     0.0    26.47 R    50.0    10.2    24.1    92.6    30.4    67.4 -99.000 -99.000 -99.000 -99.000 -99.000 -9999.0 -9999.0 -9999.0 -9999.0 -9999.0
53877 20080626  1.303  -82.61   35.49    29.2    10.4    19.8    18.5     4.4    18.63 R    47.6    11.5    22.6    94.9    47.2    81.4 -99.000 -99.000 -99.000 -99.000 -99.000 -9999.0 -9999.0 -9999.0 -9999.0 -9999.0
53877 20080627  1.303  -82.61   35.49    28.6    13.7    21.1    19.9    12.8    19.13 R    46.2    14.4    23.7    95.6    50.1    84.1 -99.000 -99.000 -99.000 -99.000 -99.000 -9999.0 -9999.0 -9999.0 -9999.0 -9999.0
53877 20080628  1.303  -82.61   35.49    29.9    14.3    22.1    21.2     2.1    21.84 R    47.3    15.2    25.2   100.0    45.8    81.5 -99.000 -99.000 -99.000 -99.000 -99.000 -9999.0 -9999.0 -9999.0 -9999.0 -9999.0
53877 20080629  1.303  -82.61   35.49    28.4    15.8    22.1    21.0     0.4    19.64 R    43.4    16.9    24.6    95.4    51.2    82.2 -99.000 -99.000 -99.000 -99.000 -99.000 -9999.0 -9999.0 -9999.0 -9999.0 -9999.0
53877 20080630  1.303  -82.61   35.49    25.0    12.4    18.7    17.9     3.9    15.33 R    43.9    13.3    21.2    94.9    43.7    79.5 -99.000 -99.000 -99.000 -99.000 -99.000 -9999.0 -9999.0 -9999.0 -9999.0 -9999.0
53877 20080701  1.303  -82.61   35.49    24.0     8.5    16.3    16.1     0.0    28.39 R    43.0     9.9    20.5    95.2    33.4    68.3 -99.000 -99.000 -99.000 -99.000 -99.000 -9999.0 -9999.0 -9999.0 -9999.0 -9999.0
53877 20080702  1.303  -82.61   35.49    26.6     6.5    16.5    16.5     0.0    26.66 R    45.3     8.2    21.2    93.8    33.2    68.8 -99.000 -99.000 -99.000 -99.000 -99.000 -9999.0 -9999.0 -9999.0 -9999.0 -9999.0
53877 20080703  1.303  -82.61   35.49    28.0     8.0    18.0    17.8     0.0    22.26 R    45.8     9.4    21.8    93.5    33.4    72.4 -99.000 -99.000 -99.000 -99.000 -99.000 -9999.0 -9999.0 -9999.0 -9999.0 -9999.0
53877 20080704  1.303  -82.61   35.49    28.3    13.5    20.9    19.4     0.0    16.35 R    44.7    14.3    23.0    93.7    46.9    79.9 -99.000 -99.000 -99.000 -99.000 -99.000 -9999.0 -9999.0 -9999.0 -9999.0 -9999.0
53877 20080705  1.303  -82.61   35.49    27.0    15.5    21.3    20.0     0.0    13.79 R    45.5    15.8    22.9    94.2    52.9    83.2 -99.000 -99.000 -99.000 -99.000 -99.000 -9999.0 -9999.0 -9999.0 -9999.0 -9999.0
53877 20080706  1.303  -82.61   35.49    26.2    16.3    21.2    19.4    11.1    16.79 R    41.3    16.7    22.7    95.4    53.1    87.1 -99.000 -99.000 -99.000 -99.000 -99.000 -9999.0 -9999.0 -9999.0 -9999.0 -9999.0
53877 20080707  1.303  -82.61   35.49    29.0    15.8    22.4    21.4     0.0    23.98 R    48.1    16.3    25.7   100.0    42.1    78.6 -99.000 -99.000 -99.000 -99.000 -99.000 -9999.0 -9999.0 -9999.0 -9999.0 -9999.0
53877 20080708  1.303  -82.61   35.49    27.0    16.8    21.9    20.3     2.8    13.16 R    43.5    17.8    23.0    95.2    62.4    87.9 -99.000 -99.000 -99.000 -99.000 -99.000 -9999.0 -9999.0 -9999.0 -9999.0 -9999.0
53877 20080709  1.303  -82.61   35.49    28.2    17.5    22.9    20.7     7.3    14.67 R    45.7    18.1    23.5    95.4    57.3    87.6 -99.000 -99.000 -99.000 -99.000 -99.000 -9999.0 -9999.0 -9999.0 -9999.0 -9999.0
53877 20080710  1.303  -82.61   35.49    24.4    16.9    20.6    20.4     5.6    11.21 R    33.5    17.5    22.7    95.8    75.7    91.7 -99.000 -99.000 -99.000 -99.000 -99.000 -9999.0 -9999.0 -9999.0 -9999.0 -9999.0
53877 20080711  1.303  -82.61   35.49    27.9    16.4    22.2    22.2     0.0    26.06 R    45.5    17.5    26.0    95.5    43.5    77.0 -99.000 -99.000 -99.000 -99.000 -99.000 -9999.0 -9999.0 -9999.0 -9999.0 -9999.0
53877 20080712  1.303  -82.61   35.49    30.7    14.0    22.3    21.9     0.0    26.83 R    48.5    15.0    26.2    94.5    34.1    73.3 -99.000 -99.000 -99.000 -99.000 -99.000 -9999.0 -9999.0 -9999.0 -9999.0 -9999.0
53877 20080713  1.303  -82.61   35.49    27.4    15.1    21.2    21.3     0.0    14.22 R    42.2    16.2    24.2    94.3    60.8    81.9 -99.000 -99.000 -99.000 -99.000 -99.000 -9999.0 -9999.0 -9999.0 -9999.0 -9999.0
53877 20080714  1.303  -82.61   35.49    27.3    13.9    20.6    21.3     0.0    27.57 R    46.8    14.7    25.2    93.3    30.5    65.9 -99.000 -99.000 -99.000 -99.000 -99.000 -9999.0 -9999.0 -9999.0 -9999.0 -9999.0
53877 20080715  1.303  -82.61   35.49    27.7    12.6    20.2    19.8     0.0    24.77 R    49.3    13.7    24.5    93.6    36.4    67.9 -99.000 -99.000 -99.000 -99.000 -99.000 -9999.0 -9999.0 -9999.0 -9999.0 -9999.0
53877 20080716  1.303  -82.61   35.49    27.6    11.6    19.6    19.9     0.0    22.41 R    47.4    12.8    24.3    93.2    44.3    71.6 -99.000 -99.000 -99.000 -99.000 -99.000 -9999.0 -9999.0 -9999.0 -9999.0 -9999.0
53877 20080717  1.303  -82.61   35.49    28.1    12.3    20.2    20.2     0.0    26.04 R    50.0    12.8    24.6    93.9    34.2    67.5 -99.000 -99.000 -99.000 -99.000 -99.000 -9999.0 -9999.0 -9999.0 -9999.0 -9999.0
53877 20080718  1.303  -82.61   35.49    29.7    10.6    20.1    20.4     0.0    27.55 R    52.7    11.5    25.6    93.4    33.0    68.5 -99.000 -99.000 -99.000 -99.000 -99.000 -9999.0 -9999.0 -9999.0 -9999.0 -9999.0
53877 20080719  1.303  -82.61   35.49    30.5    13.3    21.9    21.2     0.0    22.45 R    50.1    14.0    25.1    93.5    31.0    69.2 -99.000 -99.000 -99.000 -99.000 -99.000 -9999.0 -9999.0 -9999.0 -9999.0 -9999.0
53877 20080720  1.303  -82.61   35.49    30.6    12.6    21.6    21.8     0.0    22.12 R    50.4    13.4    25.5    93.3    40.4    69.7 -99.000 -99.000 -99.000 -99.000 -99.000 -9999.0 -9999.0 -9999.0 -9999.0 -9999.0
53877 20080721  1.303  -82.61   35.49    33.0    17.6    25.3    24.7     0.0    20.73 R    47.6    17.4    27.5    91.4    36.1    65.0 -99.000 -99.000 -99.000 -99.000 -99.000 -9999.0 -9999.0 -9999.0 -9999.0 -9999.0
53877 20080722  1.303  -82.61   35.49    32.9    14.5    23.7    22.7     0.0    18.85 R    52.4    14.7    26.0    93.1    30.5    67.7 -99.000 -99.000 -99.000 -99.000 -99.000 -9999.0 -9999.0 -9999.0 -9999.0 -9999.0
53877 20080723  1.303  -82.61   35.49    29.3    15.6    22.5    21.5     0.0    18.82 R    51.4    14.9    24.6    92.7    41.4    69.4 -99.000 -99.000 -99.000 -99.000 -99.000 -9999.0 -9999.0 -9999.0 -9999.0 -9999.0
53877 20080724  1.303  -82.61   35.49    28.7    11.5    20.1    19.8     0.0    25.56 R    52.4    11.5    24.8    93.6    30.8    64.1 -99.000 -99.000 -99.000 -99.000 -99.000 -9999.0 -9999.0 -9999.0 -9999.0 -9999.0
53877 20080725  1.303  -82.61   35.49    26.7    15.3    21.0    20.4     0.0    11.49 R    41.4    16.3    23.1    83.3    45.9    69.2 -99.000 -99.000 -99.000 -99.000 -99.000 -9999.0 -9999.0 -9999.0 -9999.0 -9999.0
53877 20080726  1.303  -82.61   35.49    27.4    17.1    22.3    20.9     3.0    13.82 R    46.5    16.9    23.5    94.6    57.3    85.2 -99.000 -99.000 -99.000 -99.000 -99.000 -9999.0 -9999.0 -9999.0 -9999.0 -9999.0
53877 20080727  1.303  -82.61   35.49    31.7    15.7    23.7    22.7     0.0    23.25 R    52.7    15.8    26.4    94.9    33.7    71.2 -99.000 -99.000 -99.000 -99.000 -99.000 -9999.0 -9999.0 -9999.0 -9999.0 -9999.0
53877 20080728  1.303  -82.61   35.49    31.6    14.0    22.8    21.9     1.3    23.62 R    53.1    14.1    27.0    94.8    37.0    73.4 -99.000 -99.000 -99.000 -99.000 -99.000 -9999.0 -9999.0 -9999.0 -9999.0 -9999.0
53877 20080729  1.303  -82.61   35.49    30.0    17.3    23.6    22.0    12.7    16.82 R    51.8    17.8    25.7    95.6    50.8    87.4 -99.000 -99.000 -99.000 -99.000 -99.000 -9999.0 -9999.0 -9999.0 -9999.0 -9999.0
53877 20080730  1.303  -82.61   35.49    31.2    17.4    24.3    23.5     0.0    21.11 R    47.7    18.0    27.0    95.6    42.1    77.8 -99.000 -99.000 -99.000 -99.000 -99.000 -9999.0 -9999.0 -9999.0 -9999.0 -9999.0
53877 20080731  1.303  -82.61   35.49    28.8    17.1    23.0    23.0     0.0    17.82 R    47.8    17.6    26.4    94.5    54.9    79.9 -99.000 -99.000 -99.000 -99.000 -99.000 -9999.0 -9999.0 -9999.0 -9999.0 -9999.0
53877 20080801  1.303  -82.61   35.49    30.3    17.0    23.7    23.3     0.0    24.50 R    50.6    17.4    27.1    94.9    38.1    70.7 -99.000 -99.000 -99.000 -99.000 -99.000 -9999.0 -9999.0 -9999.0 -9999.0 -9999.0
53877 20080802  1.303  -82.61   35.49    32.9    14.4    23.6    22.5     0.0    20.33 R    52.1    14.7    26.1    94.1    35.4    72.6 -99.000 -99.000 -99.000 -99.000 -99.000 -9999.0 -9999.0 -9999.0 -9999.0 -9999.0
53877 20080803  1.303  -82.61   35.49    31.1    14.9    23.0    22.2     0.0    22.95 R    53.1    15.0    26.4    94.2    31.0    68.2 -99.000 -99.000 -99.000 -99.000 -99.000 -9999.0 -9999.0 -9999.0 -9999.0 -9999.0
53877 20080804  1.303  -82.61   35.49    33.1    14.5    23.8    22.5     0.0    23.50 R    53.5    14.8    27.2    92.6    31.7    66.3 -99.000 -99.000 -99.000 -99.000 -99.000 -9999.0 -9999.0 -9999.0 -9999.0 -9999.0
53877 20080805  1.303  -82.61   35.49    33.3    14.6    23.9    23.5     0.0    22.07 R    52.6    14.6    27.7    93.3    36.4    69.2 -99.000 -99.000 -99.000 -99.000 -99.000 -9999.0 -9999.0 -9999.0 -9999.0 -9999.0
53877 20080806  1.303  -82.61   35.49    33.7    18.4    26.1    25.4     0.0    23.45 R    57.7    18.3    29.7    93.0    28.9    62.8 -99.000 -99.000 -99.000 -99.000 -99.000 -9999.0 -9999.0 -9999.0 -9999.0 -9999.0
53877 20080807  1.303  -82.61   35.49    29.9    18.1    24.0    22.9     0.0    14.46 R    54.0    18.0    26.0    88.6    46.4    69.0 -99.000 -99.000 -99.000 -99.000 -99.000 -9999.0 -9999.0 -9999.0 -9999.0 -9999.0
53877 20080808  1.303  -82.61   35.49    27.1    12.5    19.8    20.1     0.0    23.89 R    56.7    12.4    25.1    93.4    30.6    61.5 -99.000 -99.000 -99.000 -99.000 -99.000 -9999.0 -9999.0 -9999.0 -9999.0 -9999.0
53877 20080809  1.303  -82.61   35.49    28.1     9.1    18.6    18.4     1.6    19.19 R    57.9     9.4    23.9    95.1    36.8    71.0 -99.000 -99.000 -99.000 -99.000 -99.000 -9999.0 -9999.0 -9999.0 -9999.0 -9999.0
53877 20080810  1.303  -82.61   35.49    27.8    13.0    20.4    19.5     0.0    20.77 R    54.1    13.4    24.0    95.1    36.2    69.5 -99.000 -99.000 -99.000 -99.000 -99.000 -9999.0 -9999.0 -9999.0 -9999.0 -9999.0
53877 20080811  1.303  -82.61   35.49    27.6    11.3    19.5    18.9     0.0    24.89 R    55.0    10.8    24.3    94.1    29.2    62.6 -99.000 -99.000 -99.000 -99.000 -99.000 -9999.0 -9999.0 -9999.0 -9999.0 -9999.0
53877 20080812  1.303  -82.61   35.49    26.6     9.0    17.8    18.4     0.0    19.31 R    53.0     9.5    23.9    92.6    42.1    67.0 -99.000 -99.000 -99.000 -99.000 -99.000 -9999.0 -9999.0 -9999.0 -9999.0 -9999.0
53877 20080813  1.303  -82.61   35.49    25.2    16.3    20.7    19.8     3.2    15.55 R    49.2    17.6    23.6    95.0    53.3    78.4 -99.000 -99.000 -99.000 -99.000 -99.000 -9999.0 -9999.0 -9999.0 -9999.0 -9999.0
53877 20080814  1.303  -82.61   35.49    28.6    15.0    21.8    20.5     0.0    18.83 R    54.3    14.8    25.4    94.2    33.4    72.8 -99.000 -99.000 -99.000 -99.000 -99.000 -9999.0 -9999.0 -9999.0 -9999.0 -9999.0
53877 20080815  1.303  -82.61   35.49    28.7    12.5    20.6    19.3     0.5    16.36 R    52.6    12.8    23.4    93.8    37.2    77.0 -99.000 -99.000 -99.000 -99.000 -99.000 -9999.0 -9999.0 -9999.0 -9999.0 -9999.0
53877 20080816  1.303  -82.61   35.49    27.7    13.9    20.8    19.1     0.0    14.71 R    54.2    14.3    23.4    94.1    37.9    78.1 -99.000 -99.000 -99.000 -99.000 -99.000 -9999.0 -9999.0 -9999.0 -9999.0 -9999.0
53877 20080817  1.303  -82.61   35.49    27.9    14.7    21.3    20.8     0.0    22.21 R    57.3    15.0    26.7    94.4    43.9    70.5 -99.000 -99.000 -99.000 -99.000 -99.000 -9999.0 -9999.0 -9999.0 -9999.0 -9999.0
53877 20080818  1.303  -82.61   35.49    30.2    13.5    21.8    21.2     0.0    21.18 R    57.6    13.3    26.9    93.4    32.5    70.7 -99.000 -99.000 -99.000 -99.000 -99.000 -9999.0 -9999.0 -9999.0 -9999.0 -9999.0
53877 20080819  1.303  -82.61   35.49    31.5    13.6    22.5    22.0     0.0    22.21 R    56.9    13.5    27.6    93.8    26.2    65.9 -99.000 -99.000 -99.000 -99.000 -99.000 -9999.0 -9999.0 -9999.0 -9999.0 -9999.0
53877 20080820  1.303  -82.61   35.49    29.5    13.3    21.4    21.1     0.0    15.20 R    54.4    13.1    24.5    93.4    31.8    67.5 -99.000 -99.000 -99.000 -99.000 -99.000 -9999.0 -9999.0 -9999.0 -9999.0 -9999.0
53877 20080821  1.303  -82.61   35.49    28.3    13.3    20.8    20.7     0.0    18.81 R    56.1    13.0    25.3    94.2    40.3    68.6 -99.000 -99.000 -99.000 -99.000 -99.000 -9999.0 -9999.0 -9999.0 -9999.0 -9999.0
53877 20080822  1.303  -82.61   35.49    27.5    18.3    22.9    22.4     0.0    19.56 R    54.8    17.2    28.0    84.3    38.2    60.5 -99.000 -99.000 -99.000 -99.000 -99.000 -9999.0 -9999.0 -9999.0 -9999.0 -9999.0
53877 20080823  1.303  -82.61   35.49    27.3    15.4    21.4    21.7     0.0    19.45 R    55.5    15.1    27.0    89.8    38.6    64.5 -99.000 -99.000 -99.000 -99.000 -99.000 -9999.0 -9999.0 -9999.0 -9999.0 -9999.0
53877 20080824  1.303  -82.61   35.49    28.7    14.7    21.7    21.6     0.0    16.65 R    55.6    14.5    26.6    91.7    43.6    68.8 -99.000 -99.000 -99.000 -99.000 -99.000 -9999.0 -9999.0 -9999.0 -9999.0 -9999.0
53877 20080825  1.303  -82.61   35.49    23.9    18.0    21.0    20.2    24.8     6.66 R    38.4    18.3    22.0    95.6    72.7    89.0 -99.000 -99.000 -99.000 -99.000 -99.000 -9999.0 -9999.0 -9999.0 -9999.0 -9999.0
53877 20080826  1.303  -82.61   35.49    20.3    19.3    19.8    19.8   105.8     1.78 R    22.0    19.5    20.4    95.4    88.6    93.4 -99.000 -99.000 -99.000 -99.000 -99.000 -9999.0 -9999.0 -9999.0 -9999.0 -9999.0
53877 20080827  1.303  -82.61   35.49    25.8    19.2    22.5    21.6     6.1    10.36 R    39.3    19.3    23.4    95.5    67.7    87.2 -99.000 -99.000 -99.000 -99.000 -99.000 -9999.0 -9999.0 -9999.0 -9999.0 -9999.0
53877 20080828  1.303  -82.61   35.49    24.9    16.3    20.6    20.6     7.2    10.55 R    39.4    17.0    22.6    95.5    63.6    87.9 -99.000 -99.000 -99.000 -99.000 -99.000 -9999.0 -9999.0 -9999.0 -9999.0 -9999.0
53877 20080829  1.303  -82.61   35.49    28.0    13.8    20.9    19.8     0.0    22.99 R    45.9    14.6    23.8    95.3    39.2    76.5 -99.000 -99.000 -99.000 -99.000 -99.000 -9999.0 -9999.0 -9999.0 -9999.0 -9999.0
53877 20080830  1.303  -82.61   35.49    29.6    11.8    20.7    20.0     0.0    22.69 R    46.9    13.0    24.1    94.5    35.3    76.4 -99.000 -99.000 -99.000 -99.000 -99.000 -9999.0 -9999.0 -9999.0 -9999.0 -9999.0
53877 20080831  1.303  -82.61   35.49    29.7    14.6    22.1    21.4     0.0    19.54 R    46.7    15.4    24.8    94.6    45.4    79.5 -99.000 -99.000 -99.000 -99.000 -99.000 -9999.0 -9999.0 -9999.0 -9999.0 -9999.0
53877 20080901  1.303  -82.61   35.49    23.8    15.9    19.8    20.7     6.2     9.85 R    40.8    16.5    22.6    94.9    73.2    87.8 -99.000 -99.000 -99.000 -99.000 -99.000 -9999.0 -9999.0 -9999.0 -9999.0 -9999.0
53877 20080902  1.303  -82.61   35.49    27.8    14.7    21.2    20.4     0.0    21.22 R    45.7    15.4    24.1    95.0    46.9    78.5 -99.000 -99.000 -99.000 -99.000 -99.000 -9999.0 -9999.0 -9999.0 -9999.0 -9999.0
53877 20080903  1.303  -82.61   35.49    28.2    11.9    20.0    18.5     0.0    22.06 R    45.2    12.8    22.4   100.0    24.6    79.0 -99.000 -99.000 -99.000 -99.000 -99.000 -9999.0 -9999.0 -9999.0 -9999.0 -9999.0
53877 20080904  1.303  -82.61   35.49    27.5     9.8    18.7    19.0     0.0    23.01 R    44.1    10.9    22.4    95.4    39.2    70.8 -99.000 -99.000 -99.000 -99.000 -99.000 -9999.0 -9999.0 -9999.0 -9999.0 -9999.0
53877 20080905  1.303  -82.61   35.49    28.1    13.2    20.7    20.5     0.0    22.39 R    45.4    13.5    24.1    94.1    35.2    71.6 -99.000 -99.000 -99.000 -99.000 -99.000 -9999.0 -9999.0 -9999.0 -9999.0 -9999.0
53877 20080906  1.303  -82.61   35.49    27.8    13.8    20.8    20.4     0.0    19.24 R    48.2    13.7    23.3    94.9    53.1    77.4 -99.000 -99.000 -99.000 -99.000 -99.000 -9999.0 -9999.0 -9999.0 -9999.0 -9999.0
53877 20080907  1.303  -82.61   35.49    28.6    13.8    21.2    19.9     0.0    21.50 R    48.6    14.1    24.0    97.4    42.6    78.2 -99.000 -99.000 -99.000 -99.000 -99.000 -9999.0 -9999.0 -9999.0 -9999.0 -9999.0
53877 20080908  1.303  -82.61   35.49    29.2    12.7    20.9    21.2     3.6    20.94 R    49.4    13.3    25.0    95.4    50.3    78.7 -99.000 -99.000 -99.000 -99.000 -99.000 -9999.0 -9999.0 -9999.0 -9999.0 -9999.0
53877 20080909  1.303  -82.61   35.49    25.2    18.0    21.6    20.9     4.3    10.49 R    39.2    19.1    23.3    95.8    69.9    88.5 -99.000 -99.000 -99.000 -99.000 -99.000 -9999.0 -9999.0 -9999.0 -9999.0 -9999.0
53877 20080910  1.303  -82.61   35.49    27.1    17.0    22.0    20.1     5.7    15.24 R    42.4    18.0    23.4    95.7    62.1    87.9 -99.000 -99.000 -99.000 -99.000 -99.000 -9999.0 -9999.0 -9999.0 -9999.0 -9999.0
53877 20080911  1.303  -82.61   35.49    24.6    17.8    21.2    20.0     0.2    11.85 R    42.2    19.0    22.9    95.2    70.1    87.7 -99.000 -99.000 -99.000 -99.000 -99.000 -9999.0 -9999.0 -9999.0 -9999.0 -9999.0
53877 20080912  1.303  -82.61   35.49    26.6    17.3    21.9    21.1     0.7    14.68 R    44.6    17.8    23.7    94.8    65.0    86.4 -99.000 -99.000 -99.000 -99.000 -99.000 -9999.0 -9999.0 -9999.0 -9999.0 -9999.0
53877 20080913  1.303  -82.61   35.49    28.6    17.2    22.9    21.6     0.0    15.22 R    45.2    17.8    24.4   100.0    58.4    85.7 -99.000 -99.000 -99.000 -99.000 -99.000 -9999.0 -9999.0 -9999.0 -9999.0 -9999.0
53877 20080914  1.303  -82.61   35.49    29.1    16.2    22.7    22.0     0.0    19.00 R    46.1    16.5    24.8   100.0    48.9    78.6 -99.000 -99.000 -99.000 -99.000 -99.000 -9999.0 -9999.0 -9999.0 -9999.0 -9999.0
53877 20080915  1.303  -82.61   35.49    23.5    16.5    20.0    19.7     1.3    16.42 R    40.4    18.0    23.0    94.2    60.1    79.3 -99.000 -99.000 -99.000 -99.000 -99.000 -9999.0 -9999.0 -9999.0 -9999.0 -9999.0
53877 20080916  1.303  -82.61   35.49    17.3    15.5    16.4    16.6     1.2     2.36 R    23.3    16.9    18.4    95.1    87.3    93.0 -99.000 -99.000 -99.000 -99.000 -99.000 -9999.0 -9999.0 -9999.0 -9999.0 -9999.0
53877 20080917  1.303  -82.61   35.49    21.3    11.4    16.4    16.4     0.0    13.63 R    38.4    12.1    19.3    94.7    61.2    81.4 -99.000 -99.000 -99.000 -99.000 -99.000 -9999.0 -9999.0 -9999.0 -9999.0 -9999.0
53877 20080918  1.303  -82.61   35.49    24.5    10.6    17.5    16.3     0.0    19.66 R    42.2    11.4    20.1   100.0    40.9    81.6 -99.000 -99.000 -99.000 -99.000 -99.000 -9999.0 -9999.0 -9999.0 -9999.0 -9999.0
53877 20080919  1.303  -82.61   35.49    22.7     8.4    15.5    14.8     0.0    15.10 R    38.7     9.0    17.4    94.6    49.8    80.0 -99.000 -99.000 -99.000 -99.000 -99.000 -9999.0 -9999.0 -9999.0 -9999.0 -9999.0
53877 20080920  1.303  -82.61   35.49    23.0    10.5    16.7    15.4     0.0    16.99 R    40.5    10.6    18.6    94.5    45.8    79.7 -99.000 -99.000 -99.000 -99.000 -99.000 -9999.0 -9999.0 -9999.0 -9999.0 -9999.0
53877 20080921  1.303  -82.61   35.49    21.6     9.2    15.4    14.5     0.0    13.03 R    34.9     9.7    17.2    94.5    54.0    82.4 -99.000 -99.000 -99.000 -99.000 -99.000 -9999.0 -9999.0 -9999.0 -9999.0 -9999.0
53877 20080922  1.303  -82.61   35.49    24.5     8.3    16.4    14.9     0.0    19.43 R    42.3     8.7    18.2    96.1    37.7    78.2 -99.000 -99.000 -99.000 -99.000 -99.000 -9999.0 -9999.0 -9999.0 -9999.0 -9999.0
53877 20080923  1.303  -82.61   35.49    22.5     8.2    15.3    14.6     0.0    18.76 R    39.9     8.2    17.5    94.6    48.3    78.3 -99.000 -99.000 -99.000 -99.000 -99.000 -9999.0 -9999.0 -9999.0 -9999.0 -9999.0
53877 20080924  1.303  -82.61   35.49    22.0     6.1    14.0    12.9     0.0    19.75 R    39.4     6.0    15.7    94.5    30.3    72.3 -99.000 -99.000 -99.000 -99.000 -99.000 -9999.0 -9999.0 -9999.0 -9999.0 -9999.0
53877 20080925  1.303  -82.61   35.49    22.2     2.0    12.1    13.1     0.0    13.93 R    41.2     2.3    15.1    94.6    33.8    68.1 -99.000 -99.000 -99.000 -99.000 -99.000 -9999.0 -9999.0 -9999.0 -9999.0 -9999.0
53877 20080926  1.303  -82.61   35.49    17.4    14.2    15.8    15.5     9.9     4.33 R    25.6    14.7    16.5    95.5    61.2    84.5 -99.000 -99.000 -99.000 -99.000 -99.000 -9999.0 -9999.0 -9999.0 -9999.0 -9999.0
53877 20080927  1.303  -82.61   35.49    22.0    14.8    18.4    17.1     0.0    12.66 R    36.9    15.1    19.5    95.7    61.5    86.9 -99.000 -99.000 -99.000 -99.000 -99.000 -9999.0 -9999.0 -9999.0 -9999.0 -9999.0
53877 20080928  1.303  -82.61   35.49    23.6    13.0    18.3    18.0     0.0    14.50 R    34.8    12.3    19.6    95.5    54.9    82.6 -99.000 -99.000 -99.000 -99.000 -99.000 -9999.0 -9999.0 -9999.0 -9999.0 -9999.0
53877 20080929  1.303  -82.61   35.49    24.6    11.1    17.9    16.1     0.0    15.70 R    39.1    10.9    18.9   100.0    48.2    84.1 -99.000 -99.000 -99.000 -99.000 -99.000 -9999.0 -9999.0 -9999.0 -9999.0 -9999.0
53877 20080930  1.303  -82.61   35.49    24.6     7.0    15.8    14.8     0.0    15.25 R    39.5     7.4    17.2    96.2    48.3    82.4 -99.000 -99.000 -99.000 -99.000 -99.000 -9999.0 -9999.0 -9999.0 -9999.0 -9999.0
53877 20081001  1.303  -82.61   35.49    18.5     5.3    11.9    12.5     0.0    17.32 R    34.8     5.1    14.3    95.2    41.9    71.3 -99.000 -99.000 -99.000 -99.000 -99.000 -9999.0 -9999.0 -9999.0 -9999.0 -9999.0
53877 20081002  1.303  -82.61   35.49    17.1     3.4    10.3     9.6     0.0    17.78 R    34.3     3.3    11.8    93.4    44.5    72.1 -99.000 -99.000 -99.000 -99.000 -99.000 -9999.0 -9999.0 -9999.0 -9999.0 -9999.0
53877 20081003  1.303  -82.61   35.49    20.9     0.0    10.5     9.3     0.0    18.64 R    37.5     0.7    12.3    96.6    37.2    77.0 -99.000 -99.000 -99.000 -99.000 -99.000 -9999.0 -9999.0 -9999.0 -9999.0 -9999.0
53877 20081004  1.303  -82.61   35.49    22.7     1.8    12.3    11.5     0.0    18.07 R    40.4     2.2    14.0    94.3    36.8    77.3 -99.000 -99.000 -99.000 -99.000 -99.000 -9999.0 -9999.0 -9999.0 -9999.0 -9999.0
53877 20081005  1.303  -82.61   35.49    24.2     5.9    15.0    13.3     0.0    17.50 R    40.9     5.8    15.8    98.3    40.4    80.9 -99.000 -99.000 -99.000 -99.000 -99.000 -9999.0 -9999.0 -9999.0 -9999.0 -9999.0
53877 20081006  1.303  -82.61   35.49    24.5     5.5    15.0    13.4     0.0    17.89 R    41.4     5.1    15.9    96.3    28.6    79.4 -99.000 -99.000 -99.000 -99.000 -99.000 -9999.0 -9999.0 -9999.0 -9999.0 -9999.0
53877 20081007  1.303  -82.61   35.49    17.9     6.1    12.0    12.8     0.0     8.96 R    35.7     5.9    14.6    94.4    70.3    84.0 -99.000 -99.000 -99.000 -99.000 -99.000 -9999.0 -9999.0 -9999.0 -9999.0 -9999.0
53877 20081008  1.303  -82.61   35.49    14.7    13.1    13.9    14.0    11.4     0.91 R    22.6    13.5    14.6    95.7    82.7    92.3 -99.000 -99.000 -99.000 -99.000 -99.000 -9999.0 -9999.0 -9999.0 -9999.0 -9999.0
53877 20081009  1.303  -82.61   35.49    22.3    13.0    17.7    16.4     0.0    12.48 R    38.1    12.5    18.2    95.9    62.4    88.1 -99.000 -99.000 -99.000 -99.000 -99.000 -9999.0 -9999.0 -9999.0 -9999.0 -9999.0
53877 20081010  1.303  -82.61   35.49    21.0    12.5    16.8    16.6     0.5     6.99 R    31.5    11.9    18.0    95.3    72.5    88.6 -99.000 -99.000 -99.000 -99.000 -99.000 -9999.0 -9999.0 -9999.0 -9999.0 -9999.0
53877 20081011  1.303  -82.61   35.49    22.2    15.2    18.7    17.8     0.0    12.59 R    37.0    15.8    19.5    95.0    52.5    74.0 -99.000 -99.000 -99.000 -99.000 -99.000 -9999.0 -9999.0 -9999.0 -9999.0 -9999.0
53877 20081012  1.303  -82.61   35.49    22.0    11.2    16.6    16.0     0.0    14.59 R    39.2    10.4    18.0    83.6    33.4    57.8 -99.000 -99.000 -99.000 -99.000 -99.000 -9999.0 -9999.0 -9999.0 -9999.0 -9999.0
53877 20081013  1.303  -82.61   35.49    22.9     7.9    15.4    15.1     0.0    15.95 R    39.5     7.2    17.2    94.0    41.7    76.7 -99.000 -99.000 -99.000 -99.000 -99.000 -9999.0 -9999.0 -9999.0 -9999.0 -9999.0
53877 20081014  1.303  -82.61   35.49    25.7     3.7    14.7    13.1     0.0    15.69 R    41.0     3.8    14.9    94.8    30.3    76.2 -99.000 -99.000 -99.000 -99.000 -99.000 -9999.0 -9999.0 -9999.0 -9999.0 -9999.0
53877 20081015  1.303  -82.61   35.49    26.8     6.0    16.4    14.3     0.0    15.35 R    43.5     5.8    16.1    94.5    30.6    76.9 -99.000 -99.000 -99.000 -99.000 -99.000 -9999.0 -9999.0 -9999.0 -9999.0 -9999.0
53877 20081016  1.303  -82.61   35.49    24.2     8.5    16.3    15.9     0.0    10.60 R    38.3     7.6    17.1    94.4    50.9    80.2 -99.000 -99.000 -99.000 -99.000 -99.000 -9999.0 -9999.0 -9999.0 -9999.0 -9999.0
53877 20081017  1.303  -82.61   35.49    17.6    11.8    14.7    15.0     2.5     2.77 R    24.8    11.8    15.9    95.8    69.6    87.4 -99.000 -99.000 -99.000 -99.000 -99.000 -9999.0 -9999.0 -9999.0 -9999.0 -9999.0
53877 20081018  1.303  -82.61   35.49    12.4     3.3     7.9     8.9     0.0     9.28 R    25.6     2.4    10.1    94.0    52.9    69.6 -99.000 -99.000 -99.000 -99.000 -99.000 -9999.0 -9999.0 -9999.0 -9999.0 -9999.0
53877 20081019  1.303  -82.61   35.49    16.4    -1.9     7.2     5.8     0.0    15.58 R    34.9    -1.4     8.2    94.1    30.6    72.9 -99.000 -99.000 -99.000 -99.000 -99.000 -9999.0 -9999.0 -9999.0 -9999.0 -9999.0
53877 20081020  1.303  -82.61   35.49    18.4    -2.3     8.0     6.5     0.0    15.01 R    35.2    -2.1     8.8    93.9    35.9    75.7 -99.000 -99.000 -99.000 -99.000 -99.000 -9999.0 -9999.0 -9999.0 -9999.0 -9999.0
53877 20081021  1.303  -82.61   35.49    19.4     1.2    10.3     9.5     0.0    12.09 R    36.2     0.9    10.6    94.2    46.2    74.0 -99.000 -99.000 -99.000 -99.000 -99.000 -9999.0 -9999.0 -9999.0 -9999.0 -9999.0
53877 20081022  1.303  -82.61   35.49    18.3    -0.9     8.7     7.9     0.0    14.69 R    36.0    -1.3     9.5    94.4    27.3    65.4 -99.000 -99.000 -99.000 -99.000 -99.000 -9999.0 -9999.0 -9999.0 -9999.0 -9999.0
53877 20081023  1.303  -82.61   35.49    12.3     0.8     6.5     7.3     0.0    13.88 R    31.3     0.3     9.7    90.1    44.7    60.9 -99.000 -99.000 -99.000 -99.000 -99.000 -9999.0 -9999.0 -9999.0 -9999.0 -9999.0
53877 20081024  1.303  -82.61   35.49    10.6     6.6     8.6     8.5    20.9     1.22 R    12.0     7.0     9.3    95.8    57.1    86.5 -99.000 -99.000 -99.000 -99.000 -99.000 -9999.0 -9999.0 -9999.0 -9999.0 -9999.0
53877 20081025  1.303  -82.61   35.49    14.0     1.6     7.8     9.6     2.7     6.45 R    27.5     1.6    10.5    96.2    58.8    86.8 -99.000 -99.000 -99.000 -99.000 -99.000 -9999.0 -9999.0 -9999.0 -9999.0 -9999.0
53877 20081026  1.303  -82.61   35.49    17.9     0.0     9.0     7.2     0.0    14.44 R    30.4     0.3     8.6    95.9    35.8    78.5 -99.000 -99.000 -99.000 -99.000 -99.000 -9999.0 -9999.0 -9999.0 -9999.0 -9999.0
53877 20081027  1.303  -82.61   35.49     8.8     1.7     5.3     4.9     0.0    14.61 R    26.7     1.5     6.8    94.8    22.2    54.3 -99.000 -99.000 -99.000 -99.000 -99.000 -9999.0 -9999.0 -9999.0 -9999.0 -9999.0
53877 20081028  1.303  -82.61   35.49     5.6    -0.3     2.7     2.8     1.1    11.90 R    19.4    -0.1     4.2    89.2    43.5    58.1 -99.000 -99.000 -99.000 -99.000 -99.000 -9999.0 -9999.0 -9999.0 -9999.0 -9999.0
53877 20081029  1.303  -82.61   35.49 -9999.0 -9999.0 -9999.0 -9999.0 -9999.0 -9999.00 U -9999.0 -9999.0 -9999.0 -9999.0 -9999.0 -9999.0 -99.000 -99.000 -99.000 -99.000 -99.000 -9999.0 -9999.0 -9999.0 -9999.0 -9999.0
53877 20081030  1.303  -82.61   35.49 -9999.0 -9999.0 -9999.0 -9999.0 -9999.0 -9999.00 U -9999.0 -9999.0 -9999.0 -9999.0 -9999.0 -9999.0 -99.000 -99.000 -99.000 -99.000 -99.000 -9999.0 -9999.0 -9999.0 -9999.0 -9999.0
53877 20081031  1.303  -82.61   35.49    19.1    -3.8     7.6     5.4     0.0    13.66 R    40.7    -3.7     6.1    91.5    18.9    65.4 -99.000 -99.000 -99.000 -99.000 -99.000 -9999.0 -9999.0 -9999.0 -9999.0 -9999.0
53877 20081101  1.303  -82.61   35.49    20.2    -3.0     8.6     6.5     0.0    13.56 R    41.6    -3.3     6.8    93.0    19.0    65.2 -99.000 -99.000 -99.000 -99.000 -99.000 -9999.0 -9999.0 -9999.0 -9999.0 -9999.0
53877 20081102  1.303  -82.61   35.49    20.1    -2.3     8.9     7.4     0.0    13.06 R    41.3    -2.5     7.7    93.4    31.0    70.0 -99.000 -99.000 -99.000 -99.000 -99.000 -9999.0 -9999.0 -9999.0 -9999.0 -9999.0
53877 20081103  1.303  -82.61   35.49    18.9    -0.9     9.0     8.0     0.0    12.73 R    38.8    -1.3     8.6    94.4    30.1    72.3 -99.000 -99.000 -99.000 -99.000 -99.000 -9999.0 -9999.0 -9999.0 -9999.0 -9999.0
53877 20081104  1.303  -82.61   35.49    19.8     1.5    10.6     9.8     0.0    12.33 R    39.9     0.8    10.3    94.7    39.4    75.2 -99.000 -99.000 -99.000 -99.000 -99.000 -9999.0 -9999.0 -9999.0 -9999.0 -9999.0
53877 20081105  1.303  -82.61   35.49    20.9     0.6    10.7     9.4     0.0    11.76 R    38.9     0.3     9.6    94.6    37.6    75.4 -99.000 -99.000 -99.000 -99.000 -99.000 -9999.0 -9999.0 -9999.0 -9999.0 -9999.0
53877 20081106  1.303  -82.61   35.49    21.5     1.1    11.3     9.4     0.0    11.82 R    40.1     0.7     9.3    96.2    27.5    72.5 -99.000 -99.000 -99.000 -99.000 -99.000 -9999.0 -9999.0 -9999.0 -9999.0 -9999.0
53877 20081107  1.303  -82.61   35.49    22.7    -1.1    10.8    11.2     0.0    10.37 R    39.3    -1.4    11.2    94.2    28.1    69.9 -99.000 -99.000 -99.000 -99.000 -99.000 -9999.0 -9999.0 -9999.0 -9999.0 -9999.0
53877 20081108  1.303  -82.61   35.49    15.3    -0.6     7.4     8.3     0.0    11.63 R    38.6    -1.1     8.4    89.6    23.2    57.5 -99.000 -99.000 -99.000 -99.000 -99.000 -9999.0 -9999.0 -9999.0 -9999.0 -9999.0
53877 20081109  1.303  -82.61   35.49    10.8    -2.6     4.1     3.2     0.0    10.36 R    38.1    -3.4     4.4    92.4    45.3    72.2 -99.000 -99.000 -99.000 -99.000 -99.000 -9999.0 -9999.0 -9999.0 -9999.0 -9999.0
53877 20081110  1.303  -82.61   35.49    12.5    -2.8     4.9     2.7     0.0    11.41 R    38.7    -4.3     3.3    92.5    21.1    64.7 -99.000 -99.000 -99.000 -99.000 -99.000 -9999.0 -9999.0 -9999.0 -9999.0 -9999.0
53877 20081111  1.303  -82.61   35.49    12.2    -4.8     3.7     4.1     0.0     7.30 R    36.0    -4.5     4.8    88.2    31.4    58.2 -99.000 -99.000 -99.000 -99.000 -99.000 -9999.0 -9999.0 -9999.0 -9999.0 -9999.0
53877 20081112  1.303  -82.61   35.49    12.9     3.4     8.2     8.9     0.0     7.48 R    36.9     2.2     9.7    71.4    33.1    50.1 -99.000 -99.000 -99.000 -99.000 -99.000 -9999.0 -9999.0 -9999.0 -9999.0 -9999.0
53877 20081113  1.303  -82.61   35.49    16.4     6.3    11.4    10.0    20.7     6.66 R    48.6     7.0    11.3    95.7    61.4    89.7 -99.000 -99.000 -99.000 -99.000 -99.000 -9999.0 -9999.0 -9999.0 -9999.0 -9999.0
53877 20081114  1.303  -82.61   35.49    19.1    10.8    14.9    13.7     0.7     7.14 R    53.1    11.0    15.0    96.1    71.7    90.2 -99.000 -99.000 -99.000 -99.000 -99.000 -9999.0 -9999.0 -9999.0 -9999.0 -9999.0
53877 20081115  1.303  -82.61   35.49    16.2     3.0     9.6    10.8     6.7     7.38 R    36.9     3.3    11.6    95.0    46.4    77.0 -99.000 -99.000 -99.000 -99.000 -99.000 -9999.0 -9999.0 -9999.0 -9999.0 -9999.0
53877 20081116  1.303  -82.61   35.49     5.0    -3.6     0.7     1.3     0.0    10.83 R    29.8    -3.0     3.3    89.3    49.4    70.7 -99.000 -99.000 -99.000 -99.000 -99.000 -9999.0 -9999.0 -9999.0 -9999.0 -9999.0
53877 20081117  1.303  -82.61   35.49    11.3    -4.8     3.3     1.5     0.0    10.02 R    30.8    -3.8     3.2    91.8    29.4    66.3 -99.000 -99.000 -99.000 -99.000 -99.000 -9999.0 -9999.0 -9999.0 -9999.0 -9999.0
53877 20081118  1.303  -82.61   35.49     0.5    -3.9    -1.7    -1.9     0.0     9.05 R    28.4    -5.1    -0.3    64.3    38.0    46.3 -99.000 -99.000 -99.000 -99.000 -99.000 -9999.0 -9999.0 -9999.0 -9999.0 -9999.0
53877 20081119  1.303  -82.61   35.49     7.3    -7.2     0.0    -1.7     0.0    10.56 R    31.1    -7.2    -0.2    74.3    21.4    51.6 -99.000 -99.000 -99.000 -99.000 -99.000 -9999.0 -9999.0 -9999.0 -9999.0 -9999.0
53877 20081120  1.303  -82.61   35.49    12.1    -6.4     2.9     1.5     0.0    10.25 R    34.4    -6.0     1.9    86.2    23.1    62.8 -99.000 -99.000 -99.000 -99.000 -99.000 -9999.0 -9999.0 -9999.0 -9999.0 -9999.0
53877 20081121  1.303  -82.61   35.49     1.8    -5.5    -1.9    -2.8     0.4     7.22 R    22.9    -7.2    -1.7    84.2    42.3    56.4 -99.000 -99.000 -99.000 -99.000 -99.000 -9999.0 -9999.0 -9999.0 -9999.0 -9999.0
53877 20081122  1.303  -82.61   35.49     5.5   -12.5    -3.5    -3.3     0.0     7.81 R    28.6   -11.1    -1.6    85.4    11.6    51.7 -99.000 -99.000 -99.000 -99.000 -99.000 -9999.0 -9999.0 -9999.0 -9999.0 -9999.0
53877 20081123  1.303  -82.61   35.49     9.9    -6.8     1.6     0.8     0.0    10.10 R    32.0    -6.9     1.4    77.5    21.2    51.1 -99.000 -99.000 -99.000 -99.000 -99.000 -9999.0 -9999.0 -9999.0 -9999.0 -9999.0
53877 20081124  1.303  -82.61   35.49     9.1    -4.6     2.3     2.5     1.8     3.15 R    40.4    -5.1     3.4    95.7    53.7    79.0 -99.000 -99.000 -99.000 -99.000 -99.000 -9999.0 -9999.0 -9999.0 -9999.0 -9999.0
53877 20081125  1.303  -82.61   35.49     6.5    -5.5     0.5     0.9     0.0    10.52 R    31.4    -6.2     1.0    90.3    32.5    60.4 -99.000 -99.000 -99.000 -99.000 -99.000 -9999.0 -9999.0 -9999.0 -9999.0 -9999.0
53877 20081126  1.303  -82.61   35.49    10.3    -5.4     2.4     0.4     0.0     9.96 R    30.1    -6.2     0.4    85.4    24.3    63.9 -99.000 -99.000 -99.000 -99.000 -99.000 -9999.0 -9999.0 -9999.0 -9999.0 -9999.0
53877 20081127  1.303  -82.61   35.49    14.2    -6.7     3.7     1.1     0.0     9.63 R    31.8    -6.6     1.3    90.6    30.4    72.3 -99.000 -99.000 -99.000 -99.000 -99.000 -9999.0 -9999.0 -9999.0 -9999.0 -9999.0
53877 20081128  1.303  -82.61   35.49    14.4    -2.9     5.8     5.0     0.0     5.70 R    29.6    -3.8     5.3    91.4    39.3    72.9 -99.000 -99.000 -99.000 -99.000 -99.000 -9999.0 -9999.0 -9999.0 -9999.0 -9999.0
53877 20081129  1.303  -82.61   35.49     8.3     2.3     5.3     4.6     1.2     1.63 R    53.5     3.2     5.3    94.3    50.6    82.8 -99.000 -99.000 -99.000 -99.000 -99.000 -9999.0 -9999.0 -9999.0 -9999.0 -9999.0
53877 20081130  1.303  -82.61   35.49     5.3     1.0     3.1     3.2     7.1     2.33 R    22.1     1.0     4.3    97.3    88.8    93.2 -99.000 -99.000 -99.000 -99.000 -99.000 -9999.0 -9999.0 -9999.0 -9999.0 -9999.0
53877 20081201  1.303  -82.61   35.49     2.6    -1.3     0.7     0.4     0.9     2.71 R    34.9    -1.4     1.4    98.8    58.4    85.4 -99.000 -99.000 -99.000 -99.000 -99.000 -9999.0 -9999.0 -9999.0 -9999.0 -9999.0
53877 20081202  1.303  -82.61   35.49     3.9    -6.8    -1.4    -0.9     0.0     8.20 R    33.5    -6.6     0.7    91.0    46.9    72.6 -99.000 -99.000 -99.000 -99.000 -99.000 -9999.0 -9999.0 -9999.0 -9999.0 -9999.0
53877 20081203  1.303  -82.61   35.49     9.9    -9.7     0.1    -1.6     0.0     9.23 R    27.8    -8.5    -0.7    90.9    33.1    70.9 -99.000 -99.000 -99.000 -99.000 -99.000 -9999.0 -9999.0 -9999.0 -9999.0 -9999.0
53877 20081204  1.303  -82.61   35.49    13.1    -5.3     3.9     2.5     0.3     6.18 R    53.5    -5.1     3.6    91.9    57.0    81.3 -99.000 -99.000 -99.000 -99.000 -99.000 -9999.0 -9999.0 -9999.0 -9999.0 -9999.0
53877 20081205  1.303  -82.61   35.49     3.9    -5.3    -0.7    -0.7     0.0     8.85 R    32.2    -5.7     0.4    83.5    48.6    68.1 -99.000 -99.000 -99.000 -99.000 -99.000 -9999.0 -9999.0 -9999.0 -9999.0 -9999.0
53877 20081206  1.303  -82.61   35.49     2.0    -7.9    -3.0    -2.7     0.0     3.11 R    21.6    -7.4    -1.6    89.8    50.2    74.8 -99.000 -99.000 -99.000 -99.000 -99.000 -9999.0 -9999.0 -9999.0 -9999.0 -9999.0
53877 20081207  1.303  -82.61   35.49     1.7    -7.7    -3.0    -1.7     0.0     9.21 R    25.6    -7.5    -1.4    73.7    29.6    49.4 -99.000 -99.000 -99.000 -99.000 -99.000 -9999.0 -9999.0 -9999.0 -9999.0 -9999.0
53877 20081208  1.303  -82.61   35.49     7.7    -9.1    -0.7    -0.4     0.0     6.23 R    28.6    -8.1     0.1    83.4    24.8    51.2 -99.000 -99.000 -99.000 -99.000 -99.000 -9999.0 -9999.0 -9999.0 -9999.0 -9999.0
53877 20081209  1.303  -82.61   35.49    12.8     3.1     8.0     8.8     7.4     2.12 R    60.1     2.0     8.0    94.3    38.0    77.3 -99.000 -99.000 -99.000 -99.000 -99.000 -9999.0 -9999.0 -9999.0 -9999.0 -9999.0
53877 20081210  1.303  -82.61   35.49    15.5    10.6    13.1    12.9    51.7     0.72 R    27.6     9.6    11.8    96.4    80.6    92.0 -99.000 -99.000 -99.000 -99.000 -99.000 -9999.0 -9999.0 -9999.0 -9999.0 -9999.0
53877 20081211  1.303  -82.61   35.49    16.5     5.8    11.2    12.4    37.4     1.18 R    17.6     6.0    11.4    95.4    74.0    90.6 -99.000 -99.000 -99.000 -99.000 -99.000 -9999.0 -9999.0 -9999.0 -9999.0 -9999.0
53877 20081212  1.303  -82.61   35.49     5.8    -1.6     2.1     1.7     0.0     7.58 R    23.0    -2.5     2.5    85.4    43.6    61.0 -99.000 -99.000 -99.000 -99.000 -99.000 -9999.0 -9999.0 -9999.0 -9999.0 -9999.0
53877 20081213  1.303  -82.61   35.49     8.5    -6.6     0.9     1.0     0.0     8.21 R    23.3    -5.6     1.5    87.7    23.5    54.9 -99.000 -99.000 -99.000 -99.000 -99.000 -9999.0 -9999.0 -9999.0 -9999.0 -9999.0
53877 20081214  1.303  -82.61   35.49     6.9    -0.8     3.0     3.5     0.0     1.98 R    18.3    -2.2     3.2    93.5    49.0    66.1 -99.000 -99.000 -99.000 -99.000 -99.000 -9999.0 -9999.0 -9999.0 -9999.0 -9999.0
53877 20081215  1.303  -82.61   35.49    14.5     5.7    10.1    10.7     2.0     3.27 R    40.3     5.9    10.4    96.7    81.5    90.9 -99.000 -99.000 -99.000 -99.000 -99.000 -9999.0 -9999.0 -9999.0 -9999.0 -9999.0
53877 20081216  1.303  -82.61   35.49    16.2     8.8    12.5    11.6     2.9     2.73 R    26.3     8.4    11.7    99.8    78.0    93.5 -99.000 -99.000 -99.000 -99.000 -99.000 -9999.0 -9999.0 -9999.0 -9999.0 -9999.0
53877 20081217  1.303  -82.61   35.49    18.4     8.4    13.4    12.8     1.1     3.33 R    29.0     7.7    12.8    96.1    80.3    92.6 -99.000 -99.000 -99.000 -99.000 -99.000 -9999.0 -9999.0 -9999.0 -9999.0 -9999.0
53877 20081218  1.303  -82.61   35.49    14.9     6.7    10.8    11.8     0.0     2.66 R    23.5     5.8    11.6    98.0    76.8    92.2 -99.000 -99.000 -99.000 -99.000 -99.000 -9999.0 -9999.0 -9999.0 -9999.0 -9999.0
53877 20081219  1.303  -82.61   35.49    19.6     6.7    13.2    12.0     0.0     3.58 R    25.2     5.3    11.3    98.7    55.9    83.6 -99.000 -99.000 -99.000 -99.000 -99.000 -9999.0 -9999.0 -9999.0 -9999.0 -9999.0
53877 20081220  1.303  -82.61   35.49    14.3     3.5     8.9     8.7     2.0     2.74 R    22.8     2.9     8.7    95.7    60.6    89.7 -99.000 -99.000 -99.000 -99.000 -99.000 -9999.0 -9999.0 -9999.0 -9999.0 -9999.0
53877 20081221  1.303  -82.61   35.49    11.2    -6.5     2.4     3.6     4.4     8.98 R    25.3    -6.0     4.4    96.1    26.6    57.2 -99.000 -99.000 -99.000 -99.000 -99.000 -9999.0 -9999.0 -9999.0 -9999.0 -9999.0
53877 20081222  1.303  -82.61   35.49    -3.0   -12.5    -7.8    -8.3     0.0     8.95 R    13.1   -10.5    -5.6    77.4    31.2    48.3 -99.000 -99.000 -99.000 -99.000 -99.000 -9999.0 -9999.0 -9999.0 -9999.0 -9999.0
53877 20081223  1.303  -82.61   35.49     3.1    -9.8    -3.3    -1.6     0.0     6.04 R    19.9    -7.0     0.1    75.1    22.1    44.7 -99.000 -99.000 -99.000 -99.000 -99.000 -9999.0 -9999.0 -9999.0 -9999.0 -9999.0
53877 20081224  1.303  -82.61   35.49    14.7     2.3     8.5     9.2     8.0     4.46 R    28.1     2.4     9.0    96.0    68.1    86.3 -99.000 -99.000 -99.000 -99.000 -99.000 -9999.0 -9999.0 -9999.0 -9999.0 -9999.0
53877 20081225  1.303  -82.61   35.49    13.7    -0.7     6.5     7.0     0.0     8.58 R    27.9    -0.4     7.3    95.7    28.6    72.1 -99.000 -99.000 -99.000 -99.000 -99.000 -9999.0 -9999.0 -9999.0 -9999.0 -9999.0
53877 20081226  1.303  -82.61   35.49    10.9    -0.9     5.0     7.8     0.0     3.59 R    22.4    -0.4     8.0    91.5    40.0    70.2 -99.000 -99.000 -99.000 -99.000 -99.000 -9999.0 -9999.0 -9999.0 -9999.0 -9999.0
53877 20081227  1.303  -82.61   35.49    17.2     6.6    11.9    12.2     0.6     7.74 R    30.6     5.9    11.9    96.2    61.3    81.2 -99.000 -99.000 -99.000 -99.000 -99.000 -9999.0 -9999.0 -9999.0 -9999.0 -9999.0
53877 20081228  1.303  -82.61   35.49    15.9     6.7    11.3    11.6     2.1     2.53 R    34.2     5.7    11.2    93.9    74.0    83.5 -99.000 -99.000 -99.000 -99.000 -99.000 -9999.0 -9999.0 -9999.0 -9999.0 -9999.0
53877 20081229  1.303  -82.61   35.49    10.3     0.2     5.3     5.3     0.0     8.86 R    22.0    -0.5     5.4    92.5    31.9    66.1 -99.000 -99.000 -99.000 -99.000 -99.000 -9999.0 -9999.0 -9999.0 -9999.0 -9999.0
53877 20081230  1.303  -82.61   35.49    17.4    -3.0     7.2     4.2     0.0     8.88 R    29.3    -3.5     3.8    88.1    18.5    63.0 -99.000 -99.000 -99.000 -99.000 -99.000 -9999.0 -9999.0 -9999.0 -9999.0 -9999.0
53877 20081231  1.303  -82.61   35.49     6.8    -3.9     1.5     1.3     0.0     9.15 R    20.9    -5.6     1.0    88.5    29.4    50.7 -99.000 -99.000 -99.000 -99.000 -99.000 -9999.0 -9999.0 -9999.0 -9999.0 -9999.0
