53877 20090101  1.303  -82.61   35.49     5.4   -10.2    -2.4    -1.9     0.0     9.07 R    22.7    -9.3    -1.6    85.1    15.7    45.0 -99.000 -99.000 -99.000 -99.000 -99.000 -9999.0 -9999.0 -9999.0 -9999.0 -9999.0
53877 20090102  1.303  -82.61   35.49     7.8    -3.9     1.9     1.2     0.0     3.83 R    21.1    -5.0     1.2    93.7    32.4    71.3 -99.000 -99.000 -99.000 -99.000 -99.000 -9999.0 -9999.0 -9999.0 -9999.0 -9999.0
53877 20090103  1.303  -82.61   35.49    14.6    -3.0     5.8     4.2     0.0     6.22 R    27.3    -3.8     5.6    98.2    50.4    85.4 -99.000 -99.000 -99.000 -99.000 -99.000 -9999.0 -9999.0 -9999.0 -9999.0 -9999.0
53877 20090104  1.303  -82.61   35.49    19.1     4.0    11.5     9.5     0.0     8.70 R    29.7     2.8     9.7    95.4    49.9    83.1 -99.000 -99.000 -99.000 -99.000 -99.000 -9999.0 -9999.0 -9999.0 -9999.0 -9999.0
53877 20090105  1.303  -82.61   35.49    17.4     2.0     9.7     8.7     0.0     5.73 R    27.1     1.5     9.1    95.7    64.4    87.7 -99.000 -99.000 -99.000 -99.000 -99.000 -9999.0 -9999.0 -9999.0 -9999.0 -9999.0
53877 20090106  1.303  -82.61   35.49    16.8     9.4    13.1    12.4    32.0     0.84 R    16.6     9.0    11.7    96.3    80.1    92.7 -99.000 -99.000 -99.000 -99.000 -99.000 -9999.0 -9999.0 -9999.0 -9999.0 -9999.0
53877 20090107  1.303  -82.61   35.49    16.2     0.8     8.5     7.9    14.7     5.69 R    23.1     0.1     8.0    95.8    42.2    70.8 -99.000 -99.000 -99.000 -99.000 -99.000 -9999.0 -9999.0 -9999.0 -9999.0 -9999.0
53877 20090108  1.303  -82.61   35.49     6.3    -2.4     2.0     2.2     0.0     5.05 R    17.5    -3.3     1.8    77.7    37.5    55.9 -99.000 -99.000 -99.000 -99.000 -99.000 -9999.0 -9999.0 -9999.0 -9999.0 -9999.0
53877 20090109  1.303  -82.61   35.49    10.4    -6.5     2.0     0.0     0.0     9.33 R    20.9    -5.6     0.8    85.2    24.5    60.1 -99.000 -99.000 -99.000 -99.000 -99.000 -9999.0 -9999.0 -9999.0 -9999.0 -9999.0
53877 20090110  1.303  -82.61   35.49    14.2    -4.9     4.6     3.8     0.5     6.13 R    25.3    -4.4     4.3    95.3    40.7    76.5 -99.000 -99.000 -99.000 -99.000 -99.000 -9999.0 -9999.0 -9999.0 -9999.0 -9999.0
53877 20090111  1.303  -82.61   35.49     8.4    -2.3     3.0     2.2     0.4     1.41 R    24.9    -3.3     2.9    95.9    73.5    84.2 -99.000 -99.000 -99.000 -99.000 -99.000 -9999.0 -9999.0 -9999.0 -9999.0 -9999.0
53877 20090112  1.303  -82.61   35.49     7.3    -3.5     1.9     0.4     0.0    10.36 R    20.9    -4.4     1.5    83.4    36.8    63.7 -99.000 -99.000 -99.000 -99.000 -99.000 -9999.0 -9999.0 -9999.0 -9999.0 -9999.0
53877 20090113  1.303  -82.61   35.49     8.3    -6.0     1.1    -0.6     0.0     7.36 R    20.2    -5.6     0.5    91.5    34.5    74.3 -99.000 -99.000 -99.000 -99.000 -99.000 -9999.0 -9999.0 -9999.0 -9999.0 -9999.0
53877 20090114  1.303  -82.61   35.49     7.6    -8.8    -0.6    -2.5     0.0     9.19 R    20.5    -8.4    -1.5    81.5    22.9    60.3 -99.000 -99.000 -99.000 -99.000 -99.000 -9999.0 -9999.0 -9999.0 -9999.0 -9999.0
53877 20090115  1.303  -82.61   35.49    -0.6   -12.1    -6.4    -5.4     0.0    10.05 R    13.5   -11.3    -4.1    82.1    34.0    56.2 -99.000 -99.000 -99.000 -99.000 -99.000 -9999.0 -9999.0 -9999.0 -9999.0 -9999.0
53877 20090116  1.303  -82.61   35.49    -6.1   -15.7   -10.9   -11.7     0.0     9.85 R     9.5   -13.9    -8.5    64.6    19.7    42.7 -99.000 -99.000 -99.000 -99.000 -99.000 -9999.0 -9999.0 -9999.0 -9999.0 -9999.0
53877 20090117  1.303  -82.61   35.49     0.8   -18.1    -8.7    -7.9     0.0     8.43 R    16.8   -15.2    -5.1    79.4    24.1    52.5 -99.000 -99.000 -99.000 -99.000 -99.000 -9999.0 -9999.0 -9999.0 -9999.0 -9999.0
53877 20090118  1.303  -82.61   35.49     6.2    -2.3     1.9     0.2     0.0     6.27 R    20.5    -4.3     0.8    82.5    42.1    69.8 -99.000 -99.000 -99.000 -99.000 -99.000 -9999.0 -9999.0 -9999.0 -9999.0 -9999.0
53877 20090119  1.303  -82.61   35.49     2.7    -5.3    -1.3    -1.3     0.8     3.04 R    12.2    -6.4    -1.1    91.4    65.2    79.0 -99.000 -99.000 -99.000 -99.000 -99.000 -9999.0 -9999.0 -9999.0 -9999.0 -9999.0
53877 20090120  1.303  -82.61   35.49    -4.1    -8.3    -6.2    -6.9     0.2     7.32 R     5.7   -10.6    -5.8    74.9    48.7    59.1 -99.000 -99.000 -99.000 -99.000 -99.000 -9999.0 -9999.0 -9999.0 -9999.0 -9999.0
53877 20090121  1.303  -82.61   35.49     0.0   -11.4    -5.7    -6.7     0.0    10.77 R    16.4   -13.5    -5.6    78.3    26.8    55.2 -99.000 -99.000 -99.000 -99.000 -99.000 -9999.0 -9999.0 -9999.0 -9999.0 -9999.0
53877 20090122  1.303  -82.61   35.49     9.1   -11.9    -1.4    -2.9     0.0    10.72 R    25.4   -10.2    -1.6    85.0    25.5    62.8 -99.000 -99.000 -99.000 -99.000 -99.000 -9999.0 -9999.0 -9999.0 -9999.0 -9999.0
53877 20090123  1.303  -82.61   35.49    17.7    -8.4     4.6     3.2     0.0    10.85 R    28.5    -8.2     3.4    89.3    21.7    65.7 -99.000 -99.000 -99.000 -99.000 -99.000 -9999.0 -9999.0 -9999.0 -9999.0 -9999.0
53877 20090124  1.303  -82.61   35.49     9.3     0.0     4.6     5.7     1.1     8.94 R    25.1    -1.3     5.8    92.0    46.2    66.8 -99.000 -99.000 -99.000 -99.000 -99.000 -9999.0 -9999.0 -9999.0 -9999.0 -9999.0
53877 20090125  1.303  -82.61   35.49     9.1    -0.4     4.4     3.0     0.0    10.36 R    24.6    -0.1     5.4    71.0    34.0    53.5 -99.000 -99.000 -99.000 -99.000 -99.000 -9999.0 -9999.0 -9999.0 -9999.0 -9999.0
53877 20090126  1.303  -82.61   35.49    11.7    -1.7     5.0     4.8     0.0    10.84 R    26.6    -2.2     6.7    90.9    46.8    62.3 -99.000 -99.000 -99.000 -99.000 -99.000 -9999.0 -9999.0 -9999.0 -9999.0 -9999.0
53877 20090127  1.303  -82.61   35.49    13.9    -1.9     6.0     5.6     0.0     2.95 R    20.9    -2.3     5.8    92.1    65.2    83.8 -99.000 -99.000 -99.000 -99.000 -99.000 -9999.0 -9999.0 -9999.0 -9999.0 -9999.0
53877 20090128  1.303  -82.61   35.49    15.2     0.4     7.8     7.9     2.9     3.11 R    29.5    -0.1     7.4    94.7    67.5    81.6 -99.000 -99.000 -99.000 -99.000 -99.000 -9999.0 -9999.0 -9999.0 -9999.0 -9999.0
53877 20090129  1.303  -82.61   35.49     8.3    -4.6     1.8     1.1     0.0    11.51 R    21.4    -5.2     2.5    88.0    34.1    68.9 -99.000 -99.000 -99.000 -99.000 -99.000 -9999.0 -9999.0 -9999.0 -9999.0 -9999.0
53877 20090130  1.303  -82.61   35.49     2.9    -6.4    -1.8    -1.7     0.0    10.34 R    19.5    -6.3    -0.7    91.1    30.3    55.6 -99.000 -99.000 -99.000 -99.000 -99.000 -9999.0 -9999.0 -9999.0 -9999.0 -9999.0
53877 20090131  1.303  -82.61   35.49     6.5    -5.5     0.5     0.3     0.0    11.74 R    22.2    -6.3     0.8    76.4    30.9    48.6 -99.000 -99.000 -99.000 -99.000 -99.000 -9999.0 -9999.0 -9999.0 -9999.0 -9999.0
53877 20090201  1.303  -82.61   35.49    14.3    -8.2     3.1     2.1     0.0    11.53 R    27.9    -7.8     2.5    87.9    23.3    58.3 -99.000 -99.000 -99.000 -99.000 -99.000 -9999.0 -9999.0 -9999.0 -9999.0 -9999.0
53877 20090202  1.303  -82.61   35.49    10.8    -4.3     3.2     0.4     1.8     3.32 R    21.8    -5.0     0.4    93.3    41.1    77.4 -99.000 -99.000 -99.000 -99.000 -99.000 -9999.0 -9999.0 -9999.0 -9999.0 -9999.0
53877 20090203  1.303  -82.61   35.49     4.7   -11.9    -3.6    -2.5     0.0     7.69 R    21.2   -11.1    -1.5    77.7    37.2    56.7 -99.000 -99.000 -99.000 -99.000 -99.000 -9999.0 -9999.0 -9999.0 -9999.0 -9999.0
53877 20090204  1.303  -82.61   35.49    -6.3   -13.1    -9.7   -10.0     0.0     9.78 R     9.9   -12.0    -7.2    67.2    45.0    56.0 -99.000 -99.000 -99.000 -99.000 -99.000 -9999.0 -9999.0 -9999.0 -9999.0 -9999.0
53877 20090205  1.303  -82.61   35.49    -0.1   -12.6    -6.4    -7.5     0.0    12.95 R    15.9   -13.0    -5.3    73.9    31.1    55.9 -99.000 -99.000 -99.000 -99.000 -99.000 -9999.0 -9999.0 -9999.0 -9999.0 -9999.0
53877 20090206  1.303  -82.61   35.49    12.8   -12.6     0.1    -1.9     0.0    12.80 R    28.4   -10.7    -0.3    86.4    35.7    66.2 -99.000 -99.000 -99.000 -99.000 -99.000 -9999.0 -9999.0 -9999.0 -9999.0 -9999.0
53877 20090207  1.303  -82.61   35.49    19.1    -6.3     6.4     3.2     0.0    13.33 R    32.3    -6.7     3.4    91.0    15.4    64.0 -99.000 -99.000 -99.000 -99.000 -99.000 -9999.0 -9999.0 -9999.0 -9999.0 -9999.0
53877 20090208  1.303  -82.61   35.49    18.6    -1.7     8.4     9.4     0.0     7.13 R    28.9    -3.0     7.8    89.3    45.0    63.5 -99.000 -99.000 -99.000 -99.000 -99.000 -9999.0 -9999.0 -9999.0 -9999.0 -9999.0
53877 20090209  1.303  -82.61   35.49    18.9    -2.2     8.4     9.0     0.0    11.55 R    31.0    -3.1     8.4    93.5    40.9    68.5 -99.000 -99.000 -99.000 -99.000 -99.000 -9999.0 -9999.0 -9999.0 -9999.0 -9999.0
53877 20090210  1.303  -82.61   35.49    18.2     4.5    11.4    12.9     0.0    11.76 R    32.7     1.7    11.6    84.5    38.6    58.8 -99.000 -99.000 -99.000 -99.000 -99.000 -9999.0 -9999.0 -9999.0 -9999.0 -9999.0
53877 20090211  1.303  -82.61   35.49    15.7     6.0    10.9    12.2     7.7     3.56 R    30.2     4.2    10.2    93.6    43.7    69.8 -99.000 -99.000 -99.000 -99.000 -99.000 -9999.0 -9999.0 -9999.0 -9999.0 -9999.0
53877 20090212  1.303  -82.61   35.49    14.4     1.3     7.9     9.1     0.0    14.62 R    26.5    -0.4     7.7    78.9    21.7    46.2 -99.000 -99.000 -99.000 -99.000 -99.000 -9999.0 -9999.0 -9999.0 -9999.0 -9999.0
53877 20090213  1.303  -82.61   35.49    16.0    -3.1     6.4     5.4     0.0    12.51 R    27.1    -3.6     5.7    83.3    19.4    53.7 -99.000 -99.000 -99.000 -99.000 -99.000 -9999.0 -9999.0 -9999.0 -9999.0 -9999.0
53877 20090214  1.303  -82.61   35.49    12.3     0.7     6.5     5.9     3.7     8.73 R    26.1     0.3     7.1    96.0    61.6    75.2 -99.000 -99.000 -99.000 -99.000 -99.000 -9999.0 -9999.0 -9999.0 -9999.0 -9999.0
53877 20090215  1.303  -82.61   35.49    13.0     0.9     7.0     5.5     0.0    10.25 R    24.3    -0.2     6.5    89.9    31.4    57.7 -99.000 -99.000 -99.000 -99.000 -99.000 -9999.0 -9999.0 -9999.0 -9999.0 -9999.0
53877 20090216  1.303  -82.61   35.49     5.6    -4.6     0.5     1.1     0.0    14.87 R    20.6    -5.8     2.6    82.8    31.2    52.4 -99.000 -99.000 -99.000 -99.000 -99.000 -9999.0 -9999.0 -9999.0 -9999.0 -9999.0
53877 20090217  1.303  -82.61   35.49     9.7    -9.7     0.0     0.4     0.0    14.67 R    28.5    -8.8     2.8    86.7    28.0    54.1 -99.000 -99.000 -99.000 -99.000 -99.000 -9999.0 -9999.0 -9999.0 -9999.0 -9999.0
53877 20090218  1.303  -82.61   35.49    17.8     2.2    10.0     7.3    14.0    11.09 R    22.7     1.7     8.5    97.1    44.3    78.3 -99.000 -99.000 -99.000 -99.000 -99.000 -9999.0 -9999.0 -9999.0 -9999.0 -9999.0
53877 20090219  1.303  -82.61   35.49     7.8    -4.4     1.7     2.7     0.0    14.96 R    19.1    -5.0     3.8    96.6    29.9    51.8 -99.000 -99.000 -99.000 -99.000 -99.000 -9999.0 -9999.0 -9999.0 -9999.0 -9999.0
53877 20090220  1.303  -82.61   35.49     2.8    -8.5    -2.8    -3.6     0.0    14.72 R    17.8    -8.2    -1.1    66.1    19.2    43.7 -99.000 -99.000 -99.000 -99.000 -99.000 -9999.0 -9999.0 -9999.0 -9999.0 -9999.0
53877 20090221  1.303  -82.61   35.49    10.1   -10.1     0.0     0.0     0.0    15.55 R    25.6    -8.6     2.1    82.0    24.1    50.0 -99.000 -99.000 -99.000 -99.000 -99.000 -9999.0 -9999.0 -9999.0 -9999.0 -9999.0
53877 20090222  1.303  -82.61   35.49     1.9    -5.4    -1.8    -2.1     0.3    13.31 R    18.7    -6.4     0.1    85.3    33.5    57.5 -99.000 -99.000 -99.000 -99.000 -99.000 -9999.0 -9999.0 -9999.0 -9999.0 -9999.0
53877 20090223  1.303  -82.61   35.49     2.7    -7.7    -2.5    -3.4     0.0    16.07 R    21.3    -7.9    -0.8    72.5    32.3    53.7 -99.000 -99.000 -99.000 -99.000 -99.000 -9999.0 -9999.0 -9999.0 -9999.0 -9999.0
53877 20090224  1.303  -82.61   35.49     9.5   -11.1    -0.8    -1.2     0.0    15.10 R    26.7   -10.2     1.6    86.0    16.6    53.1 -99.000 -99.000 -99.000 -99.000 -99.000 -9999.0 -9999.0 -9999.0 -9999.0 -9999.0
53877 20090225  1.303  -82.61   35.49    12.0    -0.7     5.7     5.3     0.0    10.14 R    26.2    -0.2     6.9    63.8    26.6    45.2 -99.000 -99.000 -99.000 -99.000 -99.000 -9999.0 -9999.0 -9999.0 -9999.0 -9999.0
53877 20090226  1.303  -82.61   35.49    18.1     4.1    11.1    10.4     0.0    14.78 R    34.2     2.9    12.6    74.1    40.8    63.0 -99.000 -99.000 -99.000 -99.000 -99.000 -9999.0 -9999.0 -9999.0 -9999.0 -9999.0
53877 20090227  1.303  -82.61   35.49    12.5     6.4     9.5    10.2     4.4     3.82 R    41.0     6.4    10.0    95.6    68.4    81.9 -99.000 -99.000 -99.000 -99.000 -99.000 -9999.0 -9999.0 -9999.0 -9999.0 -9999.0
53877 20090228  1.303  -82.61   35.49     9.7     3.7     6.7     7.3    24.2     1.66 R    13.8     4.7     7.9    96.5    89.5    93.7 -99.000 -99.000 -99.000 -99.000 -99.000 -9999.0 -9999.0 -9999.0 -9999.0 -9999.0
53877 20090301  1.303  -82.61   35.49     3.7    -2.8     0.4     1.1    16.0     1.32 R    11.0    -4.9     1.6    94.9    66.0    88.8 -99.000 -99.000 -99.000 -99.000 -99.000 -9999.0 -9999.0 -9999.0 -9999.0 -9999.0
53877 20090302  1.303  -82.61   35.49    -1.3    -7.5    -4.4    -4.5     0.0    11.14 R    16.4   -10.1    -3.8    75.8    44.8    58.8 -99.000 -99.000 -99.000 -99.000 -99.000 -9999.0 -9999.0 -9999.0 -9999.0 -9999.0
53877 20090303  1.303  -82.61   35.49     3.5   -10.3    -3.4    -4.4     0.0    18.20 R    20.1    -9.1    -1.2    74.6    17.2    46.5 -99.000 -99.000 -99.000 -99.000 -99.000 -9999.0 -9999.0 -9999.0 -9999.0 -9999.0
53877 20090304  1.303  -82.61   35.49     8.9    -5.9     1.5     0.1     0.0    16.06 R    25.5    -5.2     2.9    82.9    29.4    59.8 -99.000 -99.000 -99.000 -99.000 -99.000 -9999.0 -9999.0 -9999.0 -9999.0 -9999.0
53877 20090305  1.303  -82.61   35.49    15.4    -6.5     4.4     4.2     0.0    17.84 R    30.2    -5.9     6.1    90.3    23.8    55.5 -99.000 -99.000 -99.000 -99.000 -99.000 -9999.0 -9999.0 -9999.0 -9999.0 -9999.0
53877 20090306  1.303  -82.61   35.49    20.9    -2.0     9.5     8.7     0.0    15.44 R    36.4    -2.1     9.8    89.9    33.8    68.0 -99.000 -99.000 -99.000 -99.000 -99.000 -9999.0 -9999.0 -9999.0 -9999.0 -9999.0
53877 20090307  1.303  -82.61   35.49    26.0     1.2    13.6    12.0     0.0    18.31 R    43.6     0.3    12.7    93.3    28.8    68.7 -99.000 -99.000 -99.000 -99.000 -99.000 -9999.0 -9999.0 -9999.0 -9999.0 -9999.0
53877 20090308  1.303  -82.61   35.49    26.6     2.6    14.6    13.5     0.0    17.96 R    42.3     1.8    14.2    92.9    10.8    61.2 -99.000 -99.000 -99.000 -99.000 -99.000 -9999.0 -9999.0 -9999.0 -9999.0 -9999.0
53877 20090309  1.303  -82.61   35.49    23.6     7.1    15.4    16.1     0.0    18.32 R    39.2     5.5    16.0    81.8    25.0    53.9 -99.000 -99.000 -99.000 -99.000 -99.000 -9999.0 -9999.0 -9999.0 -9999.0 -9999.0
53877 20090310  1.303  -82.61   35.49    21.4     4.2    12.8    13.3     0.0    18.26 R    37.1     3.4    14.5    86.0    29.1    55.2 -99.000 -99.000 -99.000 -99.000 -99.000 -9999.0 -9999.0 -9999.0 -9999.0 -9999.0
53877 20090311  1.303  -82.61   35.49    24.1     5.2    14.6    12.4     0.0    16.38 R    37.7     4.2    13.8    91.0    40.7    67.4 -99.000 -99.000 -99.000 -99.000 -99.000 -9999.0 -9999.0 -9999.0 -9999.0 -9999.0
53877 20090312  1.303  -82.61   35.49    12.2     4.1     8.1     7.4     0.0     7.55 R    21.3     3.1     8.6    65.6    31.2    47.3 -99.000 -99.000 -99.000 -99.000 -99.000 -9999.0 -9999.0 -9999.0 -9999.0 -9999.0
53877 20090313  1.303  -82.61   35.49     6.3     2.6     4.5     4.7     0.5     3.49 R    13.3     3.7     6.1    89.2    37.5    60.1 -99.000 -99.000 -99.000 -99.000 -99.000 -9999.0 -9999.0 -9999.0 -9999.0 -9999.0
53877 20090314  1.303  -82.61   35.49     5.5     2.3     3.9     3.7     8.2     2.93 R    14.3     3.6     5.4    95.1    88.5    91.7 -99.000 -99.000 -99.000 -99.000 -99.000 -9999.0 -9999.0 -9999.0 -9999.0 -9999.0
53877 20090315  1.303  -82.61   35.49    12.7     3.9     8.3     7.9    14.9     4.83 R    20.3     4.6     9.3    96.8    88.3    93.9 -99.000 -99.000 -99.000 -99.000 -99.000 -9999.0 -9999.0 -9999.0 -9999.0 -9999.0
53877 20090316  1.303  -82.61   35.49    13.0     7.1    10.1     9.9     4.3     2.96 R    22.8     6.0    10.5   100.0    87.2    96.0 -99.000 -99.000 -99.000 -99.000 -99.000 -9999.0 -9999.0 -9999.0 -9999.0 -9999.0
53877 20090317  1.303  -82.61   35.49    18.6     4.2    11.4    11.5     0.0    15.88 R    34.2     2.9    11.9    96.6    33.7    68.3 -99.000 -99.000 -99.000 -99.000 -99.000 -9999.0 -9999.0 -9999.0 -9999.0 -9999.0
53877 20090318  1.303  -82.61   35.49    19.0     0.9     9.9     9.5     0.0    16.74 R    35.9     1.1    11.4    95.9    37.5    69.9 -99.000 -99.000 -99.000 -99.000 -99.000 -9999.0 -9999.0 -9999.0 -9999.0 -9999.0
53877 20090319  1.303  -82.61   35.49    19.3    -0.7     9.3     8.1     1.4    12.36 R    34.8     0.1     9.7    93.4    41.7    70.7 -99.000 -99.000 -99.000 -99.000 -99.000 -9999.0 -9999.0 -9999.0 -9999.0 -9999.0
53877 20090320  1.303  -82.61   35.49    12.4    -3.0     4.7     5.6     0.0    21.02 R    28.4    -3.0     7.4    69.8    14.0    42.4 -99.000 -99.000 -99.000 -99.000 -99.000 -9999.0 -9999.0 -9999.0 -9999.0 -9999.0
53877 20090321  1.303  -82.61   35.49    13.5    -5.3     4.1     3.8     0.0    20.03 R    29.3    -4.9     7.7    83.5    34.9    60.1 -99.000 -99.000 -99.000 -99.000 -99.000 -9999.0 -9999.0 -9999.0 -9999.0 -9999.0
53877 20090322  1.303  -82.61   35.49    18.6    -3.7     7.5     6.8     0.0    20.65 R    33.7    -3.4     9.3    91.2    23.9    59.9 -99.000 -99.000 -99.000 -99.000 -99.000 -9999.0 -9999.0 -9999.0 -9999.0 -9999.0
53877 20090323  1.303  -82.61   35.49    18.4    -1.3     8.5     8.5     0.0    13.40 R    31.7    -1.0    10.3    91.1    32.1    63.1 -99.000 -99.000 -99.000 -99.000 -99.000 -9999.0 -9999.0 -9999.0 -9999.0 -9999.0
53877 20090324  1.303  -82.61   35.49    18.8    -0.7     9.0     9.9     0.0    18.80 R    34.1    -0.3    12.3    92.9    35.2    63.8 -99.000 -99.000 -99.000 -99.000 -99.000 -9999.0 -9999.0 -9999.0 -9999.0 -9999.0
53877 20090325  1.303  -82.61   35.49    11.0     5.4     8.2     6.3     7.5     1.30 R    25.4     5.9     7.4    94.3    61.4    89.5 -99.000 -99.000 -99.000 -99.000 -99.000 -9999.0 -9999.0 -9999.0 -9999.0 -9999.0
53877 20090326  1.303  -82.61   35.49    14.7     5.4    10.0     9.4     9.6     6.65 R    24.5     5.6    10.5    96.4    78.2    90.2 -99.000 -99.000 -99.000 -99.000 -99.000 -9999.0 -9999.0 -9999.0 -9999.0 -9999.0
53877 20090327  1.303  -82.61   35.49    13.2     9.4    11.3    11.4    26.8     2.16 R    19.5     9.8    11.9    99.4    89.7    95.2 -99.000 -99.000 -99.000 -99.000 -99.000 -9999.0 -9999.0 -9999.0 -9999.0 -9999.0
53877 20090328  1.303  -82.61   35.49    14.5    10.5    12.5    12.8    10.9     1.96 R    15.0    10.4    12.7    96.1    81.6    91.6 -99.000 -99.000 -99.000 -99.000 -99.000 -9999.0 -9999.0 -9999.0 -9999.0 -9999.0
53877 20090329  1.303  -82.61   35.49    14.8     4.9     9.8     9.8     2.8    18.32 R    29.8     4.2    12.1    91.6    40.3    65.4 -99.000 -99.000 -99.000 -99.000 -99.000 -9999.0 -9999.0 -9999.0 -9999.0 -9999.0
53877 20090330  1.303  -82.61   35.49    17.0     1.2     9.1     7.7     0.0    20.77 R    29.2     0.5    10.0    74.7    13.5    47.4 -99.000 -99.000 -99.000 -99.000 -99.000 -9999.0 -9999.0 -9999.0 -9999.0 -9999.0
53877 20090331  1.303  -82.61   35.49    13.8    -1.0     6.4     7.5     0.0     4.73 R    18.3     0.0     7.8    86.7    38.9    64.0 -99.000 -99.000 -99.000 -99.000 -99.000 -9999.0 -9999.0 -9999.0 -9999.0 -9999.0
53877 20090401  1.303  -82.61   35.49    19.6     8.6    14.1    13.3     4.4     9.96 R    30.4     8.5    13.9    95.4    57.7    77.6 -99.000 -99.000 -99.000 -99.000 -99.000 -9999.0 -9999.0 -9999.0 -9999.0 -9999.0
53877 20090402  1.303  -82.61   35.49    16.5    12.2    14.3    13.6     5.9     5.53 R    42.5    11.1    14.1    96.3    65.8    87.1 -99.000 -99.000 -99.000 -99.000 -99.000 -9999.0 -9999.0 -9999.0 -9999.0 -9999.0
53877 20090403  1.303  -82.61   35.49    16.7     6.4    11.5    11.7     3.6    18.30 R    34.8     4.3    13.5    93.7    47.0    65.8 -99.000 -99.000 -99.000 -99.000 -99.000 -9999.0 -9999.0 -9999.0 -9999.0 -9999.0
53877 20090404  1.303  -82.61   35.49    20.1     3.8    11.9    10.6     0.0    22.96 R    35.4     2.4    12.8    78.5    20.4    51.3 -99.000 -99.000 -99.000 -99.000 -99.000 -9999.0 -9999.0 -9999.0 -9999.0 -9999.0
53877 20090405  1.303  -82.61   35.49    23.8    -0.7    11.5    12.8     0.0    21.83 R    39.5     0.3    14.9    92.5    18.6    58.4 -99.000 -99.000 -99.000 -99.000 -99.000 -9999.0 -9999.0 -9999.0 -9999.0 -9999.0
53877 20090406  1.303  -82.61   35.49    14.9     0.6     7.7     7.7     0.0     6.89 R    30.2     1.2     8.9    88.5    41.3    63.1 -99.000 -99.000 -99.000 -99.000 -99.000 -9999.0 -9999.0 -9999.0 -9999.0 -9999.0
53877 20090407  1.303  -82.61   35.49     5.0    -1.7     1.7     0.9     1.5    10.54 R    19.3    -1.2     3.5    87.8    46.3    66.5 -99.000 -99.000 -99.000 -99.000 -99.000 -9999.0 -9999.0 -9999.0 -9999.0 -9999.0
53877 20090408  1.303  -82.61   35.49    14.5    -2.8     5.8     6.8     0.0    20.13 R    34.5    -3.1     9.8    76.8    23.3    44.7 -99.000 -99.000 -99.000 -99.000 -99.000 -9999.0 -9999.0 -9999.0 -9999.0 -9999.0
53877 20090409  1.303  -82.61   35.49    21.1     2.1    11.6    13.3     0.0    23.63 R    37.6     0.9    15.0    68.8    23.0    38.0 -99.000 -99.000 -99.000 -99.000 -99.000 -9999.0 -9999.0 -9999.0 -9999.0 -9999.0
53877 20090410  1.303  -82.61   35.49    16.5     8.4    12.4    12.0    25.7     8.20 R    27.5     6.3    12.4    96.2    42.2    77.7 -99.000 -99.000 -99.000 -99.000 -99.000 -9999.0 -9999.0 -9999.0 -9999.0 -9999.0
53877 20090411  1.303  -82.61   35.49    12.3     6.2     9.2     9.8     0.0     4.23 R    19.3     4.4    10.1    96.1    62.2    77.8 -99.000 -99.000 -99.000 -99.000 -99.000 -9999.0 -9999.0 -9999.0 -9999.0 -9999.0
53877 20090412  1.303  -82.61   35.49    18.2    -1.4     8.4     9.6     0.0    24.69 R    34.0    -0.5    13.0    94.4    31.5    60.1 -99.000 -99.000 -99.000 -99.000 -99.000 -9999.0 -9999.0 -9999.0 -9999.0 -9999.0
53877 20090413  1.303  -82.61   35.49    12.0     7.4     9.7     8.4     6.7     1.75 R    23.1     8.0     9.3    95.6    45.3    83.1 -99.000 -99.000 -99.000 -99.000 -99.000 -9999.0 -9999.0 -9999.0 -9999.0 -9999.0
53877 20090414  1.303  -82.61   35.49    17.2     8.2    12.7    10.9     3.0    10.26 R    27.3     8.1    12.8    96.3    65.3    85.0 -99.000 -99.000 -99.000 -99.000 -99.000 -9999.0 -9999.0 -9999.0 -9999.0 -9999.0
53877 20090415  1.303  -82.61   35.49    12.1     5.8     8.9     8.6     0.0    21.89 R    29.1     4.7    12.3    76.2    55.7    66.9 -99.000 -99.000 -99.000 -99.000 -99.000 -9999.0 -9999.0 -9999.0 -9999.0 -9999.0
53877 20090416  1.303  -82.61   35.49    18.2     0.9     9.6    10.0     0.0    23.71 R    34.9     1.5    13.7    92.5    31.4    60.0 -99.000 -99.000 -99.000 -99.000 -99.000 -9999.0 -9999.0 -9999.0 -9999.0 -9999.0
53877 20090417  1.303  -82.61   35.49    22.0    -1.9    10.1    10.6     0.0    25.35 R    37.9    -0.5    13.8    92.3    17.7    53.4 -99.000 -99.000 -99.000 -99.000 -99.000 -9999.0 -9999.0 -9999.0 -9999.0 -9999.0
53877 20090418  1.303  -82.61   35.49    23.3     0.4    11.8    13.0     0.0    20.44 R    40.6     1.2    15.0    91.3    23.5    52.0 -99.000 -99.000 -99.000 -99.000 -99.000 -9999.0 -9999.0 -9999.0 -9999.0 -9999.0
53877 20090419  1.303  -82.61   35.49    15.1     6.3    10.7    11.2    15.1     4.22 R    19.4     6.4    12.1    95.7    60.1    78.1 -99.000 -99.000 -99.000 -99.000 -99.000 -9999.0 -9999.0 -9999.0 -9999.0 -9999.0
53877 20090420  1.303  -82.61   35.49    20.1     5.4    12.7    13.3    10.4    15.60 R    34.9     5.2    15.3    96.2    40.1    75.5 -99.000 -99.000 -99.000 -99.000 -99.000 -9999.0 -9999.0 -9999.0 -9999.0 -9999.0
53877 20090421  1.303  -82.61   35.49    17.8     1.6     9.7     9.5     0.0    21.65 R    33.4     2.8    12.8    94.3    23.0    57.0 -99.000 -99.000 -99.000 -99.000 -99.000 -9999.0 -9999.0 -9999.0 -9999.0 -9999.0
53877 20090422  1.303  -82.61   35.49    16.9     2.1     9.5     9.9     0.2    24.71 R    34.2     2.0    12.6    87.6    17.2    43.6 -99.000 -99.000 -99.000 -99.000 -99.000 -9999.0 -9999.0 -9999.0 -9999.0 -9999.0
53877 20090423  1.303  -82.61   35.49    25.2     0.4    12.8    13.4     0.0    25.00 R    39.6     1.3    16.0    88.2    20.1    51.8 -99.000 -99.000 -99.000 -99.000 -99.000 -9999.0 -9999.0 -9999.0 -9999.0 -9999.0
53877 20090424  1.303  -82.61   35.49    29.1     7.1    18.1    16.6     0.6    19.20 R    49.5     7.1    18.6    90.2    19.8    62.4 -99.000 -99.000 -99.000 -99.000 -99.000 -9999.0 -9999.0 -9999.0 -9999.0 -9999.0
53877 20090425  1.303  -82.61   35.49    29.4     6.9    18.2    19.6     0.0    24.42 R    49.3     7.0    20.9    93.6    17.7    53.9 -99.000 -99.000 -99.000 -99.000 -99.000 -9999.0 -9999.0 -9999.0 -9999.0 -9999.0
53877 20090426  1.303  -82.61   35.49    27.8     9.4    18.6    19.6     0.0    25.71 R    47.0     8.7    21.5    90.5    20.8    51.6 -99.000 -99.000 -99.000 -99.000 -99.000 -9999.0 -9999.0 -9999.0 -9999.0 -9999.0
53877 20090427  1.303  -82.61   35.49    25.7     8.8    17.2    17.9     0.0    26.15 R    46.3     7.7    20.5    91.3    23.0    55.2 -99.000 -99.000 -99.000 -99.000 -99.000 -9999.0 -9999.0 -9999.0 -9999.0 -9999.0
53877 20090428  1.303  -82.61   35.49    24.8     7.4    16.1    16.5     0.0    23.49 R    44.2     6.9    19.9    92.8    41.1    67.2 -99.000 -99.000 -99.000 -99.000 -99.000 -9999.0 -9999.0 -9999.0 -9999.0 -9999.0
53877 20090429  1.303  -82.61   35.49    24.4     9.6    17.0    17.0     0.0    14.83 R    41.1     9.7    18.9    93.0    39.5    67.1 -99.000 -99.000 -99.000 -99.000 -99.000 -9999.0 -9999.0 -9999.0 -9999.0 -9999.0
53877 20090430  1.303  -82.61   35.49    22.7     8.5    15.6    16.8     0.0    17.38 R    38.6     7.8    18.9    93.3    37.4    64.9 -99.000 -99.000 -99.000 -99.000 -99.000 -9999.0 -9999.0 -9999.0 -9999.0 -9999.0
53877 20090501  1.303  -82.61   35.49    24.6    14.7    19.6    18.2     2.7    15.64 R    38.7    13.6    20.2    93.2    50.4    70.9 -99.000 -99.000 -99.000 -99.000 -99.000 -9999.0 -9999.0 -9999.0 -9999.0 -9999.0
53877 20090502  1.303  -82.61   35.49    20.8    13.2    17.0    16.2     1.0     7.80 R    30.1    12.6    17.5    94.8    59.7    86.7 -99.000 -99.000 -99.000 -99.000 -99.000 -9999.0 -9999.0 -9999.0 -9999.0 -9999.0
53877 20090503  1.303  -82.61   35.49    22.5    13.1    17.8    17.0    26.1     8.12 R    29.7    13.2    18.3    95.5    63.7    88.2 -99.000 -99.000 -99.000 -99.000 -99.000 -9999.0 -9999.0 -9999.0 -9999.0 -9999.0
53877 20090504  1.303  -82.61   35.49    21.8    13.4    17.6    16.9     0.3     9.86 R    33.6    13.2    18.3    95.3    54.0    81.7 -99.000 -99.000 -99.000 -99.000 -99.000 -9999.0 -9999.0 -9999.0 -9999.0 -9999.0
53877 20090505  1.303  -82.61   35.49    24.5    12.8    18.7    17.3     0.2    18.05 R    37.8    12.9    20.2    95.0    46.4    80.9 -99.000 -99.000 -99.000 -99.000 -99.000 -9999.0 -9999.0 -9999.0 -9999.0 -9999.0
53877 20090506  1.303  -82.61   35.49    20.8    12.4    16.6    16.3    25.6     8.65 R    29.3    12.8    17.9    95.6    68.1    88.5 -99.000 -99.000 -99.000 -99.000 -99.000 -9999.0 -9999.0 -9999.0 -9999.0 -9999.0
53877 20090507  1.303  -82.61   35.49    25.9    11.3    18.6    17.5     2.3    22.00 R    42.0    11.8    20.7    95.7    34.8    79.8 -99.000 -99.000 -99.000 -99.000 -99.000 -9999.0 -9999.0 -9999.0 -9999.0 -9999.0
53877 20090508  1.303  -82.61   35.49    24.9     8.4    16.6    15.4    11.7    14.27 R    37.7     9.3    17.6    95.1    60.1    88.0 -99.000 -99.000 -99.000 -99.000 -99.000 -9999.0 -9999.0 -9999.0 -9999.0 -9999.0
53877 20090509  1.303  -82.61   35.49    26.8    13.8    20.3    18.6     5.6    16.15 R    39.4    13.7    20.9    95.2    46.4    82.8 -99.000 -99.000 -99.000 -99.000 -99.000 -9999.0 -9999.0 -9999.0 -9999.0 -9999.0
53877 20090510  1.303  -82.61   35.49    23.9    12.7    18.3    17.4     0.0    24.89 R    40.4    12.9    21.2    93.7    34.6    62.9 -99.000 -99.000 -99.000 -99.000 -99.000 -9999.0 -9999.0 -9999.0 -9999.0 -9999.0
53877 20090511  1.303  -82.61   35.49    14.0     5.7     9.9    11.5     2.6     3.71 R    22.8     6.8    13.8    94.8    77.6    89.8 -99.000 -99.000 -99.000 -99.000 -99.000 -9999.0 -9999.0 -9999.0 -9999.0 -9999.0
53877 20090512  1.303  -82.61   35.49    21.4     3.8    12.6    12.3     0.0    24.81 R    38.9     5.7    16.8    99.7    37.8    73.6 -99.000 -99.000 -99.000 -99.000 -99.000 -9999.0 -9999.0 -9999.0 -9999.0 -9999.0
53877 20090513  1.303  -82.61   35.49    20.2     8.0    14.1    14.9     0.4    19.74 R    35.0     8.6    18.1    93.5    47.2    68.4 -99.000 -99.000 -99.000 -99.000 -99.000 -9999.0 -9999.0 -9999.0 -9999.0 -9999.0
53877 20090514  1.303  -82.61   35.49    24.7    14.7    19.7    18.8    11.6    21.91 R    43.1    15.5    22.8    95.0    55.9    80.4 -99.000 -99.000 -99.000 -99.000 -99.000 -9999.0 -9999.0 -9999.0 -9999.0 -9999.0
53877 20090515  1.303  -82.61   35.49    24.3    14.1    19.2    17.7     4.9    11.10 R    37.0    14.4    20.4    95.6    63.6    89.8 -99.000 -99.000 -99.000 -99.000 -99.000 -9999.0 -9999.0 -9999.0 -9999.0 -9999.0
53877 20090516  1.303  -82.61   35.49    24.9    12.3    18.6    17.6    13.6    18.91 R    39.5    13.3    21.3    97.5    56.3    85.2 -99.000 -99.000 -99.000 -99.000 -99.000 -9999.0 -9999.0 -9999.0 -9999.0 -9999.0
53877 20090517  1.303  -82.61   35.49    16.0     6.5    11.2    11.8     3.5     5.93 R    20.9     8.6    14.5    95.4    77.9    89.1 -99.000 -99.000 -99.000 -99.000 -99.000 -9999.0 -9999.0 -9999.0 -9999.0 -9999.0
53877 20090518  1.303  -82.61   35.49    17.2     2.2     9.7     9.2     0.0    26.38 R    37.7     4.0    14.8    95.3    33.2    70.2 -99.000 -99.000 -99.000 -99.000 -99.000 -9999.0 -9999.0 -9999.0 -9999.0 -9999.0
53877 20090519  1.303  -82.61   35.49    19.4    -0.6     9.4     9.6     0.0    27.87 R    39.4     1.6    15.0    94.0    23.9    60.0 -99.000 -99.000 -99.000 -99.000 -99.000 -9999.0 -9999.0 -9999.0 -9999.0 -9999.0
53877 20090520  1.303  -82.61   35.49    23.3     3.2    13.2    13.5     0.0    27.64 R    42.8     4.7    18.4    92.3    26.7    59.9 -99.000 -99.000 -99.000 -99.000 -99.000 -9999.0 -9999.0 -9999.0 -9999.0 -9999.0
53877 20090521  1.303  -82.61   35.49    22.4    11.4    16.9    16.4     0.0    18.02 R    40.0    12.6    20.1    92.8    50.8    71.4 -99.000 -99.000 -99.000 -99.000 -99.000 -9999.0 -9999.0 -9999.0 -9999.0 -9999.0
53877 20090522  1.303  -82.61   35.49    22.9     9.4    16.1    16.2     0.0    21.38 R    43.0     9.9    20.1    93.9    48.3    75.9 -99.000 -99.000 -99.000 -99.000 -99.000 -9999.0 -9999.0 -9999.0 -9999.0 -9999.0
53877 20090523  1.303  -82.61   35.49    23.4    11.5    17.4    17.9     0.0    16.32 R    40.1    11.9    21.2    93.0    54.9    77.3 -99.000 -99.000 -99.000 -99.000 -99.000 -9999.0 -9999.0 -9999.0 -9999.0 -9999.0
53877 20090524  1.303  -82.61   35.49    23.2    16.6    19.9    18.8    11.0    13.18 R    35.7    17.3    21.1    94.9    69.4    87.5 -99.000 -99.000 -99.000 -99.000 -99.000 -9999.0 -9999.0 -9999.0 -9999.0 -9999.0
53877 20090525  1.303  -82.61   35.49    24.1    17.4    20.7    18.9    22.5    11.76 R    41.3    17.9    21.2    95.4    67.6    90.6 -99.000 -99.000 -99.000 -99.000 -99.000 -9999.0 -9999.0 -9999.0 -9999.0 -9999.0
53877 20090526  1.303  -82.61   35.49    22.7    16.3    19.5    18.9    54.5    12.65 R    34.0    16.4    21.0    95.6    73.8    90.3 -99.000 -99.000 -99.000 -99.000 -99.000 -9999.0 -9999.0 -9999.0 -9999.0 -9999.0
53877 20090527  1.303  -82.61   35.49    22.9    15.5    19.2    18.8    45.1    12.25 R    31.8    16.1    20.6    95.3    71.6    90.1 -99.000 -99.000 -99.000 -99.000 -99.000 -9999.0 -9999.0 -9999.0 -9999.0 -9999.0
53877 20090528  1.303  -82.61   35.49    24.1    14.4    19.2    18.4    16.9    16.83 R    35.0    15.3    21.1    95.3    65.7    89.0 -99.000 -99.000 -99.000 -99.000 -99.000 -9999.0 -9999.0 -9999.0 -9999.0 -9999.0
53877 20090529  1.303  -82.61   35.49    24.8    13.5    19.2    18.2     0.0    17.85 R    35.5    14.5    20.6    98.8    55.5    79.3 -99.000 -99.000 -99.000 -99.000 -99.000 -9999.0 -9999.0 -9999.0 -9999.0 -9999.0
53877 20090530  1.303  -82.61   35.49    24.8    10.8    17.8    17.6     0.0    27.07 R    37.8    11.1    20.6    93.6    40.6    70.3 -99.000 -99.000 -99.000 -99.000 -99.000 -9999.0 -9999.0 -9999.0 -9999.0 -9999.0
53877 20090531  1.303  -82.61   35.49    27.1     9.9    18.5    18.5     0.0    26.18 R    40.1    11.2    21.2    94.1    34.7    68.2 -99.000 -99.000 -99.000 -99.000 -99.000 -9999.0 -9999.0 -9999.0 -9999.0 -9999.0
53877 20090601  1.303  -82.61   35.49    27.5     8.3    17.9    18.1     0.0    27.49 R    41.7     9.5    21.6    93.8    41.1    71.9 -99.000 -99.000 -99.000 -99.000 -99.000 -9999.0 -9999.0 -9999.0 -9999.0 -9999.0
53877 20090602  1.303  -82.61   35.49    29.1    11.4    20.2    19.0     0.0    23.46 R    43.2    12.0    21.9    94.0    28.7    73.4 -99.000 -99.000 -99.000 -99.000 -99.000 -9999.0 -9999.0 -9999.0 -9999.0 -9999.0
53877 20090603  1.303  -82.61   35.49    27.2    10.8    19.0    18.5    23.1    18.38 R    39.5    11.7    21.0    95.2    43.0    80.2 -99.000 -99.000 -99.000 -99.000 -99.000 -9999.0 -9999.0 -9999.0 -9999.0 -9999.0
53877 20090604  1.303  -82.61   35.49    22.7    15.8    19.2    18.6     3.1    12.41 R    31.2    16.4    20.8    95.5    66.7    86.8 -99.000 -99.000 -99.000 -99.000 -99.000 -9999.0 -9999.0 -9999.0 -9999.0 -9999.0
53877 20090605  1.303  -82.61   35.49    21.8    15.0    18.4    18.3     3.6    11.57 R    31.4    14.9    20.2    95.2    69.6    85.7 -99.000 -99.000 -99.000 -99.000 -99.000 -9999.0 -9999.0 -9999.0 -9999.0 -9999.0
53877 20090606  1.303  -82.61   35.49    25.7    11.6    18.7    18.9     0.0    27.34 R    37.6    12.4    22.1    94.5    44.3    72.9 -99.000 -99.000 -99.000 -99.000 -99.000 -9999.0 -9999.0 -9999.0 -9999.0 -9999.0
53877 20090607  1.303  -82.61   35.49    27.1    15.7    21.4    20.9     0.0    25.83 R    39.1    16.0    23.5    92.7    37.2    72.1 -99.000 -99.000 -99.000 -99.000 -99.000 -9999.0 -9999.0 -9999.0 -9999.0 -9999.0
53877 20090608  1.303  -82.61   35.49    27.4    12.8    20.1    19.5     2.8    22.76 R    41.8    13.4    22.3    95.2    49.1    80.5 -99.000 -99.000 -99.000 -99.000 -99.000 -9999.0 -9999.0 -9999.0 -9999.0 -9999.0
53877 20090609  1.303  -82.61   35.49    29.0    13.4    21.2    20.6     0.0    26.81 R    39.1    14.2    23.2    95.3    33.8    76.7 -99.000 -99.000 -99.000 -99.000 -99.000 -9999.0 -9999.0 -9999.0 -9999.0 -9999.0
53877 20090610  1.303  -82.61   35.49    27.2    13.9    20.6    19.3     5.4    13.87 R    36.7    14.4    21.4    95.1    58.4    86.4 -99.000 -99.000 -99.000 -99.000 -99.000 -9999.0 -9999.0 -9999.0 -9999.0 -9999.0
53877 20090611  1.303  -82.61   35.49    27.0    16.0    21.5    19.2     2.1    13.30 R    34.3    16.2    21.3    99.5    62.7    90.6 -99.000 -99.000 -99.000 -99.000 -99.000 -9999.0 -9999.0 -9999.0 -9999.0 -9999.0
53877 20090612  1.303  -82.61   35.49    25.6    14.9    20.3    19.9     0.0    17.50 R    36.4    15.2    21.9    95.3    59.6    81.6 -99.000 -99.000 -99.000 -99.000 -99.000 -9999.0 -9999.0 -9999.0 -9999.0 -9999.0
53877 20090613  1.303  -82.61   35.49    27.8    12.8    20.3    20.4     0.0    25.13 R    41.9    13.1    23.4    94.4    50.2    74.4 -99.000 -99.000 -99.000 -99.000 -99.000 -9999.0 -9999.0 -9999.0 -9999.0 -9999.0
53877 20090614  1.303  -82.61   35.49    26.5    13.5    20.0    20.0     0.0    20.97 R    38.3    13.8    22.8    94.1    52.2    78.6 -99.000 -99.000 -99.000 -99.000 -99.000 -9999.0 -9999.0 -9999.0 -9999.0 -9999.0
53877 20090615  1.303  -82.61   35.49    27.3    13.1    20.2    19.3    15.1    18.67 R    39.5    13.5    22.4    95.3    54.0    85.3 -99.000 -99.000 -99.000 -99.000 -99.000 -9999.0 -9999.0 -9999.0 -9999.0 -9999.0
53877 20090616  1.303  -82.61   35.49    27.7    15.3    21.5    20.5    21.2    19.92 R    40.7    16.1    23.7    95.8    50.0    85.6 -99.000 -99.000 -99.000 -99.000 -99.000 -9999.0 -9999.0 -9999.0 -9999.0 -9999.0
53877 20090617  1.303  -82.61   35.49    26.8    17.2    22.0    20.7    31.9    15.38 R    37.6    17.3    23.2    95.0    67.0    87.9 -99.000 -99.000 -99.000 -99.000 -99.000 -9999.0 -9999.0 -9999.0 -9999.0 -9999.0
53877 20090618  1.303  -82.61   35.49 -9999.0 -9999.0 -9999.0 -9999.0 -9999.0 -9999.00 U -9999.0 -9999.0 -9999.0 -9999.0 -9999.0 -9999.0 -99.000 -99.000 -99.000 -99.000 -99.000 -9999.0 -9999.0 -9999.0 -9999.0 -9999.0
53877 20090619  1.303  -82.61   35.49    29.5    14.0    21.7    21.6     0.0    24.77 R    39.4    15.1    24.3   100.0    53.2    83.0 -99.000 -99.000 -99.000 -99.000 -99.000 -9999.0 -9999.0 -9999.0 -9999.0 -9999.0
53877 20090620  1.303  -82.61   35.49    31.2    15.1    23.1    22.9     0.0    26.58 R    40.3    15.6    25.0    95.1    38.2    73.5 -99.000 -99.000 -99.000 -99.000 -99.000 -9999.0 -9999.0 -9999.0 -9999.0 -9999.0
53877 20090621  1.303  -82.61   35.49    27.8    20.3    24.1    22.9     6.0    17.19 R    36.8    20.5    24.3    96.0    57.5    79.7 -99.000 -99.000 -99.000 -99.000 -99.000 -9999.0 -9999.0 -9999.0 -9999.0 -9999.0
53877 20090622  1.303  -82.61   35.49    27.6    18.4    23.0    22.3     1.2    19.17 R    37.5    18.4    24.3    95.1    54.0    80.5 -99.000 -99.000 -99.000 -99.000 -99.000 -9999.0 -9999.0 -9999.0 -9999.0 -9999.0
53877 20090623  1.303  -82.61   35.49    27.5    15.6    21.6    21.7     0.0    27.01 R    38.7    15.6    23.9    95.3    46.3    74.4 -99.000 -99.000 -99.000 -99.000 -99.000 -9999.0 -9999.0 -9999.0 -9999.0 -9999.0
53877 20090624  1.303  -82.61   35.49    27.1    13.1    20.1    20.1     0.0    28.54 R    37.8    13.7    22.3    94.2    38.9    71.7 -99.000 -99.000 -99.000 -99.000 -99.000 -9999.0 -9999.0 -9999.0 -9999.0 -9999.0
53877 20090625  1.303  -82.61   35.49    28.8    11.7    20.2    19.7     0.0    26.90 R    39.6    12.6    22.4    93.9    30.8    72.6 -99.000 -99.000 -99.000 -99.000 -99.000 -9999.0 -9999.0 -9999.0 -9999.0 -9999.0
53877 20090626  1.303  -82.61   35.49    29.2    13.0    21.1    21.0     0.0    21.12 R    40.9    13.7    23.5    93.5    45.4    76.3 -99.000 -99.000 -99.000 -99.000 -99.000 -9999.0 -9999.0 -9999.0 -9999.0 -9999.0
53877 20090627  1.303  -82.61   35.49    30.0    16.2    23.1    23.1     0.0    24.24 R    39.8    16.2    25.0    94.3    43.4    75.6 -99.000 -99.000 -99.000 -99.000 -99.000 -9999.0 -9999.0 -9999.0 -9999.0 -9999.0
53877 20090628  1.303  -82.61   35.49    29.5    15.0    22.3    22.0     0.2    24.52 R    41.0    15.0    24.9    94.1    43.5    78.4 -99.000 -99.000 -99.000 -99.000 -99.000 -9999.0 -9999.0 -9999.0 -9999.0 -9999.0
53877 20090629  1.303  -82.61   35.49    26.5    12.9    19.7    21.0     0.0    28.26 R    39.1    12.7    23.2    93.8    37.8    62.7 -99.000 -99.000 -99.000 -99.000 -99.000 -9999.0 -9999.0 -9999.0 -9999.0 -9999.0
53877 20090630  1.303  -82.61   35.49    27.6     9.7    18.6    18.6     0.0    27.97 R    40.7    10.1    21.4    93.7    28.6    64.0 -99.000 -99.000 -99.000 -99.000 -99.000 -9999.0 -9999.0 -9999.0 -9999.0 -9999.0
53877 20090701  1.303  -82.61   35.49    27.4    11.5    19.5    19.5     7.3    27.05 R    40.5    11.8    22.4    95.5    35.2    73.1 -99.000 -99.000 -99.000 -99.000 -99.000 -9999.0 -9999.0 -9999.0 -9999.0 -9999.0
53877 20090702  1.303  -82.61   35.49    26.9    11.3    19.1    19.0     0.0    19.00 R    38.5    11.5    21.2    94.2    42.5    70.7 -99.000 -99.000 -99.000 -99.000 -99.000 -9999.0 -9999.0 -9999.0 -9999.0 -9999.0
53877 20090703  1.303  -82.61   35.49    23.8    11.6    17.7    17.6     0.0    25.23 R    36.7    11.1    19.9    93.3    44.8    69.4 -99.000 -99.000 -99.000 -99.000 -99.000 -9999.0 -9999.0 -9999.0 -9999.0 -9999.0
53877 20090704  1.303  -82.61   35.49    26.5    10.5    18.5    18.6     0.0    23.39 R    39.2    10.5    22.1    93.6    46.5    75.1 -99.000 -99.000 -99.000 -99.000 -99.000 -9999.0 -9999.0 -9999.0 -9999.0 -9999.0
53877 20090705  1.303  -82.61   35.49    24.5    16.5    20.5    19.6     3.8     9.30 R    36.4    17.0    21.6    95.2    71.8    89.3 -99.000 -99.000 -99.000 -99.000 -99.000 -9999.0 -9999.0 -9999.0 -9999.0 -9999.0
53877 20090706  1.303  -82.61   35.49    26.6    17.6    22.1    21.1     0.0    16.59 R    38.2    17.2    23.3    95.5    59.7    82.7 -99.000 -99.000 -99.000 -99.000 -99.000 -9999.0 -9999.0 -9999.0 -9999.0 -9999.0
53877 20090707  1.303  -82.61   35.49    26.9    14.8    20.8    20.6     0.0    20.88 R    38.4    14.8    23.4    93.4    42.7    76.0 -99.000 -99.000 -99.000 -99.000 -99.000 -9999.0 -9999.0 -9999.0 -9999.0 -9999.0
53877 20090708  1.303  -82.61   35.49    22.5    14.9    18.7    17.9     5.9     7.51 R    32.1    15.8    19.8    95.0    69.3    89.0 -99.000 -99.000 -99.000 -99.000 -99.000 -9999.0 -9999.0 -9999.0 -9999.0 -9999.0
53877 20090709  1.303  -82.61   35.49    24.1    15.5    19.8    18.0    34.6    10.99 R    36.1    15.5    19.9    95.4    67.1    91.2 -99.000 -99.000 -99.000 -99.000 -99.000 -9999.0 -9999.0 -9999.0 -9999.0 -9999.0
53877 20090710  1.303  -82.61   35.49    25.4    14.8    20.1    19.1     0.0    20.14 R    37.0    15.1    22.1    95.8    58.9    84.7 -99.000 -99.000 -99.000 -99.000 -99.000 -9999.0 -9999.0 -9999.0 -9999.0 -9999.0
53877 20090711  1.303  -82.61   35.49    26.4    13.4    19.9    19.4    11.2    17.63 R    39.2    13.9    22.1    95.6    57.3    85.4 -99.000 -99.000 -99.000 -99.000 -99.000 -9999.0 -9999.0 -9999.0 -9999.0 -9999.0
53877 20090712  1.303  -82.61   35.49    28.2    15.2    21.7    21.3     0.0    19.38 R    41.0    15.4    23.9    99.4    59.6    86.7 -99.000 -99.000 -99.000 -99.000 -99.000 -9999.0 -9999.0 -9999.0 -9999.0 -9999.0
53877 20090713  1.303  -82.61   35.49    25.7    16.4    21.1    21.0     6.3    19.68 R    38.3    15.9    23.3    95.5    57.4    83.4 -99.000 -99.000 -99.000 -99.000 -99.000 -9999.0 -9999.0 -9999.0 -9999.0 -9999.0
53877 20090714  1.303  -82.61   35.49    27.1    12.4    19.8    19.7     0.0    23.87 R    37.0    12.5    22.5    95.5    45.7    78.8 -99.000 -99.000 -99.000 -99.000 -99.000 -9999.0 -9999.0 -9999.0 -9999.0 -9999.0
53877 20090715  1.303  -82.61   35.49    27.5    14.0    20.8    21.0     0.0    17.20 R    36.9    14.1    23.0    94.6    57.1    81.1 -99.000 -99.000 -99.000 -99.000 -99.000 -9999.0 -9999.0 -9999.0 -9999.0 -9999.0
53877 20090716  1.303  -82.61   35.49    28.0    18.6    23.3    22.0     0.0    15.38 R    38.0    19.0    23.8    94.6    61.2    84.1 -99.000 -99.000 -99.000 -99.000 -99.000 -9999.0 -9999.0 -9999.0 -9999.0 -9999.0
53877 20090717  1.303  -82.61   35.49    26.7    16.9    21.8    21.5     0.0    11.72 R    34.3    15.9    22.5    94.7    59.0    78.9 -99.000 -99.000 -99.000 -99.000 -99.000 -9999.0 -9999.0 -9999.0 -9999.0 -9999.0
53877 20090718  1.303  -82.61   35.49    22.7    12.3    17.5    17.5     0.0    21.49 R    34.3    11.8    19.2    92.6    44.7    69.0 -99.000 -99.000 -99.000 -99.000 -99.000 -9999.0 -9999.0 -9999.0 -9999.0 -9999.0
53877 20090719  1.303  -82.61   35.49    22.5    11.3    16.9    17.0     0.0    15.98 R    33.8    11.1    19.2    93.6    53.1    77.9 -99.000 -99.000 -99.000 -99.000 -99.000 -9999.0 -9999.0 -9999.0 -9999.0 -9999.0
53877 20090720  1.303  -82.61   35.49    22.9    12.2    17.5    17.3     0.3    14.49 R    34.4    12.1    19.5    94.0    51.4    83.4 -99.000 -99.000 -99.000 -99.000 -99.000 -9999.0 -9999.0 -9999.0 -9999.0 -9999.0
53877 20090721  1.303  -82.61   35.49    24.9    13.7    19.3    18.8     0.0    23.12 R    35.9    13.6    21.2    94.1    49.8    77.2 -99.000 -99.000 -99.000 -99.000 -99.000 -9999.0 -9999.0 -9999.0 -9999.0 -9999.0
53877 20090722  1.303  -82.61   35.49    24.8    13.4    19.1    18.5     3.1    12.80 R    36.8    13.1    20.2    95.6    62.1    87.0 -99.000 -99.000 -99.000 -99.000 -99.000 -9999.0 -9999.0 -9999.0 -9999.0 -9999.0
53877 20090723  1.303  -82.61   35.49    26.1    15.8    20.9    19.8     0.0    17.77 R    36.5    14.6    21.7    95.5    59.7    83.7 -99.000 -99.000 -99.000 -99.000 -99.000 -9999.0 -9999.0 -9999.0 -9999.0 -9999.0
53877 20090724  1.303  -82.61   35.49    26.7    11.4    19.1    19.2     0.3    24.54 R    39.2    10.8    22.0    94.5    43.9    76.0 -99.000 -99.000 -99.000 -99.000 -99.000 -9999.0 -9999.0 -9999.0 -9999.0 -9999.0
53877 20090725  1.303  -82.61   35.49    28.8    12.2    20.5    19.3    35.0    23.48 R    41.4    12.0    22.3    95.4    43.7    81.3 -99.000 -99.000 -99.000 -99.000 -99.000 -9999.0 -9999.0 -9999.0 -9999.0 -9999.0
53877 20090726  1.303  -82.61   35.49    27.3    13.3    20.3    19.7     0.0    18.98 R    41.0    13.4    22.4    96.0    55.0    85.8 -99.000 -99.000 -99.000 -99.000 -99.000 -9999.0 -9999.0 -9999.0 -9999.0 -9999.0
53877 20090727  1.303  -82.61   35.49    27.2    14.8    21.0    20.4     1.6    17.57 R    40.0    14.8    22.8    94.8    56.8    85.9 -99.000 -99.000 -99.000 -99.000 -99.000 -9999.0 -9999.0 -9999.0 -9999.0 -9999.0
53877 20090728  1.303  -82.61   35.49    27.9    16.8    22.4    20.2    34.6    16.12 R    40.3    16.8    22.8    95.6    52.3    88.3 -99.000 -99.000 -99.000 -99.000 -99.000 -9999.0 -9999.0 -9999.0 -9999.0 -9999.0
53877 20090729  1.303  -82.61   35.49    26.4    16.9    21.7    20.9     0.8    13.11 R    39.6    17.1    22.7    95.4    62.4    86.3 -99.000 -99.000 -99.000 -99.000 -99.000 -9999.0 -9999.0 -9999.0 -9999.0 -9999.0
53877 20090730  1.303  -82.61   35.49    27.1    16.3    21.7    20.5     0.7    13.70 R    36.6    16.5    22.6    95.2    58.9    87.2 -99.000 -99.000 -99.000 -99.000 -99.000 -9999.0 -9999.0 -9999.0 -9999.0 -9999.0
53877 20090731  1.303  -82.61   35.49    24.4    16.9    20.7    20.2     3.6     8.47 R    34.6    17.2    21.5    95.1    76.9    91.9 -99.000 -99.000 -99.000 -99.000 -99.000 -9999.0 -9999.0 -9999.0 -9999.0 -9999.0
53877 20090801  1.303  -82.61   35.49    28.6    17.9    23.2    22.0     1.1    22.29 R    39.2    17.4    24.8    99.4    55.2    83.2 -99.000 -99.000 -99.000 -99.000 -99.000 -9999.0 -9999.0 -9999.0 -9999.0 -9999.0
53877 20090802  1.303  -82.61   35.49    25.8    16.1    20.9    20.6     6.1    12.07 R    39.9    15.4    22.2    95.4    68.2    90.2 -99.000 -99.000 -99.000 -99.000 -99.000 -9999.0 -9999.0 -9999.0 -9999.0 -9999.0
53877 20090803  1.303  -82.61   35.49    27.1    12.5    19.8    19.5     0.0    23.73 R    36.7    12.0    21.9    95.5    53.1    80.7 -99.000 -99.000 -99.000 -99.000 -99.000 -9999.0 -9999.0 -9999.0 -9999.0 -9999.0
53877 20090804  1.303  -82.61   35.49    27.8    12.2    20.0    18.8     1.0    19.10 R    38.3    12.2    20.8    94.7    56.2    84.6 -99.000 -99.000 -99.000 -99.000 -99.000 -9999.0 -9999.0 -9999.0 -9999.0 -9999.0
53877 20090805  1.303  -82.61   35.49    26.9    14.0    20.5    18.8    17.7    11.44 R    37.8    14.1    20.3    95.3    65.8    90.5 -99.000 -99.000 -99.000 -99.000 -99.000 -9999.0 -9999.0 -9999.0 -9999.0 -9999.0
53877 20090806  1.303  -82.61   35.49    25.8    14.6    20.2    19.5     0.0    23.18 R    38.1    13.8    21.2    95.6    51.8    80.7 -99.000 -99.000 -99.000 -99.000 -99.000 -9999.0 -9999.0 -9999.0 -9999.0 -9999.0
53877 20090807  1.303  -82.61   35.49    27.8    12.1    19.9    19.7     0.0    23.06 R    37.8    11.8    21.8    94.7    52.4    81.3 -99.000 -99.000 -99.000 -99.000 -99.000 -9999.0 -9999.0 -9999.0 -9999.0 -9999.0
53877 20090808  1.303  -82.61   35.49    28.3    14.3    21.3    20.8     0.0    17.92 R    38.2    14.0    22.8    94.4    52.8    83.7 -99.000 -99.000 -99.000 -99.000 -99.000 -9999.0 -9999.0 -9999.0 -9999.0 -9999.0
53877 20090809  1.303  -82.61   35.49    29.2    15.3    22.3    21.9     0.0    21.23 R    38.1    14.8    23.6    94.6    50.1    81.2 -99.000 -99.000 -99.000 -99.000 -99.000 -9999.0 -9999.0 -9999.0 -9999.0 -9999.0
53877 20090810  1.303  -82.61   35.49    29.6    15.6    22.6    22.4     0.0    20.56 R    38.7    15.3    24.1    94.4    53.7    82.1 -99.000 -99.000 -99.000 -99.000 -99.000 -9999.0 -9999.0 -9999.0 -9999.0 -9999.0
53877 20090811  1.303  -82.61   35.49    29.3    16.7    23.0    21.1     1.0    15.69 R    39.3    15.7    22.2    94.9    57.8    86.3 -99.000 -99.000 -99.000 -99.000 -99.000 -9999.0 -9999.0 -9999.0 -9999.0 -9999.0
53877 20090812  1.303  -82.61   35.49    24.9    15.8    20.4    19.6    10.9    11.59 R    39.0    15.1    21.0    95.2    64.1    89.5 -99.000 -99.000 -99.000 -99.000 -99.000 -9999.0 -9999.0 -9999.0 -9999.0 -9999.0
53877 20090813  1.303  -82.61   35.49    27.5    15.3    21.4    20.1     0.0    22.28 R    38.5    14.7    23.0    98.9    48.2    84.0 -99.000 -99.000 -99.000 -99.000 -99.000 -9999.0 -9999.0 -9999.0 -9999.0 -9999.0
53877 20090814  1.303  -82.61   35.49    26.8    15.3    21.0    19.8     2.8    18.41 R    39.1    14.8    22.4    98.8    56.6    87.9 -99.000 -99.000 -99.000 -99.000 -99.000 -9999.0 -9999.0 -9999.0 -9999.0 -9999.0
53877 20090815  1.303  -82.61   35.49    28.0    15.1    21.5    20.3     0.0    22.69 R    38.7    14.6    22.8    98.6    43.9    81.9 -99.000 -99.000 -99.000 -99.000 -99.000 -9999.0 -9999.0 -9999.0 -9999.0 -9999.0
53877 20090816  1.303  -82.61   35.49    26.8    14.0    20.4    20.1     0.0    16.97 R    39.6    13.7    22.1    94.7    60.1    83.2 -99.000 -99.000 -99.000 -99.000 -99.000 -9999.0 -9999.0 -9999.0 -9999.0 -9999.0
53877 20090817  1.303  -82.61   35.49    27.5    17.2    22.3    20.9     0.8    17.12 R    38.8    16.8    22.6    95.2    45.5    82.8 -99.000 -99.000 -99.000 -99.000 -99.000 -9999.0 -9999.0 -9999.0 -9999.0 -9999.0
53877 20090818  1.303  -82.61   35.49    27.4    16.7    22.1    21.5     1.3    13.71 R    35.9    16.0    22.8    94.9    58.3    83.4 -99.000 -99.000 -99.000 -99.000 -99.000 -9999.0 -9999.0 -9999.0 -9999.0 -9999.0
53877 20090819  1.303  -82.61   35.49    26.1    16.6    21.3    20.6    10.1    12.69 R    38.5    15.9    22.2    95.4    71.0    91.0 -99.000 -99.000 -99.000 -99.000 -99.000 -9999.0 -9999.0 -9999.0 -9999.0 -9999.0
53877 20090820  1.303  -82.61   35.49    26.4    18.8    22.6    21.4     8.2    11.82 R    36.0    19.0    23.2    95.7    67.7    90.2 -99.000 -99.000 -99.000 -99.000 -99.000 -9999.0 -9999.0 -9999.0 -9999.0 -9999.0
53877 20090821  1.303  -82.61   35.49    27.7    18.6    23.2    21.7     1.0    17.66 R    42.5    18.4    23.8    95.5    60.6    86.3 -99.000 -99.000 -99.000 -99.000 -99.000 -9999.0 -9999.0 -9999.0 -9999.0 -9999.0
53877 20090822  1.303  -82.61   35.49    25.8    17.2    21.5    21.0     0.0    19.06 R    36.9    16.7    22.9    95.0    51.2    76.3 -99.000 -99.000 -99.000 -99.000 -99.000 -9999.0 -9999.0 -9999.0 -9999.0 -9999.0
53877 20090823  1.303  -82.61   35.49    24.4    15.3    19.9    18.7     0.0    12.34 R    33.5    14.8    20.2    94.4    58.6    82.4 -99.000 -99.000 -99.000 -99.000 -99.000 -9999.0 -9999.0 -9999.0 -9999.0 -9999.0
53877 20090824  1.303  -82.61   35.49    25.9    14.9    20.4    19.1     0.0    15.52 R    36.8    14.4    20.9    95.0    56.9    84.4 -99.000 -99.000 -99.000 -99.000 -99.000 -9999.0 -9999.0 -9999.0 -9999.0 -9999.0
53877 20090825  1.303  -82.61   35.49    27.0    15.3    21.2    20.1     0.0    21.99 R    37.6    14.6    21.9    94.9    41.7    78.1 -99.000 -99.000 -99.000 -99.000 -99.000 -9999.0 -9999.0 -9999.0 -9999.0 -9999.0
53877 20090826  1.303  -82.61   35.49    27.4    13.4    20.4    19.5     0.0    20.26 R    37.4    13.1    21.3    95.1    44.2    80.0 -99.000 -99.000 -99.000 -99.000 -99.000 -9999.0 -9999.0 -9999.0 -9999.0 -9999.0
53877 20090827  1.303  -82.61   35.49    27.6    13.9    20.7    19.5     0.8    13.30 R    37.4    13.5    21.0    95.0    51.2    83.7 -99.000 -99.000 -99.000 -99.000 -99.000 -9999.0 -9999.0 -9999.0 -9999.0 -9999.0
53877 20090828  1.303  -82.61   35.49    24.0    17.4    20.7    19.2    12.0     8.84 R    33.7    17.4    20.5    95.3    66.5    90.6 -99.000 -99.000 -99.000 -99.000 -99.000 -9999.0 -9999.0 -9999.0 -9999.0 -9999.0
53877 20090829  1.303  -82.61   35.49    26.2    15.4    20.8    19.9     0.3    17.80 R    36.9    14.7    21.8    95.7    54.0    85.1 -99.000 -99.000 -99.000 -99.000 -99.000 -9999.0 -9999.0 -9999.0 -9999.0 -9999.0
53877 20090830  1.303  -82.61   35.49    24.8    14.9    19.8    19.3     0.8    13.41 R    35.0    14.4    20.8    95.3    56.8    85.8 -99.000 -99.000 -99.000 -99.000 -99.000 -9999.0 -9999.0 -9999.0 -9999.0 -9999.0
53877 20090831  1.303  -82.61   35.49    19.9    16.4    18.2    17.7     7.4     7.76 R    33.6    16.8    19.2    95.1    78.0    90.5 -99.000 -99.000 -99.000 -99.000 -99.000 -9999.0 -9999.0 -9999.0 -9999.0 -9999.0
53877 20090901  1.303  -82.61   35.49    21.8    13.2    17.5    17.1     0.0    13.30 R    33.3    12.5    18.7    94.7    58.0    82.3 -99.000 -99.000 -99.000 -99.000 -99.000 -9999.0 -9999.0 -9999.0 -9999.0 -9999.0
53877 20090902  1.303  -82.61   35.49    22.8    11.9    17.4    16.7     0.0    19.10 R    34.9    11.0    18.6    94.4    53.2    78.7 -99.000 -99.000 -99.000 -99.000 -99.000 -9999.0 -9999.0 -9999.0 -9999.0 -9999.0
53877 20090903  1.303  -82.61   35.49    24.9     9.2    17.1    16.7     0.0    19.51 R    36.0     8.6    18.8    94.6    46.8    80.6 -99.000 -99.000 -99.000 -99.000 -99.000 -9999.0 -9999.0 -9999.0 -9999.0 -9999.0
53877 20090904  1.303  -82.61   35.49    25.6    11.8    18.7    17.8     0.0    16.14 R    35.7    11.1    19.4    94.9    48.1    83.9 -99.000 -99.000 -99.000 -99.000 -99.000 -9999.0 -9999.0 -9999.0 -9999.0 -9999.0
53877 20090905  1.303  -82.61   35.49    27.0    11.8    19.4    18.6     0.0    21.03 R    36.1    11.0    20.5    95.7    39.1    79.1 -99.000 -99.000 -99.000 -99.000 -99.000 -9999.0 -9999.0 -9999.0 -9999.0 -9999.0
53877 20090906  1.303  -82.61   35.49    24.7    16.4    20.6    19.7     0.0    12.28 R    34.0    16.3    21.0    93.3    50.6    80.6 -99.000 -99.000 -99.000 -99.000 -99.000 -9999.0 -9999.0 -9999.0 -9999.0 -9999.0
53877 20090907  1.303  -82.61   35.49    25.8    14.2    20.0    18.5     3.5    15.52 R    35.0    13.7    19.9    95.2    51.6    85.4 -99.000 -99.000 -99.000 -99.000 -99.000 -9999.0 -9999.0 -9999.0 -9999.0 -9999.0
53877 20090908  1.303  -82.61   35.49    25.7    14.2    19.9    17.7     8.7    15.04 R    38.0    13.9    19.5    98.8    54.0    89.8 -99.000 -99.000 -99.000 -99.000 -99.000 -9999.0 -9999.0 -9999.0 -9999.0 -9999.0
53877 20090909  1.303  -82.61   35.49    23.0    14.1    18.6    16.9    22.0     9.82 R    34.8    13.9    18.0    95.7    72.1    92.2 -99.000 -99.000 -99.000 -99.000 -99.000 -9999.0 -9999.0 -9999.0 -9999.0 -9999.0
53877 20090910  1.303  -82.61   35.49    20.2    14.0    17.1    16.3     0.0     7.81 R    32.7    13.8    17.7    95.7    75.2    89.5 -99.000 -99.000 -99.000 -99.000 -99.000 -9999.0 -9999.0 -9999.0 -9999.0 -9999.0
53877 20090911  1.303  -82.61   35.49    23.3    15.2    19.3    18.1     0.0    13.32 R    34.1    14.1    19.6    94.8    60.5    86.2 -99.000 -99.000 -99.000 -99.000 -99.000 -9999.0 -9999.0 -9999.0 -9999.0 -9999.0
53877 20090912  1.303  -82.61   35.49    25.0    13.2    19.1    17.7     0.0    17.33 R    34.3    12.4    19.3    98.5    52.4    84.2 -99.000 -99.000 -99.000 -99.000 -99.000 -9999.0 -9999.0 -9999.0 -9999.0 -9999.0
53877 20090913  1.303  -82.61   35.49    25.5    11.5    18.5    16.9     0.0    18.03 R    35.3    10.9    18.8    96.0    52.5    83.2 -99.000 -99.000 -99.000 -99.000 -99.000 -9999.0 -9999.0 -9999.0 -9999.0 -9999.0
53877 20090914  1.303  -82.61   35.49    25.7    10.4    18.1    18.2     0.0    17.25 R    35.7     9.9    19.8    94.6    54.4    83.2 -99.000 -99.000 -99.000 -99.000 -99.000 -9999.0 -9999.0 -9999.0 -9999.0 -9999.0
53877 20090915  1.303  -82.61   35.49    23.8    15.4    19.6    19.2     0.5     7.78 R    32.8    14.7    20.0    94.8    70.0    88.8 -99.000 -99.000 -99.000 -99.000 -99.000 -9999.0 -9999.0 -9999.0 -9999.0 -9999.0
53877 20090916  1.303  -82.61   35.49    21.3    17.6    19.4    18.8     4.0     5.04 R    27.2    17.6    19.5    95.1    85.5    92.9 -99.000 -99.000 -99.000 -99.000 -99.000 -9999.0 -9999.0 -9999.0 -9999.0 -9999.0
53877 20090917  1.303  -82.61   35.49    20.6    16.9    18.7    18.2    10.5     3.78 R    31.7    17.2    19.0    95.2    80.3    91.8 -99.000 -99.000 -99.000 -99.000 -99.000 -9999.0 -9999.0 -9999.0 -9999.0 -9999.0
53877 20090918  1.303  -82.61   35.49    24.1    17.6    20.8    19.0    12.7     8.77 R    34.6    17.3    20.2    95.5    70.4    91.5 -99.000 -99.000 -99.000 -99.000 -99.000 -9999.0 -9999.0 -9999.0 -9999.0 -9999.0
53877 20090919  1.303  -82.61   35.49    24.6    17.5    21.1    19.7     2.9     9.40 R    39.4    17.6    21.0    95.5    68.4    90.3 -99.000 -99.000 -99.000 -99.000 -99.000 -9999.0 -9999.0 -9999.0 -9999.0 -9999.0
53877 20090920  1.303  -82.61   35.49    19.4    16.8    18.1    17.8    66.0     1.71 R    23.2    17.1    18.3    95.3    91.7    93.6 -99.000 -99.000 -99.000 -99.000 -99.000 -9999.0 -9999.0 -9999.0 -9999.0 -9999.0
53877 20090921  1.303  -82.61   35.49    19.3    17.8    18.5    18.5    97.1     1.66 R    21.1    18.1    18.9    95.3    90.9    93.6 -99.000 -99.000 -99.000 -99.000 -99.000 -9999.0 -9999.0 -9999.0 -9999.0 -9999.0
53877 20090922  1.303  -82.61   35.49    25.1    16.6    20.9    19.6     0.0    15.60 R    37.0    16.5    21.4    95.2    63.1    85.7 -99.000 -99.000 -99.000 -99.000 -99.000 -9999.0 -9999.0 -9999.0 -9999.0 -9999.0
53877 20090923  1.303  -82.61   35.49    26.2    15.0    20.6    19.4     0.0    14.78 R    37.6    14.5    21.0    95.7    59.4    85.9 -99.000 -99.000 -99.000 -99.000 -99.000 -9999.0 -9999.0 -9999.0 -9999.0 -9999.0
53877 20090924  1.303  -82.61   35.49    27.5    15.1    21.3    20.0     0.0    15.99 R    37.4    14.7    22.1    98.6    55.7    87.1 -99.000 -99.000 -99.000 -99.000 -99.000 -9999.0 -9999.0 -9999.0 -9999.0 -9999.0
53877 20090925  1.303  -82.61   35.49    27.2    18.1    22.7    21.0     1.7    12.05 R    37.0    17.9    22.5    95.2    56.8    87.8 -99.000 -99.000 -99.000 -99.000 -99.000 -9999.0 -9999.0 -9999.0 -9999.0 -9999.0
53877 20090926  1.303  -82.61   35.49    19.0    14.4    16.7    15.6    23.6     1.79 R    21.7    14.8    16.3    95.4    87.4    92.4 -99.000 -99.000 -99.000 -99.000 -99.000 -9999.0 -9999.0 -9999.0 -9999.0 -9999.0
53877 20090927  1.303  -82.61   35.49    22.5     8.6    15.6    15.9     0.0    17.40 R    35.8     8.1    17.8    95.6    45.4    81.7 -99.000 -99.000 -99.000 -99.000 -99.000 -9999.0 -9999.0 -9999.0 -9999.0 -9999.0
53877 20090928  1.303  -82.61   35.49    25.1     6.6    15.9    14.8     0.0    17.57 R    37.1     6.5    15.5    94.9    33.5    66.6 -99.000 -99.000 -99.000 -99.000 -99.000 -9999.0 -9999.0 -9999.0 -9999.0 -9999.0
53877 20090929  1.303  -82.61   35.49    17.4     9.3    13.3    12.9     0.0    18.39 R    34.5     6.8    14.5    73.8    41.4    55.8 -99.000 -99.000 -99.000 -99.000 -99.000 -9999.0 -9999.0 -9999.0 -9999.0 -9999.0
53877 20090930  1.303  -82.61   35.49    18.1     6.3    12.2    11.7     0.0    18.24 R    37.3     5.3    13.9    93.1    51.1    71.1 -99.000 -99.000 -99.000 -99.000 -99.000 -9999.0 -9999.0 -9999.0 -9999.0 -9999.0
53877 20091001  1.303  -82.61   35.49    20.3     3.5    11.9    10.8     0.0    17.76 R    37.2     2.8    13.7    96.0    50.2    82.2 -99.000 -99.000 -99.000 -99.000 -99.000 -9999.0 -9999.0 -9999.0 -9999.0 -9999.0
53877 20091002  1.303  -82.61   35.49    20.5     7.2    13.8    12.3     0.0     7.33 R    37.3     6.3    13.1    95.2    58.9    86.4 -99.000 -99.000 -99.000 -99.000 -99.000 -9999.0 -9999.0 -9999.0 -9999.0 -9999.0
53877 20091003  1.303  -82.61   35.49    20.7     4.4    12.5    11.6     0.0    18.30 R    37.3     3.3    14.2   100.0    26.1    74.9 -99.000 -99.000 -99.000 -99.000 -99.000 -9999.0 -9999.0 -9999.0 -9999.0 -9999.0
53877 20091004  1.303  -82.61   35.49    17.8     2.8    10.3    10.2     6.9     8.41 R    30.6     2.2    11.9    95.0    48.0    83.2 -99.000 -99.000 -99.000 -99.000 -99.000 -9999.0 -9999.0 -9999.0 -9999.0 -9999.0
53877 20091005  1.303  -82.61   35.49    15.2    10.2    12.7    12.5    18.2     5.69 R    32.7    10.3    14.0    95.4    81.6    91.7 -99.000 -99.000 -99.000 -99.000 -99.000 -9999.0 -9999.0 -9999.0 -9999.0 -9999.0
53877 20091006  1.303  -82.61   35.49    20.9    12.5    16.7    15.8     0.7    10.27 R    37.3    11.5    17.9    95.3    61.9    87.6 -99.000 -99.000 -99.000 -99.000 -99.000 -9999.0 -9999.0 -9999.0 -9999.0 -9999.0
53877 20091007  1.303  -82.61   35.49    21.4     7.9    14.7    15.4     0.0    17.23 R    36.5     6.7    17.1    95.7    43.9    78.4 -99.000 -99.000 -99.000 -99.000 -99.000 -9999.0 -9999.0 -9999.0 -9999.0 -9999.0
53877 20091008  1.303  -82.61   35.49    22.5     3.7    13.1    12.9     0.0    15.34 R    37.3     3.1    14.6    94.6    40.4    76.2 -99.000 -99.000 -99.000 -99.000 -99.000 -9999.0 -9999.0 -9999.0 -9999.0 -9999.0
53877 20091009  1.303  -82.61   35.49    26.9     9.9    18.4    18.0     1.7     9.98 R    38.5     9.3    19.0    95.0    57.7    82.6 -99.000 -99.000 -99.000 -99.000 -99.000 -9999.0 -9999.0 -9999.0 -9999.0 -9999.0
53877 20091010  1.303  -82.61   35.49    18.7    11.6    15.1    15.8     0.5     4.34 R    26.4    10.5    16.6    95.2    80.8    89.7 -99.000 -99.000 -99.000 -99.000 -99.000 -9999.0 -9999.0 -9999.0 -9999.0 -9999.0
53877 20091011  1.303  -82.61   35.49    19.5    12.3    15.9    15.0     0.0    12.04 R    36.1    12.2    17.6    94.3    62.2    81.8 -99.000 -99.000 -99.000 -99.000 -99.000 -9999.0 -9999.0 -9999.0 -9999.0 -9999.0
53877 20091012  1.303  -82.61   35.49    14.4    12.3    13.3    13.1     7.8     2.44 R    21.8    11.8    14.0    94.9    83.6    90.2 -99.000 -99.000 -99.000 -99.000 -99.000 -9999.0 -9999.0 -9999.0 -9999.0 -9999.0
53877 20091013  1.303  -82.61   35.49    20.8    11.7    16.2    15.3     0.0    11.80 R    35.2    10.8    17.1    95.1    56.5    82.8 -99.000 -99.000 -99.000 -99.000 -99.000 -9999.0 -9999.0 -9999.0 -9999.0 -9999.0
53877 20091014  1.303  -82.61   35.49    14.2     7.8    11.0    11.0    13.4     3.17 R    25.4     8.8    12.3    95.0    84.4    91.3 -99.000 -99.000 -99.000 -99.000 -99.000 -9999.0 -9999.0 -9999.0 -9999.0 -9999.0
53877 20091015  1.303  -82.61   35.49    13.7     6.9    10.3    10.3     1.5     4.65 R    23.9     8.1    12.1    94.7    86.4    91.6 -99.000 -99.000 -99.000 -99.000 -99.000 -9999.0 -9999.0 -9999.0 -9999.0 -9999.0
53877 20091016  1.303  -82.61   35.49    12.5     6.4     9.5    10.2     0.8     4.94 R    23.0     7.0    11.6    90.3    67.2    80.2 -99.000 -99.000 -99.000 -99.000 -99.000 -9999.0 -9999.0 -9999.0 -9999.0 -9999.0
53877 20091017  1.303  -82.61   35.49     6.6     2.2     4.4     5.0     5.7     3.67 R    20.4     2.7     6.2    91.2    66.7    80.2 -99.000 -99.000 -99.000 -99.000 -99.000 -9999.0 -9999.0 -9999.0 -9999.0 -9999.0
53877 20091018  1.303  -82.61   35.49     7.6     1.2     4.4     4.0     0.0    12.32 R    24.2    -0.3     5.6    87.1    47.6    63.0 -99.000 -99.000 -99.000 -99.000 -99.000 -9999.0 -9999.0 -9999.0 -9999.0 -9999.0
53877 20091019  1.303  -82.61   35.49    15.9    -3.1     6.4     4.5     0.0    14.89 R    33.4    -3.5     6.5    93.2    22.3    69.9 -99.000 -99.000 -99.000 -99.000 -99.000 -9999.0 -9999.0 -9999.0 -9999.0 -9999.0
53877 20091020  1.303  -82.61   35.49    20.9    -2.9     9.0     6.5     0.0    14.97 R    34.7    -3.6     8.0    93.6    17.4    71.2 -99.000 -99.000 -99.000 -99.000 -99.000 -9999.0 -9999.0 -9999.0 -9999.0 -9999.0
53877 20091021  1.303  -82.61   35.49    22.7    -1.8    10.4     8.4     0.0    14.76 R    37.4    -2.6     9.6    94.1    16.1    69.3 -99.000 -99.000 -99.000 -99.000 -99.000 -9999.0 -9999.0 -9999.0 -9999.0 -9999.0
53877 20091022  1.303  -82.61   35.49    21.4     0.5    10.9    10.3     0.0    13.07 R    38.0    -0.1    11.8    93.9    27.2    74.4 -99.000 -99.000 -99.000 -99.000 -99.000 -9999.0 -9999.0 -9999.0 -9999.0 -9999.0
53877 20091023  1.303  -82.61   35.49    19.3    11.6    15.5    16.9    24.2     3.24 R    27.6    11.7    16.8    94.6    76.2    87.1 -99.000 -99.000 -99.000 -99.000 -99.000 -9999.0 -9999.0 -9999.0 -9999.0 -9999.0
53877 20091024  1.303  -82.61   35.49    20.2     6.7    13.4    13.7     3.0    10.67 R    31.3     5.1    14.3    95.0    51.5    77.2 -99.000 -99.000 -99.000 -99.000 -99.000 -9999.0 -9999.0 -9999.0 -9999.0 -9999.0
53877 20091025  1.303  -82.61   35.49    17.9     1.4     9.7     7.8     0.0    12.87 R    32.1     0.5     8.9    93.1    29.1    71.4 -99.000 -99.000 -99.000 -99.000 -99.000 -9999.0 -9999.0 -9999.0 -9999.0 -9999.0
53877 20091026  1.303  -82.61   35.49    17.0     2.1     9.5     8.9     0.0    10.98 R    31.7     1.9    10.8    94.2    29.2    69.3 -99.000 -99.000 -99.000 -99.000 -99.000 -9999.0 -9999.0 -9999.0 -9999.0 -9999.0
53877 20091027  1.303  -82.61   35.49    11.4     8.0     9.7     9.6    33.7     1.13 R    17.5     8.7    10.3    94.8    53.7    89.1 -99.000 -99.000 -99.000 -99.000 -99.000 -9999.0 -9999.0 -9999.0 -9999.0 -9999.0
53877 20091028  1.303  -82.61   35.49    20.5     6.1    13.3    12.9     0.2    13.35 R    32.4     4.9    13.7    95.6    49.2    81.5 -99.000 -99.000 -99.000 -99.000 -99.000 -9999.0 -9999.0 -9999.0 -9999.0 -9999.0
53877 20091029  1.303  -82.61   35.49    20.3     3.6    12.0    12.2     0.0    12.47 R    34.7     2.9    13.4    96.0    55.1    78.8 -99.000 -99.000 -99.000 -99.000 -99.000 -9999.0 -9999.0 -9999.0 -9999.0 -9999.0
53877 20091030  1.303  -82.61   35.49    15.0    11.3    13.1    12.8     1.4     3.60 R    23.4    11.8    13.7    93.0    73.9    86.7 -99.000 -99.000 -99.000 -99.000 -99.000 -9999.0 -9999.0 -9999.0 -9999.0 -9999.0
53877 20091031  1.303  -82.61   35.49    19.8     8.5    14.1    13.1    29.2     3.37 R    24.8     8.8    13.8    94.5    84.2    92.2 -99.000 -99.000 -99.000 -99.000 -99.000 -9999.0 -9999.0 -9999.0 -9999.0 -9999.0
53877 20091101  1.303  -82.61   35.49    12.0     7.1     9.6     8.8     0.7     8.83 R    25.1     6.4     9.9    90.4    61.7    75.9 -99.000 -99.000 -99.000 -99.000 -99.000 -9999.0 -9999.0 -9999.0 -9999.0 -9999.0
53877 20091102  1.303  -82.61   35.49    17.6     1.4     9.5     8.3     0.0    12.51 R    30.6     1.1     9.2    93.7    27.7    70.6 -99.000 -99.000 -99.000 -99.000 -99.000 -9999.0 -9999.0 -9999.0 -9999.0 -9999.0
53877 20091103  1.303  -82.61   35.49    17.3    -0.5     8.4     7.0     0.0    11.81 R    30.5    -0.4     7.5    94.5    35.8    74.2 -99.000 -99.000 -99.000 -99.000 -99.000 -9999.0 -9999.0 -9999.0 -9999.0 -9999.0
53877 20091104  1.303  -82.61   35.49    17.1    -1.5     7.8     6.4     0.0    11.77 R    29.5    -1.8     7.2    94.2    31.8    71.0 -99.000 -99.000 -99.000 -99.000 -99.000 -9999.0 -9999.0 -9999.0 -9999.0 -9999.0
53877 20091105  1.303  -82.61   35.49    14.5    -1.7     6.4     5.9     0.0    11.83 R    30.1    -2.2     5.9    94.1    28.0    65.9 -99.000 -99.000 -99.000 -99.000 -99.000 -9999.0 -9999.0 -9999.0 -9999.0 -9999.0
53877 20091106  1.303  -82.61   35.49    16.8    -3.1     6.8     4.9     0.0    11.43 R    30.9    -3.9     5.5    92.0    21.5    66.5 -99.000 -99.000 -99.000 -99.000 -99.000 -9999.0 -9999.0 -9999.0 -9999.0 -9999.0
53877 20091107  1.303  -82.61   35.49    20.1    -2.1     9.0     6.5     0.0    11.20 R    33.8    -2.5     6.7    92.8    29.7    71.2 -99.000 -99.000 -99.000 -99.000 -99.000 -9999.0 -9999.0 -9999.0 -9999.0 -9999.0
53877 20091108  1.303  -82.61   35.49    23.4    -1.6    10.9     8.6     0.0    11.22 R    35.8    -2.5     7.9    93.8    10.8    62.7 -99.000 -99.000 -99.000 -99.000 -99.000 -9999.0 -9999.0 -9999.0 -9999.0 -9999.0
53877 20091109  1.303  -82.61   35.49    17.3     0.6     8.9     8.5     0.0     5.06 R    24.7     0.1     8.4    92.6    38.1    71.3 -99.000 -99.000 -99.000 -99.000 -99.000 -9999.0 -9999.0 -9999.0 -9999.0 -9999.0
53877 20091110  1.303  -82.61   35.49    12.5     9.1    10.8    10.7    61.6     0.95 R    20.8     9.0    10.8    95.5    79.5    93.2 -99.000 -99.000 -99.000 -99.000 -99.000 -9999.0 -9999.0 -9999.0 -9999.0 -9999.0
53877 20091111  1.303  -82.61   35.49    11.0     6.9     9.0    10.0    44.4     1.11 R    12.6     7.3    10.3    95.5    81.5    92.3 -99.000 -99.000 -99.000 -99.000 -99.000 -9999.0 -9999.0 -9999.0 -9999.0 -9999.0
53877 20091112  1.303  -82.61   35.49    12.9     6.3     9.6     8.6     0.0     8.00 R    25.2     5.8     9.2    86.3    58.9    71.5 -99.000 -99.000 -99.000 -99.000 -99.000 -9999.0 -9999.0 -9999.0 -9999.0 -9999.0
53877 20091113  1.303  -82.61   35.49    19.6     4.1    11.8    10.6     0.0    10.04 R    29.6     3.4    10.1    93.6    46.3    71.3 -99.000 -99.000 -99.000 -99.000 -99.000 -9999.0 -9999.0 -9999.0 -9999.0 -9999.0
53877 20091114  1.303  -82.61   35.49    22.9     1.5    12.2     9.8     0.0    10.52 R    32.0     0.9     9.5    94.6    27.3    75.1 -99.000 -99.000 -99.000 -99.000 -99.000 -9999.0 -9999.0 -9999.0 -9999.0 -9999.0
53877 20091115  1.303  -82.61   35.49    22.5     0.6    11.6     9.0     0.0    10.61 R    33.6     0.3     8.8    94.4    33.8    75.8 -99.000 -99.000 -99.000 -99.000 -99.000 -9999.0 -9999.0 -9999.0 -9999.0 -9999.0
53877 20091116  1.303  -82.61   35.49    20.6    -1.0     9.8     8.9     0.0    10.36 R    33.8    -1.4     8.1    94.3    31.2    70.2 -99.000 -99.000 -99.000 -99.000 -99.000 -9999.0 -9999.0 -9999.0 -9999.0 -9999.0
53877 20091117  1.303  -82.61   35.49    15.9     1.3     8.6    10.1     9.8     4.98 R    26.0     0.5    10.0    93.6    61.9    77.9 -99.000 -99.000 -99.000 -99.000 -99.000 -9999.0 -9999.0 -9999.0 -9999.0 -9999.0
53877 20091118  1.303  -82.61   35.49    11.1     7.6     9.4     9.3    31.0     0.28 R    11.8     8.0     9.5    94.1    87.6    92.0 -99.000 -99.000 -99.000 -99.000 -99.000 -9999.0 -9999.0 -9999.0 -9999.0 -9999.0
53877 20091119  1.303  -82.61   35.49    17.6     3.1    10.4    11.1     0.0     9.02 R    30.8     2.0    11.8    94.5    53.3    81.8 -99.000 -99.000 -99.000 -99.000 -99.000 -9999.0 -9999.0 -9999.0 -9999.0 -9999.0
53877 20091120  2.402  -82.61   35.49 -9999.0 -9999.0 -9999.0 -9999.0 -9999.0 -9999.00 U -9999.0 -9999.0 -9999.0 -9999.0 -9999.0 -9999.0 -99.000 -99.000 -99.000 -99.000 -99.000 -9999.0 -9999.0 -9999.0 -9999.0 -9999.0
53877 20091121  2.402  -82.61   35.49    14.8    -1.0     6.9     4.7     0.0     9.89 R    38.7    -0.2     6.2    98.2    35.1    81.7 -99.000 -99.000 -99.000 -99.000 -99.000 -9999.0 -9999.0 -9999.0 -9999.0 -9999.0
53877 20091122  2.402  -82.61   35.49     7.3    -1.1     3.1     4.0     9.4     2.07 R    24.7    -0.5     5.1    98.7    81.5    95.2 -99.000 -99.000 -99.000 -99.000 -99.000 -9999.0 -9999.0 -9999.0 -9999.0 -9999.0
53877 20091123  2.402  -82.61   35.49    12.0     5.0     8.5     7.9     0.2     4.33 R    24.7     4.2     9.1    99.0    73.5    91.5 -99.000 -99.000 -99.000 -99.000 -99.000 -9999.0 -9999.0 -9999.0 -9999.0 -9999.0
53877 20091124  2.402  -82.61   35.49    12.7     2.6     7.6     7.3     0.0     8.94 R    40.8     2.3     9.6   100.0    72.3    93.3 -99.000 -99.000 -99.000 -99.000 -99.000 -9999.0 -9999.0 -9999.0 -9999.0 -9999.0
53877 20091125  2.402  -82.61   35.49    14.7     0.7     7.7     7.0     0.0     9.56 R    61.9     0.8     8.3    99.2    48.6    86.1 -99.000 -99.000 -99.000 -99.000 -99.000 -9999.0 -9999.0 -9999.0 -9999.0 -9999.0
53877 20091126  2.402  -82.61   35.49    11.6    -1.3     5.2     3.8     0.0     6.89 R    37.7    -1.4     4.5    98.8    38.7    69.9 -99.000 -99.000 -99.000 -99.000 -99.000 -9999.0 -9999.0 -9999.0 -9999.0 -9999.0
53877 20091127  2.402  -82.61   35.49    11.4     1.9     6.7     5.2     0.0     9.64 R    34.6     0.2     5.0    68.7    16.3    45.8 -99.000 -99.000 -99.000 -99.000 -99.000 -9999.0 -9999.0 -9999.0 -9999.0 -9999.0
53877 20091128  2.402  -82.61   35.49    15.2    -2.8     6.2     4.4     0.0     9.46 R    38.8    -3.2     4.4    91.7    26.9    60.3 -99.000 -99.000 -99.000 -99.000 -99.000 -9999.0 -9999.0 -9999.0 -9999.0 -9999.0
53877 20091129  2.402  -82.61   35.49    17.3    -0.7     8.3     7.1     0.0     7.10 R    41.4    -0.5     7.7    95.3    28.4    72.5 -99.000 -99.000 -99.000 -99.000 -99.000 -9999.0 -9999.0 -9999.0 -9999.0 -9999.0
53877 20091130  2.402  -82.61   35.49    11.1     0.9     6.0     6.2     6.0     1.54 R    31.3     0.0     6.2    99.1    71.8    88.6 -99.000 -99.000 -99.000 -99.000 -99.000 -9999.0 -9999.0 -9999.0 -9999.0 -9999.0
53877 20091201  2.402  -82.61   35.49    13.0    -2.8     5.1     4.9     0.0     8.93 R    35.0    -3.2     4.9    96.7    27.2    64.3 -99.000 -99.000 -99.000 -99.000 -99.000 -9999.0 -9999.0 -9999.0 -9999.0 -9999.0
53877 20091202  2.402  -82.61   35.49    12.7     3.0     7.8     7.2    42.5     1.14 R    16.6     3.9     7.1    99.3    47.3    90.3 -99.000 -99.000 -99.000 -99.000 -99.000 -9999.0 -9999.0 -9999.0 -9999.0 -9999.0
53877 20091203  2.402  -82.61   35.49     7.8     3.0     5.4     5.1     0.0     6.23 R    25.4     2.4     5.6    99.8    67.5    82.6 -99.000 -99.000 -99.000 -99.000 -99.000 -9999.0 -9999.0 -9999.0 -9999.0 -9999.0
53877 20091204  2.402  -82.61   35.49     7.3     2.4     4.9     4.2     0.0     3.50 R    23.6     2.6     5.6    89.4    64.7    78.8 -99.000 -99.000 -99.000 -99.000 -99.000 -9999.0 -9999.0 -9999.0 -9999.0 -9999.0
53877 20091205  2.402  -82.61   35.49     3.8    -2.6     0.6     1.2     3.2     4.69 R    30.0    -3.2     2.8    98.0    66.7    84.3 -99.000 -99.000 -99.000 -99.000 -99.000 -9999.0 -9999.0 -9999.0 -9999.0 -9999.0
53877 20091206  2.402  -82.61   35.49     4.3    -7.5    -1.6    -1.5     0.0     5.98 R    19.0    -7.0    -0.3    96.0    46.3    75.3 -99.000 -99.000 -99.000 -99.000 -99.000 -9999.0 -9999.0 -9999.0 -9999.0 -9999.0
53877 20091207  2.402  -82.61   35.49    10.9    -5.4     2.8     1.2     0.0     8.37 R    51.3    -5.4     2.4    96.8    41.8    79.9 -99.000 -99.000 -99.000 -99.000 -99.000 -9999.0 -9999.0 -9999.0 -9999.0 -9999.0
53877 20091208  2.402  -82.61   35.49     6.8    -0.4     3.2     2.9    25.0     1.84 R    27.6    -0.2     3.6    98.2    66.2    89.5 -99.000 -99.000 -99.000 -99.000 -99.000 -9999.0 -9999.0 -9999.0 -9999.0 -9999.0
53877 20091209  2.402  -82.61   35.49    18.2     0.5     9.4     8.1    21.0     8.68 R    47.8     0.9     7.2   100.0    22.2    64.0 -99.000 -99.000 -99.000 -99.000 -99.000 -9999.0 -9999.0 -9999.0 -9999.0 -9999.0
53877 20091210  2.402  -82.61   35.49     4.5    -4.0     0.3     0.3     0.0     8.86 R    30.0    -4.8     0.7    59.5    22.7    39.6 -99.000 -99.000 -99.000 -99.000 -99.000 -9999.0 -9999.0 -9999.0 -9999.0 -9999.0
53877 20091211  2.402  -82.61   35.49     0.6    -7.0    -3.2    -4.3     0.0     4.35 R    17.5    -6.8    -3.3    71.2    21.3    39.2 -99.000 -99.000 -99.000 -99.000 -99.000 -9999.0 -9999.0 -9999.0 -9999.0 -9999.0
53877 20091212  2.402  -82.61   35.49     3.3    -7.7    -2.2    -1.9     0.5     3.32 R    44.3    -6.9    -0.9    98.3    17.2    56.6 -99.000 -99.000 -99.000 -99.000 -99.000 -9999.0 -9999.0 -9999.0 -9999.0 -9999.0
53877 20091213  2.402  -82.61   35.49    14.4    -0.5     6.9     6.1     6.6     5.74 R    46.4     0.6     6.7    99.8    75.9    95.2 -99.000 -99.000 -99.000 -99.000 -99.000 -9999.0 -9999.0 -9999.0 -9999.0 -9999.0
53877 20091214  2.402  -82.61   35.49    16.5     2.9     9.7     7.1     0.0     8.38 R    37.6     4.2     8.2   100.0    41.4    90.8 -99.000 -99.000 -99.000 -99.000 -99.000 -9999.0 -9999.0 -9999.0 -9999.0 -9999.0
53877 20091215  2.402  -82.61   35.49    12.1     3.4     7.8     6.9     0.0     1.91 R    26.0     1.8     6.6    99.3    59.2    85.1 -99.000 -99.000 -99.000 -99.000 -99.000 -9999.0 -9999.0 -9999.0 -9999.0 -9999.0
53877 20091216  2.402  -82.61   35.49     7.3    -4.5     1.4     1.4     0.0     7.75 R    22.9    -4.5     1.4    85.5    15.4    50.8 -99.000 -99.000 -99.000 -99.000 -99.000 -9999.0 -9999.0 -9999.0 -9999.0 -9999.0
53877 20091217  2.402  -82.61   35.49     9.3    -6.9     1.2     0.3     0.0     6.92 R    24.1    -6.4     0.8    93.1    28.0    64.2 -99.000 -99.000 -99.000 -99.000 -99.000 -9999.0 -9999.0 -9999.0 -9999.0 -9999.0
53877 20091218  2.402  -82.61   35.49     1.3    -1.0     0.1    -0.1    39.5     0.07 R    19.9    -0.7     0.0    99.6    71.3    91.9 -99.000 -99.000 -99.000 -99.000 -99.000 -9999.0 -9999.0 -9999.0 -9999.0 -9999.0
53877 20091219  2.402  -82.61   35.49 -9999.0 -9999.0 -9999.0 -9999.0 -9999.0 -9999.00 U -9999.0 -9999.0 -9999.0 -9999.0 -9999.0 -9999.0 -99.000 -99.000 -99.000 -99.000 -99.000 -9999.0 -9999.0 -9999.0 -9999.0 -9999.0
53877 20091220 -9.000  -82.61   35.49 -9999.0 -9999.0 -9999.0 -9999.0 -9999.0 -9999.00 U -9999.0 -9999.0 -9999.0 -9999.0 -9999.0 -9999.0 -99.000 -99.000 -99.000 -99.000 -99.000 -9999.0 -9999.0 -9999.0 -9999.0 -9999.0
53877 20091221 -9.000  -82.61   35.49 -9999.0 -9999.0 -9999.0 -9999.0 -9999.0 -9999.00 U -9999.0 -9999.0 -9999.0 -9999.0 -9999.0 -9999.0 -99.000 -99.000 -99.000 -99.000 -99.000 -9999.0 -9999.0 -9999.0 -9999.0 -9999.0
53877 20091222 -9.000  -82.61   35.49 -9999.0 -9999.0 -9999.0 -9999.0 -9999.0 -9999.00 U -9999.0 -9999.0 -9999.0 -9999.0 -9999.0 -9999.0 -99.000 -99.000 -99.000 -99.000 -99.000 -9999.0 -9999.0 -9999.0 -9999.0 -9999.0
53877 20091223 -9.000  -82.61   35.49 -9999.0 -9999.0 -9999.0 -9999.0 -9999.0 -9999.00 U -9999.0 -9999.0 -9999.0 -9999.0 -9999.0 -9999.0 -99.000 -99.000 -99.000 -99.000 -99.000 -9999.0 -9999.0 -9999.0 -9999.0 -9999.0
53877 20091224 -9.000  -82.61   35.49 -9999.0 -9999.0 -9999.0 -9999.0 -9999.0 -9999.00 U -9999.0 -9999.0 -9999.0 -9999.0 -9999.0 -9999.0 -99.000 -99.000 -99.000 -99.000 -99.000 -9999.0 -9999.0 -9999.0 -9999.0 -9999.0
53877 20091225 -9.000  -82.61   35.49 -9999.0 -9999.0 -9999.0 -9999.0 -9999.0 -9999.00 U -9999.0 -9999.0 -9999.0 -9999.0 -9999.0 -9999.0 -99.000 -99.000 -99.000 -99.000 -99.000 -9999.0 -9999.0 -9999.0 -9999.0 -9999.0
53877 20091226 -9.000  -82.61   35.49 -9999.0 -9999.0 -9999.0 -9999.0 -9999.0 -9999.00 U -9999.0 -9999.0 -9999.0 -9999.0 -9999.0 -9999.0 -99.000 -99.000 -99.000 -99.000 -99.000 -9999.0 -9999.0 -9999.0 -9999.0 -9999.0
53877 20091227 -9.000  -82.61   35.49 -9999.0 -9999.0 -9999.0 -9999.0 -9999.0 -9999.00 U -9999.0 -9999.0 -9999.0 -9999.0 -9999.0 -9999.0 -99.000 -99.000 -99.000 -99.000 -99.000 -9999.0 -9999.0 -9999.0 -9999.0 -9999.0
53877 20091228 -9.000  -82.61   35.49 -9999.0 -9999.0 -9999.0 -9999.0 -9999.0 -9999.00 U -9999.0 -9999.0 -9999.0 -9999.0 -9999.0 -9999.0 -99.000 -99.000 -99.000 -99.000 -99.000 -9999.0 -9999.0 -9999.0 -9999.0 -9999.0
53877 20091229  2.402  -82.61   35.49 -9999.0 -9999.0 -9999.0 -9999.0 -9999.0 -9999.00 U -9999.0 -9999.0 -9999.0 -9999.0 -9999.0 -9999.0 -99.000 -99.000 -99.000 -99.000 -99.000 -9999.0 -9999.0 -9999.0 -9999.0 -9999.0
53877 20091230  2.402  -82.61   35.49     5.3    -7.0    -0.8     0.1     1.0     6.50 R    17.5    -6.6     0.9    96.2    27.6    54.8 -99.000 -99.000 -99.000 -99.000 -99.000 -9999.0 -9999.0 -9999.0 -9999.0 -9999.0
53877 20091231  2.402  -82.61   35.49     9.4    -1.6     3.9     2.3     0.2     3.99 R    15.1    -2.7     2.7    99.7    71.8    94.1 -99.000 -99.000 -99.000 -99.000 -99.000 -9999.0 -9999.0 -9999.0 -9999.0 -9999.0
