53877 20100101  2.402  -82.61   35.49     4.3    -6.2    -1.0     0.6     0.0     7.54 R    18.0    -6.3     1.4    98.4    45.8    73.8 -99.000 -99.000 -99.000 -99.000 -99.000 -9999.0 -9999.0 -9999.0 -9999.0 -9999.0
53877 20100102  2.402  -82.61   35.49    -5.1   -10.2    -7.6    -7.1     0.0     8.07 R     7.3    -9.6    -5.4    79.4    44.2    59.3 -99.000 -99.000 -99.000 -99.000 -99.000 -9999.0 -9999.0 -9999.0 -9999.0 -9999.0
53877 20100103  2.402  -82.61   35.49    -5.3   -11.6    -8.4    -9.2     0.0     5.16 R    15.6   -10.7    -7.7    70.1    39.1    54.9 -99.000 -99.000 -99.000 -99.000 -99.000 -9999.0 -9999.0 -9999.0 -9999.0 -9999.0
53877 20100104  2.402  -82.61   35.49    -4.4   -11.6    -8.0    -8.1     0.0     9.30 R    14.6   -11.2    -5.9    76.0    50.9    62.3 -99.000 -99.000 -99.000 -99.000 -99.000 -9999.0 -9999.0 -9999.0 -9999.0 -9999.0
53877 20100105  2.402  -82.61   35.49    -3.2    -9.8    -6.5    -6.9     0.0     7.54 R    13.3    -9.5    -5.3    81.5    54.4    67.1 -99.000 -99.000 -99.000 -99.000 -99.000 -9999.0 -9999.0 -9999.0 -9999.0 -9999.0
53877 20100106  2.402  -82.61   35.49    -1.0    -9.4    -5.2    -5.8     0.0     9.24 R    13.1   -10.3    -4.7    82.6    49.2    67.9 -99.000 -99.000 -99.000 -99.000 -99.000 -9999.0 -9999.0 -9999.0 -9999.0 -9999.0
53877 20100107  2.402  -82.61   35.49     4.2    -9.1    -2.4    -2.5     0.0     5.68 R    16.2    -8.9    -1.2    87.1    25.1    64.9 -99.000 -99.000 -99.000 -99.000 -99.000 -9999.0 -9999.0 -9999.0 -9999.0 -9999.0
53877 20100108  2.402  -82.61   35.49    -2.0   -12.6    -7.3    -9.1     0.0     8.79 R    20.9   -11.7    -7.0    82.4    53.5    66.3 -99.000 -99.000 -99.000 -99.000 -99.000 -9999.0 -9999.0 -9999.0 -9999.0 -9999.0
53877 20100109  2.402  -82.61   35.49    -3.0   -12.3    -7.7    -8.0     0.0     8.73 R    26.1   -11.7    -5.9    82.4    41.0    62.0 -99.000 -99.000 -99.000 -99.000 -99.000 -9999.0 -9999.0 -9999.0 -9999.0 -9999.0
53877 20100110  2.402  -82.61   35.49    -1.4   -12.3    -6.9    -6.9     0.0     9.71 R    14.4   -11.7    -5.0    88.0    36.0    59.5 -99.000 -99.000 -99.000 -99.000 -99.000 -9999.0 -9999.0 -9999.0 -9999.0 -9999.0
53877 20100111  2.402  -82.61   35.49     2.0   -15.3    -6.7    -6.2     0.0     4.95 R    27.5   -13.8    -4.9    90.1    29.2    63.0 -99.000 -99.000 -99.000 -99.000 -99.000 -9999.0 -9999.0 -9999.0 -9999.0 -9999.0
53877 20100112  2.402  -82.61   35.49    -1.5    -6.0    -3.8    -3.0     0.3     4.22 R    12.1    -7.4    -2.3    89.6    58.9    74.3 -99.000 -99.000 -99.000 -99.000 -99.000 -9999.0 -9999.0 -9999.0 -9999.0 -9999.0
53877 20100113  2.402  -82.61   35.49     8.7   -12.1    -1.7    -3.7     0.0     9.77 R    31.4   -11.5    -2.7    93.4    25.7    72.0 -99.000 -99.000 -99.000 -99.000 -99.000 -9999.0 -9999.0 -9999.0 -9999.0 -9999.0
53877 20100114  2.402  -82.61   35.49    12.5    -9.8     1.3    -1.5     0.0     8.97 R    27.5    -9.9    -1.2    93.5    13.1    68.1 -99.000 -99.000 -99.000 -99.000 -99.000 -9999.0 -9999.0 -9999.0 -9999.0 -9999.0
53877 20100115  2.402  -82.61   35.49    14.5    -6.9     3.8     0.7     0.0     9.91 R    30.3    -7.4     0.4    92.6    11.2    64.8 -99.000 -99.000 -99.000 -99.000 -99.000 -9999.0 -9999.0 -9999.0 -9999.0 -9999.0
53877 20100116  2.402  -82.61   35.49    10.7    -4.1     3.3     2.0     9.9     3.76 R    19.6    -5.0     2.0    99.9    26.8    73.6 -99.000 -99.000 -99.000 -99.000 -99.000 -9999.0 -9999.0 -9999.0 -9999.0 -9999.0
53877 20100117  2.402  -82.61   35.49    10.0     2.4     6.2     6.0    30.8     3.99 R    12.7     2.4     5.2   100.0    77.5    96.7 -99.000 -99.000 -99.000 -99.000 -99.000 -9999.0 -9999.0 -9999.0 -9999.0 -9999.0
53877 20100118  2.402  -82.61   35.49    13.6    -2.2     5.7     6.4     0.0    10.29 R    30.7    -2.8     5.4    97.5    33.2    73.0 -99.000 -99.000 -99.000 -99.000 -99.000 -9999.0 -9999.0 -9999.0 -9999.0 -9999.0
53877 20100119  2.402  -82.61   35.49    14.6    -3.1     5.8     4.3     0.0     9.19 R    29.6    -3.7     4.2    98.7    43.9    80.0   0.365   0.343   0.328   0.414   0.399     2.4     2.3     2.2     2.7     5.4
53877 20100120  2.402  -82.61   35.49    15.1     0.2     7.7     6.1     0.5     4.08 R    35.1    -0.1     6.0    98.9    56.3    88.9   0.354   0.329   0.324   0.413   0.399     3.8     3.6     3.4     3.3     5.4
53877 20100121  2.402  -82.61   35.49     8.8     0.7     4.7     3.5    12.1     1.25 R     7.4     1.6     3.9    99.4    90.7    95.8   0.380   0.359   0.348   0.413   0.400     4.4     4.3     4.3     4.1     5.5
53877 20100122  2.402  -82.61   35.49     9.2    -0.4     4.4     3.0     0.5     4.80 R    22.3    -0.8     4.0   100.0    77.5    95.2   0.390   0.370   0.356   0.415   0.401     4.3     4.2     4.2     4.3     5.6
53877 20100123  2.402  -82.61   35.49     4.7     0.5     2.6     3.6     0.3     1.76 R    15.8     1.5     4.1   100.0    85.9    93.6   0.363   0.341   0.329   0.415   0.401     4.2     4.3     4.4     4.6     5.8
53877 20100124  2.402  -82.61   35.49    14.8     2.6     8.7     6.6    71.5     1.13 R    12.5     2.9     6.2    99.3    87.9    94.6   0.419   0.387   0.350   0.416   0.402     5.0     4.8     4.7     4.7     5.9
53877 20100125  2.402  -82.61   35.49    12.4     0.1     6.2     6.7     0.6    10.99 R    27.9     0.1     7.3    99.6    33.8    70.6   0.420   0.395   0.355   0.416   0.403     7.0     6.6     6.2     5.4     6.0
53877 20100126  2.402  -82.61   35.49     3.2    -5.3    -1.1    -1.0     0.0     4.30 R    14.4    -4.9    -0.3    94.4    44.7    65.4   0.379   0.356   0.335   0.416   0.403     3.8     4.2     5.0     5.7     6.2
53877 20100127  2.402  -82.61   35.49     5.3    -4.3     0.5    -0.9     0.0     8.23 R    18.6    -4.2     0.1    91.4    42.2    68.3   0.361   0.335   0.330   0.415   0.403     2.6     2.9     3.7     5.0     6.3
53877 20100128  2.402  -82.61   35.49    13.4    -5.4     4.0     2.7     0.0     8.11 R    29.7    -5.0     2.9    95.8    33.6    66.4   0.354   0.328   0.328   0.413   0.402     3.2     3.2     3.5     4.5     6.3
53877 20100129  2.402  -82.61   35.49     3.5    -2.2     0.6     0.5    20.7     1.88 R    24.9    -2.4     0.7    98.9    44.0    69.2   0.350   0.325   0.327   0.412   0.402     3.0     3.2     3.8     4.6     6.3
53877 20100130  2.402  -82.61   35.49    -1.6    -3.6    -2.6    -2.3    13.7     0.78 R    20.0    -3.4    -1.8    94.3    85.2    89.6   0.357   0.332   0.329   0.412   0.401     2.5     2.7     3.3     4.4     6.3
53877 20100131  2.402  -82.61   35.49     3.5    -7.0    -1.8    -2.6     0.0    11.54 R     9.6   -10.7    -3.5    94.5    32.2    73.8   0.361   0.336   0.332   0.412   0.401     2.2     2.4     3.0     4.2     6.3
53877 20100201  2.402  -82.61   35.49     8.0   -11.2    -1.6    -1.7     0.0    11.70 R    16.0   -14.8    -4.6    95.5    20.5    67.1   0.361   0.337   0.333   0.413   0.391     1.9     2.2     2.7     4.0     6.2
53877 20100202  2.402  -82.61   35.49     4.2     0.0     2.1     1.8    11.0     3.13 R     9.0     0.1     0.9    99.7    56.3    94.0   0.390   0.371   0.352   0.417   0.395     1.8     2.0     2.5     3.8     6.1
53877 20100203  2.402  -82.61   35.49     5.7    -3.8     0.9     1.3     0.0    11.97 R    18.6    -5.3     0.3    97.6    57.9    80.0   0.416   0.400   0.383   0.420   0.399     2.0     2.1     2.5     3.6     6.0
53877 20100204  2.402  -82.61   35.49     2.1    -4.3    -1.1    -0.8     6.3     3.46 R    16.9    -5.3    -1.0    97.4    61.3    84.5   0.403   0.383   0.362   0.420   0.400     1.5     1.7     2.3     3.5     5.9
53877 20100205  2.402  -82.61   35.49     1.7     0.0     0.9     0.8    46.6     1.30 R    15.4    -0.2     0.3    99.9    90.9    95.1   0.450   0.401   0.377   0.420   0.400     1.4     1.6     2.1     3.3     5.8
53877 20100206  2.402  -82.61   35.49     2.1    -0.2     1.0     0.5     1.1     2.62 R    20.1    -0.6     0.4   100.0    73.1    90.1   0.451   0.408   0.384   0.420   0.400     1.5     1.7     2.1     3.2     5.7
53877 20100207  2.402  -82.61   35.49     1.8    -1.4     0.2    -0.4     0.0     5.52 R    12.0    -1.1     0.3    85.3    67.9    78.9   0.420   0.399   0.386   0.421   0.401     1.7     1.9     2.2     3.2     5.6
53877 20100208  2.402  -82.61   35.49     6.5    -1.4     2.5     1.8     0.0     8.25 R    21.3    -0.9     2.8    86.3    51.7    72.7   0.411   0.391   0.373   0.421   0.401     2.4     2.3     2.5     3.2     5.5
53877 20100209  2.402  -82.61   35.49     5.3    -1.3     2.0     2.6     2.4     3.51 R    15.1    -1.4     3.1    99.7    66.3    83.1   0.409   0.391   0.385   0.421   0.400     3.1     3.1     3.2     3.5     5.5
53877 20100210  2.402  -82.61   35.49    -0.6    -7.0    -3.8    -4.0     0.0    12.87 R    26.4    -6.5    -1.9    74.2    39.7    55.9   0.388   0.371   0.349   0.421   0.401     1.9     2.1     2.8     3.7     5.4
53877 20100211  2.402  -82.61   35.49     2.0    -5.9    -2.0    -3.1     0.0    12.68 R    17.7    -7.0    -1.6    79.1    49.1    68.4   0.363   0.342   0.339   0.421   0.401     1.4     1.7     2.2     3.3     5.4
53877 20100212  2.402  -82.61   35.49     0.2    -4.5    -2.2    -2.8     7.8     2.83 R    12.7    -4.6    -1.8    95.3    51.4    78.5   0.357   0.336   0.338   0.417   0.401     1.1     1.3     2.0     3.2     5.4
53877 20100213  2.402  -82.61   35.49    -0.4    -7.9    -4.1    -3.8     0.0    10.79 R     6.7   -12.9    -5.0    89.1    51.2    68.5   0.359   0.337   0.334   0.416   0.400     1.2     1.3     1.9     3.0     5.3
53877 20100214  2.402  -82.61   35.49     3.6    -9.7    -3.1    -2.4     0.0    11.99 R    21.2   -10.7    -1.6    92.0    47.2    74.8   0.364   0.343   0.338   0.416   0.400     1.1     1.3     1.7     2.9     5.3
53877 20100215  2.402  -82.61   35.49     5.3    -5.4    -0.1    -0.3     2.2    14.98 R    32.2    -5.1     2.3    96.2    34.6    70.8   0.370   0.351   0.341   0.418   0.400     2.5     2.5     2.4     2.9     5.2
53877 20100216  2.402  -82.61   35.49    -0.9    -8.1    -4.5    -5.1     0.0    11.33 R    17.1    -7.7    -2.7    70.4    45.6    58.7   0.354   0.334   0.336   0.417   0.400     1.4     1.7     2.4     3.3     5.1
53877 20100217  2.402  -82.61   35.49     0.1    -6.7    -3.3    -3.7     0.0     9.95 R    18.1    -7.1    -1.3    87.2    49.5    67.0   0.348   0.326   0.335   0.416   0.400     1.0     1.2     1.8     3.0     5.1
53877 20100218  2.402  -82.61   35.49     3.1    -4.1    -0.5    -1.5     0.0    14.95 R    22.2    -5.2     0.9    89.8    53.1    66.0   0.343   0.322   0.335   0.416   0.397     1.4     1.6     1.9     2.9     5.1
53877 20100219  2.402  -82.61   35.49     9.4    -5.4     2.0     0.8     0.0    15.09 R    26.8    -6.2     2.0    94.6    29.5    67.0   0.338   0.318   0.332   0.414   0.388     2.2     2.3     2.4     3.0     5.1
53877 20100220  2.402  -82.61   35.49    13.2    -6.9     3.2     1.4     0.0    13.81 R    32.8    -7.0     2.8    94.9    19.4    65.4   0.335   0.314   0.330   0.412   0.387     2.9     2.9     3.0     3.3     5.0
53877 20100221  2.402  -82.61   35.49    15.8    -5.6     5.1     3.7     0.0    14.47 R    34.6    -6.0     4.8    95.3    23.0    64.2   0.330   0.311   0.325   0.411   0.386     3.7     3.6     3.6     3.6     5.1
53877 20100222  2.402  -82.61   35.49    14.7    -0.9     6.9     5.7     8.9    10.31 R    31.0    -1.2     7.0    99.7    47.4    83.7   0.348   0.327   0.331   0.412   0.386     5.3     5.1     4.6     4.1     5.1
53877 20100223  2.402  -82.61   35.49    10.2     1.4     5.8     4.2     0.0     6.40 R    24.8     1.1     5.8    98.4    61.4    84.6   0.345   0.323   0.330   0.414   0.386     5.8     5.7     5.5     4.9     5.2
53877 20100224  2.402  -82.61   35.49     2.3    -3.4    -0.5     0.3     0.2     3.04 R    13.0    -4.1     1.6    88.3    68.9    77.2   0.341   0.319   0.329   0.413   0.386     4.3     4.5     4.9     5.1     5.4
53877 20100225  2.402  -82.61   35.49    -1.4    -7.0    -4.2    -4.4     0.0    13.70 R    19.1    -8.2    -2.2    83.3    41.1    54.4   0.336   0.316   0.329   0.412   0.386     2.8     3.2     3.8     4.7     5.6
53877 20100226  2.402  -82.61   35.49     4.5    -5.6    -0.6    -1.0     0.0    17.13 R    24.3    -6.7     0.9    62.2    30.9    44.7   0.327   0.309   0.326   0.411   0.386     2.2     2.5     3.1     4.2     5.6
53877 20100227  2.402  -82.61   35.49     5.0    -3.5     0.8     0.2     0.0    12.83 R    26.7    -5.5     2.1    78.9    39.4    56.4   0.323   0.305   0.324   0.410   0.385     2.6     2.8     3.2     4.0     5.6
53877 20100228  2.402  -82.61   35.49     3.2    -1.1     1.1     0.1     0.0     7.90 R    18.7    -0.5     1.9    79.2    56.5    69.8   0.321   0.304   0.323   0.410   0.385     3.0     3.1     3.4     4.0     5.6
53877 20100301  2.402  -82.61   35.49     6.5    -1.3     2.6     1.4     0.0     9.40 R    22.4    -1.2     3.5    83.0    49.3    69.5   0.319   0.300   0.322   0.410   0.385     3.6     3.7     3.8     4.1     5.5
53877 20100302  2.402  -82.61   35.49     0.7    -1.0    -0.2    -0.3    13.6     0.62 R    11.5    -1.5    -0.2    98.1    80.1    91.3   0.318   0.301   0.320   0.410   0.385     2.9     3.1     3.7     4.3     5.5
53877 20100303  2.402  -82.61   35.49     1.2    -2.5    -0.7    -1.0     0.0    10.99 R     6.6    -4.3    -1.2    85.9    59.4    72.5   0.335   0.315   0.322   0.409   0.385     2.4     2.5     3.1     4.1     5.5
53877 20100304  2.402  -82.61   35.49     4.5    -1.6     1.5     0.7     0.0    15.61 R    17.9    -2.3     1.0    74.5    48.1    61.1   0.347   0.327   0.328   0.411   0.385     2.8     2.9     3.1     3.9     5.5
53877 20100305  2.402  -82.61   35.49     5.7    -2.8     1.5     1.3     0.0    18.38 R    23.6    -4.5     2.7    66.3    27.3    44.2   0.341   0.320   0.329   0.415   0.385     3.1     3.2     3.4     3.9     5.5
53877 20100306  2.402  -82.61   35.49    10.9    -3.9     3.5     2.5     0.0    18.71 R    29.5    -5.5     3.8    78.0    15.9    47.0   0.333   0.315   0.328   0.414   0.385     3.6     3.7     3.8     4.1     5.5
53877 20100307  2.402  -82.61   35.49    14.2    -7.8     3.2     2.0     0.0    14.32 R    33.1    -7.9     3.3    92.6    12.7    56.7   0.326   0.310   0.326   0.413   0.385     3.9     3.9     4.1     4.3     5.5
53877 20100308  2.402  -82.61   35.49    18.1    -3.8     7.2     5.9     0.0    16.37 R    38.5    -4.1     7.4    90.4    31.1    62.7   0.321   0.306   0.325   0.412   0.385     5.2     5.0     4.7     4.5     5.5
53877 20100309  2.402  -82.61   35.49    19.7    -2.4     8.6     8.9     0.0    13.94 R    38.8    -2.8     9.7    97.0    28.8    62.3   0.316   0.301   0.323   0.411   0.385     6.6     6.3     5.9     5.2     5.6
53877 20100310  2.402  -82.61   35.49    15.2     4.2     9.7    10.0     0.0     6.59 R    29.1     3.8    10.1    95.8    56.4    74.8   0.312   0.297   0.320   0.411   0.384     7.8     7.5     7.1     5.9     5.7
53877 20100311  2.402  -82.61   35.49    11.2     8.6     9.9     9.7     7.8     2.67 R    29.0     7.0     9.7    99.2    85.9    93.6   0.324   0.308   0.320   0.410   0.384     8.1     7.9     7.5     6.5     5.9
53877 20100312  2.402  -82.61   35.49    13.1     7.2    10.1    10.2    31.3     2.60 R    18.2     7.2    10.4   100.0    90.3    98.0   0.371   0.348   0.340   0.413   0.385     8.9     8.6     8.2     7.0     6.1
53877 20100313  2.402  -82.61   35.49     9.8     0.7     5.3     5.1     9.9     5.38 R    26.1     0.8     6.0   100.0    62.2    91.7   0.416   0.385   0.372   0.421   0.388     7.6     7.7     7.8     7.4     6.4
53877 20100314  2.402  -82.61   35.49     8.5    -0.5     4.0     4.4     0.8     6.76 R    30.0    -0.1     5.6    99.8    61.4    88.7   0.395   0.371   0.352   0.422   0.389     6.8     6.9     7.1     7.2     6.6
53877 20100315  2.402  -82.61   35.49     8.3     3.3     5.8     5.5     0.0    11.39 R    38.1     3.4     7.6    98.4    65.0    80.0   0.363   0.344   0.334   0.422   0.389     7.6     7.6     7.4     7.1     6.8
53877 20100316  2.402  -82.61   35.49     9.5     4.4     6.9     6.1     0.0     8.81 R    23.1     3.2     7.5    86.0    61.5    73.0   0.347   0.327   0.331   0.420   0.390     7.5     7.6     7.6     7.3     6.9
53877 20100317  2.402  -82.61   35.49    10.0     2.3     6.2     6.5     0.0     4.84 R    22.5     2.3     7.5    98.0    53.3    78.0   0.341   0.322   0.330   0.418   0.390     7.8     7.7     7.7     7.4     7.0
53877 20100318  2.402  -82.61   35.49    15.8     1.7     8.8     8.3     0.0    10.06 R    30.9     2.0     9.1    98.3    35.0    70.5   0.336   0.319   0.331   0.417   0.390     8.2     8.1     7.9     7.4     7.1
53877 20100319  2.402  -82.61   35.49    19.2    -1.2     9.0     8.6     0.0    19.92 R    34.6    -1.3     9.8    97.2    20.6    60.5   0.328   0.313   0.327   0.416   0.391     8.9     8.8     8.4     7.7     7.2
53877 20100320  2.402  -82.61   35.49    21.0    -1.9     9.6     9.6     0.0    13.74 R    35.0    -1.3     9.7    95.9    25.4    59.0   0.318   0.305   0.323   0.413   0.389     9.1     9.0     8.8     8.1     7.3
53877 20100321  2.402  -82.61   35.49    13.3     2.4     7.8     8.5    28.6     2.84 R    21.4     2.7     8.4    95.0    73.6    87.7   0.336   0.322   0.327   0.414   0.386     8.6     8.6     8.7     8.3     7.5
53877 20100322  2.402  -82.61   35.49    11.6    -0.8     5.4     3.1     2.6     4.72 R    16.8     0.0     4.1    99.4    56.5    85.1   0.399   0.376   0.361   0.423   0.391     7.7     7.9     8.3     8.3     7.6
53877 20100323  2.402  -82.61   35.49    15.1    -1.4     6.9     5.5     0.0    14.12 R    30.8    -1.7     6.0    98.8    28.1    74.4   0.373   0.355   0.337   0.423   0.391     6.9     7.0     7.2     7.7     7.7
53877 20100324  2.402  -82.61   35.49    22.5    -1.3    10.6     9.9     0.0    19.15 R    36.5    -1.2    10.5    98.0    15.6    61.1   0.347   0.328   0.332   0.422   0.392     8.8     8.6     8.2     7.7     7.7
53877 20100325  2.402  -82.61   35.49    17.6     2.2     9.9     9.2     0.6     6.16 R    28.4     2.2     9.0    94.4    44.4    74.3   0.337   0.320   0.330   0.419   0.393     8.9     8.9     8.9     8.3     7.8
53877 20100326  2.402  -82.61   35.49    11.3    -0.6     5.4     7.7     0.0     9.32 R    33.9    -0.3     8.4    95.8    58.3    73.6   0.335   0.319   0.329   0.418   0.392     9.3     9.2     9.1     8.5     7.9
53877 20100327  2.402  -82.61   35.49    13.0    -2.1     5.4     6.2     0.0    20.64 R    31.4    -1.7     8.6    97.2    35.5    62.3   0.328   0.314   0.325   0.416   0.394     8.8     8.8     8.8     8.5     8.0
53877 20100328  2.402  -82.61   35.49    13.2     6.0     9.6     8.3    25.4     4.27 R    18.2     5.5     8.7    99.6    51.4    89.5   0.371   0.354   0.351   0.419   0.391     9.1     9.0     9.1     8.7     8.1
53877 20100329  2.402  -82.61   35.49    13.6     5.0     9.3     8.3     0.0    12.65 R    29.2     4.9    10.0    99.9    51.7    80.6   0.381   0.362   0.352   0.424   0.393     9.9     9.8     9.4     8.8     8.2
53877 20100330  2.402  -82.61   35.49    14.2     0.6     7.4     8.2     0.0    19.64 R    31.5     0.9    10.4    94.0    42.3    68.4   0.350   0.331   0.335   0.423   0.393    10.7    10.6    10.1     9.2     8.3
53877 20100331  2.402  -82.61   35.49    22.0    -2.2     9.9     9.4     0.0    21.73 R    36.0    -1.6    10.6    97.5    16.7    61.1   0.336   0.320   0.332   0.420   0.393    10.6    10.5    10.2     9.4     8.4
53877 20100401  2.402  -82.61   35.49    28.0    -0.4    13.8    13.6     0.0    22.48 R    43.2     0.5    13.9    95.9    12.7    53.3   0.320   0.309   0.330   0.419   0.393    12.1    11.8    11.1     9.8     8.6
53877 20100402  2.402  -82.61   35.49    28.7     2.4    15.5    15.6     0.0    22.25 R    43.8     2.6    15.9    92.5    16.4    51.8   0.301   0.298   0.323   0.415   0.393    13.4    13.1    12.3    10.4     8.7
53877 20100403  2.402  -82.61   35.49    25.7     6.9    16.3    15.5     0.0    13.06 R    36.7     6.7    15.6    89.3    23.0    59.1   0.283   0.286   0.317   0.414   0.388    13.6    13.3    12.8    11.1     9.0
53877 20100404  2.402  -82.61   35.49    25.7     5.8    15.8    15.4     0.0    21.73 R    36.1     5.5    17.1    92.7    28.5    60.3   0.265   0.275   0.313   0.413   0.387    14.6    14.2    13.3    11.4     9.2
53877 20100405  2.402  -82.61   35.49    27.9     4.6    16.2    16.3     0.0    15.94 R    38.9     4.5    17.3    95.6    35.1    66.9   0.246   0.263   0.309   0.413   0.386    15.0    14.6    13.9    12.0     9.4
53877 20100406  2.402  -82.61   35.49    32.5     6.9    19.7    19.2     0.0    22.59 R    41.7     6.5    20.7    96.7    10.8    54.0   0.230   0.253   0.304   0.413   0.386    16.1    15.6    14.6    12.4     9.7
53877 20100407  2.402  -82.61   35.49    28.2     7.1    17.7    18.5     0.0    19.59 R    38.0     6.8    19.6    94.0    18.1    52.7   0.208   0.240   0.299   0.412   0.386    16.2    15.8    15.1    13.0    10.0
53877 20100408  2.402  -82.61   35.49    18.9     8.0    13.5    14.6    15.9     5.08 R    22.4     7.0    14.4    98.1    55.8    78.4   0.226   0.249   0.297   0.412   0.386    15.0    14.9    14.7    13.2    10.3
53877 20100409  2.402  -82.61   35.49    15.7     5.0    10.3    10.0     0.0    23.56 R    26.8     4.5    12.1    79.1    24.5    48.0   0.288   0.283   0.302   0.411   0.386    13.8    13.8    13.7    12.9    10.6
53877 20100410  2.402  -82.61   35.49    20.2    -0.1    10.1    10.9     0.0    24.01 R    31.5     0.0    13.2    89.2    15.3    45.9   0.271   0.272   0.302   0.411   0.385    13.5    13.4    13.3    12.6    10.7
53877 20100411  2.402  -82.61   35.49    22.6    -1.0    10.8    11.1     0.0    23.75 R    33.3    -0.8    13.7    94.6    13.8    53.2   0.252   0.261   0.300   0.410   0.385    13.9    13.7    13.4    12.5    10.8
53877 20100412  2.402  -82.61   35.49    24.3     0.8    12.5    12.9     0.0    23.02 R    34.8     0.8    15.3    94.7    18.2    54.9   0.233   0.249   0.297   0.410   0.385    14.7    14.3    13.9    12.7    10.9
53877 20100413  2.402  -82.61   35.49    25.7     2.9    14.3    14.2     0.0    22.34 R    35.0     2.7    16.2    94.9    21.1    55.4   0.208   0.238   0.294   0.410   0.385    15.3    14.9    14.4    13.0    11.0
53877 20100414  2.402  -82.61   35.49    24.7     4.5    14.6    13.5     0.0    22.85 R    35.8     4.2    15.9    94.0    28.5    67.0   0.189   0.226   0.288   0.409   0.385    15.8    15.3    14.8    13.2    11.1
53877 20100415  2.402  -82.61   35.49    27.2     7.6    17.4    15.4     0.0    23.10 R    36.5     7.6    17.7    97.7    17.7    68.4   0.174   0.213   0.282   0.408   0.385    16.8    16.2    15.4    13.6    11.3
53877 20100416  2.402  -82.61   35.49    26.5     6.0    16.2    16.3     0.0    18.09 R    34.5     5.7    17.7    96.8    18.6    58.3   0.161   0.200   0.276   0.405   0.384    16.5    16.1    15.6    14.0    11.4
53877 20100417  2.402  -82.61   35.49    21.1     8.5    14.8    14.2     0.0    18.96 R    30.3     8.1    15.5    85.2    22.6    55.6   0.150   0.189   0.270   0.391   0.384    16.1    15.8    15.4    14.0    11.6
53877 20100418  2.402  -82.61   35.49    18.1     2.8    10.4    10.9     0.0    24.80 R    28.9     2.4    13.4    76.7    19.1    37.0   0.138   0.177   0.263   0.389   0.384    15.4    15.1    14.9    13.9    11.8
53877 20100419  2.402  -82.61   35.49    19.6    -1.2     9.2     9.4     0.0    21.16 R    29.6    -1.2    11.9    93.7    26.7    57.2   0.128   0.164   0.256   0.389   0.384    14.5    14.3    14.3    13.7    11.9
53877 20100420  2.402  -82.61   35.49    13.2     4.5     8.8     9.1     1.9     4.23 R    19.8     4.6     9.7    97.4    63.8    85.4   0.123   0.159   0.251   0.390   0.383    13.2    13.3    13.7    13.5    12.0
53877 20100421  2.402  -82.61   35.49    17.7     3.5    10.6    10.5     0.0    17.81 R    26.4     3.1    12.2    99.2    36.4    73.2   0.123   0.159   0.250   0.390   0.383    13.6    13.5    13.4    13.0    12.0
53877 20100422  2.402  -82.61   35.49    22.3    -0.3    11.0    10.7     0.0    19.27 R    30.9    -0.5    13.0    97.6    26.2    64.8   0.121   0.156   0.248   0.389   0.382    13.8    13.7    13.5    13.0    12.0
53877 20100423  2.402  -82.61   35.49    25.8     8.1    16.9    16.7     0.0    19.08 R    36.3     7.9    19.1    94.6    33.5    65.4   0.118   0.151   0.245   0.388   0.382    16.0    15.4    14.6    13.2    12.0
53877 20100424  2.402  -82.61   35.49    20.0    13.2    16.6    15.8    13.8     8.53 R    30.5    12.8    16.4    95.4    62.2    80.2   0.116   0.148   0.241   0.387   0.382    15.9    15.7    15.3    13.8    12.1
53877 20100425  2.402  -82.61   35.49    24.3    10.9    17.6    17.7     6.3    24.99 R    34.0    10.7    20.1    98.5    31.0    70.4   0.210   0.215   0.249   0.388   0.382    17.7    17.1    16.0    14.1    12.2
53877 20100426  2.402  -82.61   35.49    18.1    10.3    14.2    13.2     0.4    12.50 R    26.9    10.1    14.6    92.6    50.6    72.4   0.215   0.215   0.251   0.387   0.382    16.6    16.5    16.2    14.7    12.4
53877 20100427  2.402  -82.61   35.49    16.3     6.2    11.2     9.6     4.3    11.48 R    24.2     5.7    10.9    94.8    55.8    74.7   0.211   0.213   0.253   0.388   0.382    15.1    15.2    15.3    14.6    12.5
53877 20100428  2.402  -82.61   35.49    16.1     2.1     9.1     9.0     0.0    25.69 R    26.3     2.1    11.7    93.0    29.1    56.9   0.220   0.219   0.255   0.389   0.381    14.5    14.4    14.4    14.1    12.7
53877 20100429  2.402  -82.61   35.49    21.2    -1.3    10.0    10.4     0.0    25.67 R    31.8    -1.1    13.6    97.5    31.9    66.1   0.208   0.212   0.255   0.388   0.383    15.1    14.9    14.6    14.0    12.8
53877 20100430  2.402  -82.61   35.49    27.7     2.5    15.1    15.5     0.0    25.48 R    36.0     2.3    17.7    97.2    24.8    62.6   0.193   0.201   0.254   0.388   0.384    16.7    16.2    15.5    14.2    12.8
53877 20100501  2.402  -82.61   35.49    27.3     8.9    18.1    18.5     1.9    18.69 R    37.2     8.7    20.1    97.2    51.1    79.9   0.177   0.189   0.253   0.387   0.384    18.2    17.5    16.6    14.8    12.8
53877 20100502  2.402  -82.61   35.49    27.0    19.3    23.1    23.5     0.4    21.44 R    37.0    18.7    24.9    95.8    56.3    70.2   0.165   0.182   0.250   0.386   0.384    20.9    20.0    18.5    15.7    13.0
53877 20100503  2.402  -82.61   35.49    23.7    14.7    19.2    20.1    23.6    10.50 R    31.6    14.2    20.8    98.1    66.7    85.6   0.232   0.251   0.260   0.386   0.384    20.3    19.9    19.1    16.6    13.2
53877 20100504  2.402  -82.61   35.49    25.4     9.2    17.3    17.5     0.0    25.19 R    35.3     9.2    19.7    98.4    25.6    65.9   0.256   0.262   0.267   0.387   0.383    19.9    19.5    18.8    16.8    13.5
53877 20100505  2.402  -82.61   35.49    26.8     6.0    16.4    17.2     0.0    23.08 R    37.4     6.0    19.9    97.4    31.5    68.9   0.235   0.243   0.268   0.387   0.384    19.5    19.1    18.6    16.9    13.8
53877 20100506  2.402  -82.61   35.49    27.8     9.9    18.8    18.9     0.0    23.03 R    38.9     9.7    21.0    97.5    36.1    69.7   0.215   0.227   0.266   0.387   0.384    20.4    19.8    19.1    17.1    14.0
53877 20100507  2.402  -82.61   35.49    27.9     9.1    18.5    19.0     0.0    25.34 R    37.1     8.8    21.4    97.4    38.1    70.8   0.194   0.211   0.262   0.387   0.384    20.8    20.2    19.4    17.4    14.2
53877 20100508  2.402  -82.61   35.49    21.8    10.1    15.9    16.3     0.0    26.59 R    31.6     9.5    18.5    97.3    23.6    55.2   0.171   0.193   0.258   0.386   0.384    20.8    20.3    19.8    17.7    14.4
53877 20100509  2.402  -82.61   35.49    16.6     3.6    10.1    10.4     0.0    26.48 R    27.1     3.7    13.2    92.8    34.8    54.1   0.151   0.175   0.251   0.384   0.384    18.8    18.6    18.6    17.5    14.6
53877 20100510  2.402  -82.61   35.49    15.2     0.4     7.8     8.4     1.9    15.38 R    25.3     0.5    10.8    97.2    45.9    78.2   0.136   0.163   0.246   0.383   0.384    16.7    16.8    17.2    17.0    14.7
53877 20100511  2.402  -82.61   35.49    18.5     9.0    13.8    12.9     0.0     8.93 R    29.2     9.4    13.9    95.6    71.2    88.1   0.127   0.160   0.243   0.381   0.385    16.4    16.4    16.5    16.3    14.8
53877 20100512  2.402  -82.61   35.49    23.9    11.6    17.7    17.4     0.5    11.57 R    34.1    11.5    19.2   100.0    63.0    88.5   0.112   0.159   0.242   0.380   0.385    17.9    17.6    17.1    16.2    14.7
53877 20100513  2.402  -82.61   35.49    27.7    10.4    19.0    19.2     0.0    22.19 R    38.6    10.0    22.0   100.0    44.3    80.4   0.110   0.155   0.239   0.372   0.385    19.7    19.0    18.1    16.5    14.7
53877 20100514  2.402  -82.61   35.49    28.0    13.9    20.9    20.6     1.7    16.99 R    38.5    13.5    22.8    98.3    49.4    80.5   0.102   0.146   0.233   0.367   0.384    20.9    20.2    19.3    17.2    14.8
53877 20100515  2.402  -82.61   35.49    25.9    13.5    19.7    18.9     1.9    14.88 R    37.5    13.3    20.9   100.0    57.1    88.5   0.098   0.141   0.227   0.364   0.384    20.7    20.3    19.6    17.7    14.9
53877 20100516  2.402  -82.61   35.49    25.1    14.5    19.8    18.5     1.7    14.36 R    32.4    14.3    20.3    98.6    57.2    89.5   0.100   0.140   0.224   0.363   0.384    20.7    20.2    19.7    17.9    15.1
53877 20100517  2.402  -82.61   35.49    23.7    16.0    19.9    18.5    18.3    12.00 R    32.0    16.0    19.9    97.6    67.0    90.1   0.147   0.192   0.234   0.361   0.384    20.5    20.1    19.6    18.0    15.2
53877 20100518  2.402  -82.61   35.49    24.5    12.7    18.6    18.2     0.0    19.75 R    35.6    12.4    20.8    97.6    40.0    75.3   0.202   0.226   0.241   0.360   0.384    20.8    20.4    19.8    18.2    15.4
53877 20100519  2.402  -82.61   35.49    21.5    10.9    16.2    15.5     0.0    20.79 R    31.0    11.1    18.1    95.1    47.7    73.0   0.190   0.211   0.241   0.360   0.384    20.3    20.0    19.7    18.3    15.5
53877 20100520  2.402  -82.61   35.49    23.0     7.6    15.3    16.3     0.0    23.52 R    33.4     7.6    19.6    97.5    52.1    73.2   0.176   0.197   0.240   0.360   0.384    20.2    19.8    19.4    18.2    15.7
53877 20100521  2.402  -82.61   35.49    20.4    12.9    16.6    15.8     7.6     8.34 R    26.8    13.0    16.8    97.8    76.3    90.6   0.171   0.192   0.238   0.359   0.384    19.5    19.5    19.4    18.2    15.8
53877 20100522  2.402  -82.61   35.49    25.4    12.9    19.1    19.1     0.0    18.49 R    35.7    12.7    21.8    97.9    60.8    83.9   0.184   0.201   0.239   0.364   0.384    20.6    20.1    19.5    18.1    15.9
53877 20100523  2.402  -82.61   35.49    27.2    13.4    20.3    19.6     0.0    25.68 R    37.1    13.1    22.3   100.0    39.5    76.3   0.177   0.194   0.239   0.366   0.383    22.0    21.4    20.5    18.5    16.0
53877 20100524  2.402  -82.61   35.49    23.7    12.8    18.3    18.1    12.1    18.12 R    33.8    12.5    20.5    98.2    53.4    80.5   0.167   0.188   0.238   0.367   0.383    21.4    21.0    20.6    19.0    16.1
53877 20100525  2.402  -82.61   35.49    24.1    13.0    18.5    18.3     1.8    18.64 R    35.0    13.0    20.7    98.4    45.5    82.0   0.208   0.239   0.246   0.387   0.384    21.5    21.1    20.6    19.0    16.3
53877 20100526  2.402  -82.61   35.49    26.5    11.7    19.1    18.7     0.0    19.86 R    35.8    11.8    20.8    97.8    48.2    79.0   0.210   0.231   0.256   0.388   0.384    21.6    21.2    20.6    19.1    16.4
53877 20100527  2.402  -82.61   35.49    27.9    10.8    19.4    19.3     0.0    17.99 R    34.3    10.2    20.7    97.3    49.7    79.6   0.199   0.218   0.259   0.388   0.385    22.1    21.6    21.0    19.3    16.6
53877 20100528  2.402  -82.61   35.49    27.5    12.9    20.2    19.3     1.3    20.31 R    34.1    12.3    21.0    97.6    48.4    83.3   0.186   0.206   0.260   0.389   0.385    22.4    22.0    21.3    19.6    16.7
53877 20100529  2.402  -82.61   35.49    26.4    14.9    20.6    20.3     0.3    24.43 R    34.2    14.2    22.2    97.9    46.3    76.8   0.174   0.195   0.259   0.389   0.385    23.1    22.5    21.8    19.8    16.8
53877 20100530  2.402  -82.61   35.49    26.9    13.6    20.2    19.6     0.3    21.32 R    34.7    13.0    21.3    97.3    50.8    82.5   0.160   0.184   0.255   0.389   0.385    23.1    22.7    22.0    20.1    17.0
53877 20100531  2.402  -82.61   35.49    23.8    16.2    20.0    18.3    35.9     8.77 R    29.7    15.5    18.3    98.2    69.1    94.2   0.211   0.248   0.271   0.392   0.385    21.7    21.6    21.5    20.2    17.2
53877 20100601  2.402  -82.61   35.49    25.7    16.2    20.9    20.0     0.0    18.74 R    34.0    16.1    21.8    98.5    61.8    87.8   0.260   0.296   0.298   0.395   0.386    22.7    22.3    21.6    20.1    17.3
53877 20100602  2.402  -82.61   35.49    25.7    15.2    20.4    18.8     1.6    11.64 R    33.8    14.6    19.8    99.8    60.6    93.4   0.249   0.284   0.299   0.394   0.386    22.4    22.2    21.8    20.4    17.5
53877 20100603  2.402  -82.61   35.49    28.3    15.4    21.9    21.1     0.0    24.11 R    36.3    14.8    23.4    99.6    44.5    81.0   0.240   0.277   0.299   0.394   0.386    23.4    22.8    22.0    20.4    17.6
53877 20100604  2.402  -82.61   35.49    27.3    15.1    21.2    20.8     0.4    16.58 R    35.6    14.5    22.3    97.4    57.7    85.6   0.223   0.263   0.297   0.394   0.386    23.4    23.1    22.5    20.8    17.7
53877 20100605  2.402  -82.61   35.49    28.7    16.5    22.6    21.7     0.0    21.48 R    35.2    15.9    23.5    99.3    55.3    82.6   0.209   0.251   0.292   0.394   0.386    24.2    23.7    22.9    21.0    17.9
53877 20100606  2.402  -82.61   35.49    28.6    15.5    22.0    21.3     1.6    17.81 R    35.0    14.8    22.5    97.3    52.3    79.7   0.193   0.236   0.284   0.392   0.387    23.9    23.5    23.0    21.2    18.0
53877 20100607  2.402  -82.61   35.49    24.8    12.1    18.5    18.6     0.0    24.58 R    30.4    11.6    20.2    95.6    38.1    68.0   0.179   0.224   0.279   0.392   0.387    23.5    23.1    22.7    21.2    18.2
53877 20100608  2.402  -82.61   35.49    26.5     9.7    18.1    18.1     0.0    18.91 R    33.9     9.2    20.2    96.9    45.3    76.9   0.163   0.211   0.273   0.391   0.387    22.4    22.2    22.1    21.1    18.3
53877 20100609  2.402  -82.61   35.49    27.5    14.4    21.0    19.7     0.0    10.92 R    34.9    13.8    20.6    96.7    53.0    85.5   0.153   0.203   0.269   0.392   0.387    22.2    22.0    21.8    20.8    18.4
53877 20100610  2.402  -82.61   35.49    27.2    17.5    22.3    20.9     9.5    15.94 R    34.6    16.8    21.9    98.0    67.0    90.2   0.156   0.215   0.268   0.395   0.387    23.1    22.8    22.1    20.8    18.4
53877 20100611  2.402  -82.61   35.49    29.4    16.2    22.8    21.1     4.4    18.46 R    36.6    15.6    22.7    98.1    56.2    88.1   0.173   0.231   0.273   0.400   0.387    23.8    23.4    22.7    21.0    18.5
53877 20100612  2.402  -82.61   35.49    29.1    17.6    23.3    21.8     0.0    15.42 R    36.4    17.1    23.6   100.0    56.8    90.4   0.184   0.238   0.275   0.400   0.387    24.3    23.9    23.2    21.4    18.6
53877 20100613  2.402  -82.61   35.49    31.1    17.0    24.1    22.7     5.9    19.98 R    37.8    16.3    24.2    97.8    47.2    86.4   0.185   0.241   0.273   0.400   0.387    25.0    24.5    23.7    21.7    18.7
53877 20100614  2.402  -82.61   35.49    30.5    17.2    23.8    23.7     0.0    22.49 R    37.0    16.4    25.7    98.0    46.8    77.6   0.195   0.248   0.274   0.400   0.387    25.6    25.1    24.2    22.1    18.9
53877 20100615  2.402  -82.61   35.49    30.1    16.2    23.2    21.3    21.4    16.27 R    36.6    15.5    22.6    98.0    58.4    88.2   0.203   0.262   0.278   0.399   0.387    24.9    24.6    24.2    22.4    19.0
53877 20100616  2.402  -82.61   35.49    28.9    17.1    23.0    21.6     8.2    19.79 R    35.1    16.5    22.9    98.4    59.3    90.3   0.254   0.303   0.301   0.404   0.387    25.2    24.8    24.1    22.5    19.2
53877 20100617  2.402  -82.61   35.49    29.0    15.0    22.0    21.8     0.0    25.87 R    35.5    14.4    23.7   100.0    41.0    78.3   0.253   0.294   0.306   0.404   0.387    25.7    25.4    24.6    22.7    19.4
53877 20100618  2.402  -82.61   35.49    28.6    11.6    20.1    20.7     0.0    25.85 R    36.3    11.0    23.5    97.3    47.7    75.8   0.232   0.277   0.304   0.401   0.387    25.2    24.9    24.4    22.8    19.5
53877 20100619  2.402  -82.61   35.49    29.8    15.3    22.6    21.4     0.2    20.18 R    36.3    14.7    23.3    96.7    51.1    82.4   0.214   0.262   0.300   0.399   0.387    25.3    25.0    24.4    22.8    19.7
53877 20100620  2.402  -82.61   35.49    29.5    16.3    22.9    22.5     0.0    24.85 R    35.9    15.6    24.2    95.9    43.1    74.4   0.196   0.248   0.290   0.399   0.387    25.8    25.3    24.6    22.9    19.8
53877 20100621  2.402  -82.61   35.49    30.7    13.5    22.1    21.9     2.4    26.90 R    38.7    12.7    24.7    97.6    39.9    75.3   0.175   0.230   0.284   0.396   0.387    25.7    25.3    24.6    23.0    19.9
53877 20100622  2.402  -82.61   35.49    30.4    14.7    22.5    22.0     0.0    20.52 R    38.0    14.1    23.9    97.8    47.5    82.9   0.161   0.216   0.277   0.395   0.386    25.5    25.2    24.7    23.0    20.0
53877 20100623  2.402  -82.61   35.49    31.6    15.9    23.7    23.0     0.0    22.71 R    39.5    15.1    25.1    97.8    44.0    80.1   0.152   0.206   0.271   0.394   0.386    25.9    25.4    24.8    23.1    20.1
53877 20100624  2.402  -82.61   35.49    31.7    16.3    24.0    23.1     4.7    22.15 R    39.5    15.7    25.0    97.8    44.7    80.2   0.142   0.194   0.263   0.393   0.386    26.2    25.7    25.0    23.3    20.2
53877 20100625  2.402  -82.61   35.49    30.0    17.0    23.5    22.1     2.3    16.83 R    38.0    16.3    23.4    98.0    56.2    88.7   0.141   0.189   0.258   0.393   0.386    25.8    25.5    25.1    23.4    20.3
53877 20100626  2.402  -82.61   35.49    31.0    17.0    24.0    23.4     0.0    22.00 R    37.7    16.4    25.2    98.0    49.2    82.5   0.143   0.188   0.256   0.392   0.386    26.3    25.8    25.1    23.4    20.4
53877 20100627  2.402  -82.61   35.49    30.5    17.0    23.8    22.5     0.0    18.25 R    39.1    16.3    24.8    97.1    51.2    84.0   0.140   0.184   0.253   0.392   0.386    26.1    25.8    25.3    23.6    20.5
53877 20100628  2.402  -82.61   35.49    32.0    16.6    24.3    23.9     1.6    25.38 R    42.8    17.8    29.3    97.9    39.9    77.2   0.132   0.174   0.248   0.391   0.386    26.7    26.1    25.3    23.6    20.7
53877 20100629  2.402  -82.61   35.49 -9999.0 -9999.0 -9999.0 -9999.0 -9999.0 -9999.00 U -9999.0 -9999.0 -9999.0 -9999.0 -9999.0 -9999.0 -99.000 -99.000 -99.000 -99.000 -99.000 -9999.0 -9999.0 -9999.0 -9999.0 -9999.0
53877 20100630  2.402  -82.61   35.49    27.2    16.6    21.9    20.7     0.0    16.82 R    40.2    19.7    26.9    98.1    52.8    85.6   0.145   0.196   0.245   0.389   0.385    25.1    24.9    24.7    23.7    20.9
53877 20100701  2.402  -82.61   35.49    28.4    13.4    20.9    20.6     0.0    27.42 R    42.4    17.6    28.2    97.3    34.2    74.3   0.148   0.191   0.245   0.386   0.385    25.5    25.1    24.7    23.4    20.9
53877 20100702  2.402  -82.61   35.49    24.5    13.7    19.1    19.2     0.0    20.54 R    38.3    17.7    26.3    93.4    52.6    73.7   0.140   0.180   0.243   0.380   0.385    24.7    24.5    24.4    23.4    21.0
53877 20100703  2.402  -82.61   35.49    27.1    13.9    20.5    20.3     0.0    23.77 R    40.6    18.0    28.0    96.4    49.7    75.8   0.129   0.170   0.239   0.378   0.385    24.8    24.4    24.2    23.2    21.0
53877 20100704  2.402  -82.61   35.49    29.0    12.7    20.8    20.7     0.0    26.76 R    43.5    16.2    28.6    96.6    40.0    73.6   0.116   0.158   0.233   0.375   0.384    25.1    24.6    24.2    23.1    21.0
53877 20100705  2.402  -82.61   35.49    29.7    11.9    20.8    20.7     0.0    27.09 R    43.5    15.2    28.5    96.5    33.4    70.6   0.104   0.146   0.224   0.373   0.384    25.2    24.7    24.3    23.1    21.0
53877 20100706  2.402  -82.61   35.49    31.1    11.5    21.3    21.1     0.0    27.48 R    45.1    15.2    29.1    96.7    31.2    69.8   0.094   0.133   0.214   0.370   0.384    25.2    24.7    24.3    23.1    21.0
53877 20100707  2.402  -82.61   35.49    32.9    13.1    23.0    22.9     0.0    27.45 R    47.2    16.6    31.0    96.7    31.3    70.9   0.085   0.122   0.204   0.366   0.383    25.8    25.2    24.6    23.2    21.0
53877 20100708  2.402  -82.61   35.49    33.4    16.1    24.7    23.7     5.3    21.38 R    48.1    20.1    31.3    97.8    34.9    76.6   0.077   0.113   0.194   0.361   0.382    26.2    25.7    25.1    23.4    21.0
53877 20100709  2.402  -82.61   35.49    29.8    17.2    23.5    22.3     0.9    14.23 R    43.2    21.3    29.0    98.0    53.1    87.6   0.076   0.112   0.191   0.356   0.382    25.4    25.1    24.9    23.6    21.1
53877 20100710  2.402  -82.61   35.49    29.7    17.4    23.6    23.3     0.0    22.14 R    41.9    21.6    30.2    97.3    40.8    75.4   0.078   0.112   0.190   0.354   0.382    26.0    25.5    24.9    23.5    21.1
53877 20100711  2.402  -82.61   35.49    30.5    15.1    22.8    20.8    37.5    20.83 R    41.3    18.0    25.7    97.8    45.0    84.2   0.123   0.165   0.215   0.366   0.392    24.7    24.4    24.4    23.5    21.2
53877 20100712  2.402  -82.61   35.49    24.8    17.2    21.0    20.5    11.0     7.04 R    31.1    17.6    21.9    97.9    76.6    94.7   0.213   0.257   0.271   0.393   0.410    23.5    23.5    23.6    23.2    21.3
53877 20100713  2.402  -82.61   35.49    30.6    18.2    24.4    22.7     0.5    19.46 R    42.3    18.7    26.3    98.2    49.2    85.7   0.219   0.261   0.281   0.395   0.399    24.9    24.5    24.0    22.9    21.3
53877 20100714  2.402  -82.61   35.49    29.0    17.3    23.2    22.5     0.0    25.39 R    38.5    17.6    25.7    97.8    48.2    78.5   0.204   0.249   0.279   0.396   0.387    25.6    25.2    24.7    23.3    21.3
53877 20100715  2.402  -82.61   35.49    29.7    15.3    22.5    22.3     0.0    18.84 R    40.4    15.6    25.9    96.8    50.6    82.8   0.186   0.233   0.274   0.390   0.387    25.2    24.9    24.6    23.5    21.3
53877 20100716  2.402  -82.61   35.49    31.1    19.0    25.0    23.3    32.0    20.70 R    43.4    19.5    26.9    97.6    46.7    84.5   0.203   0.255   0.283   0.394   0.392    25.7    25.3    24.9    23.6    21.3
53877 20100717  2.402  -82.61   35.49    28.6    17.7    23.2    22.3     0.0    17.61 R    38.4    18.3    25.5    97.9    57.7    86.0   0.240   0.289   0.305   0.405   0.407    25.5    25.2    24.8    23.7    21.4
53877 20100718  2.402  -82.61   35.49    28.5    18.5    23.5    22.1    38.2    17.47 R    39.8    19.0    25.1    97.5    62.6    89.1   0.254   0.304   0.316   0.408   0.408    25.1    24.9    24.8    23.7    21.5
53877 20100719  2.402  -82.61   35.49    29.2    18.6    23.9    22.7     2.0    17.57 R    39.6    19.1    25.7    97.6    61.7    89.0   0.263   0.315   0.318   0.411   0.409    25.3    25.0    24.6    23.7    21.6
53877 20100720  2.402  -82.61   35.49    31.1    18.4    24.8    22.9     6.2    19.72 R    41.9    18.6    26.1    97.7    47.3    85.4   0.255   0.300   0.315   0.409   0.409    25.8    25.4    25.0    23.7    21.7
53877 20100721  2.402  -82.61   35.49    29.4    18.2    23.8    22.4    16.5    20.83 R    40.7    18.8    25.8    98.6    56.9    90.6   0.272   0.318   0.320   0.411   0.408    25.9    25.5    25.1    23.9    21.7
53877 20100722  2.402  -82.61   35.49    30.1    17.9    24.0    22.9     6.8    18.54 R    41.8    18.3    25.8    97.8    60.1    90.8   0.275   0.326   0.325   0.414   0.409    26.1    25.7    25.3    24.1    21.8
53877 20100723  2.402  -82.61   35.49    31.3    17.8    24.5    23.7     0.0    19.94 R    43.2    18.3    27.4    97.7    54.8    85.7   0.265   0.312   0.323   0.413   0.409    26.6    26.2    25.6    24.3    21.9
53877 20100724  2.402  -82.61   35.49    32.5    19.2    25.8    25.1     0.0    22.18 R    44.6    19.7    29.4    97.1    50.1    83.0   0.248   0.295   0.318   0.411   0.408    27.4    26.8    26.1    24.5    22.0
53877 20100725  2.402  -82.61   35.49    32.6    19.7    26.1    24.8     0.0    20.98 R    44.4    20.2    29.0    97.1    53.9    83.4   0.231   0.281   0.292   0.403   0.408    27.7    27.2    26.6    24.8    22.1
53877 20100726  2.402  -82.61   35.49    31.1    19.1    25.1    23.3    19.0    16.69 R    43.4    19.6    26.5    97.6    55.1    88.4   0.251   0.292   0.249   0.387   0.396    26.9    26.7    26.4    25.0    22.2
53877 20100727  2.402  -82.61   35.49    28.5    20.1    24.3    23.4     0.5    17.28 R    40.2    20.8    26.7    97.7    62.1    88.8   0.284   0.308   0.256   0.390   0.403    26.7    26.5    26.1    24.9    22.4
53877 20100728  2.402  -82.61   35.49    30.0    20.3    25.2    23.2    34.6    18.06 R    40.9    21.1    26.5    97.5    57.5    88.8   0.303   0.323   0.278   0.394   0.401    26.1    26.2    25.9    24.9    22.5
53877 20100729  2.402  -82.61   35.49    30.0    19.0    24.5    23.9     0.0    21.20 R    39.4    19.5    27.5    97.7    57.4    83.9   0.301   0.323   0.266   0.397   0.396    26.4    26.2    25.8    24.8    22.6
53877 20100730  2.402  -82.61   35.49    29.0    18.7    23.9    23.2     0.0    22.97 R    39.2    19.1    27.0    98.1    48.8    80.5   0.276   0.300   0.259   0.393   0.395    26.7    26.5    26.1    24.9    22.6
53877 20100731  2.402  -82.61   35.49    25.1    19.3    22.2    22.1    10.5     8.67 R    34.2    19.9    24.2    97.4    72.6    86.3   0.282   0.304   0.257   0.392   0.395    25.6    25.7    25.7    24.9    22.7
53877 20100801  2.402  -82.61   35.49    27.4    19.9    23.7    22.0     0.0    16.87 R    38.4    20.5    25.2    97.6    73.5    89.4   0.295   0.310   0.262   0.393   0.385    25.9    25.8    25.5    24.6    22.7
53877 20100802  2.402  -82.61   35.49    25.8    19.6    22.7    22.1     0.0    13.91 R    35.9    20.4    25.0    95.4    76.6    87.4   0.279   0.298   0.259   0.393   0.381    25.7    25.6    25.5    24.6    22.7
53877 20100803  2.402  -82.61   35.49    30.8    21.0    25.9    24.9     0.0    21.39 R    42.6    21.6    29.3    96.3    49.8    81.3   0.263   0.287   0.254   0.393   0.381    26.3    26.2    25.7    24.6    22.7
53877 20100804  2.402  -82.61   35.49    30.6    18.9    24.7    24.3     0.0    18.40 R    42.8    19.3    28.5    96.8    57.1    84.8   0.246   0.273   0.247   0.393   0.380    26.3    26.2    25.8    24.8    22.8
53877 20100805  2.402  -82.61   35.49    31.8    19.7    25.8    23.5     0.8    19.36 R    45.8    20.3    27.4    97.1    55.9    86.3   0.230   0.261   0.239   0.392   0.379    26.4    26.3    26.0    24.8    22.8
53877 20100806  2.402  -82.61   35.49    27.5    17.9    22.7    22.2     0.0    13.61 R    36.8    18.3    25.3    98.2    62.3    88.2   0.218   0.252   0.232   0.390   0.379    25.7    25.7    25.7    24.9    22.9
53877 20100807  2.402  -82.61   35.49    28.5    15.7    22.1    21.7     0.0    21.50 R    40.6    15.9    25.8    97.1    54.0    81.9   0.206   0.242   0.225   0.384   0.379    25.1    25.2    25.1    24.6    22.9
53877 20100808  2.402  -82.61   35.49    29.7    15.3    22.5    22.2     0.0    22.73 R    42.1    15.5    26.5    96.7    47.4    80.9   0.187   0.229   0.216   0.379   0.379    25.0    25.1    25.0    24.4    22.9
53877 20100809  2.402  -82.61   35.49    30.5    16.9    23.7    23.1     0.0    21.38 R    41.9    17.2    27.5    96.7    50.3    81.5   0.167   0.215   0.206   0.378   0.378    25.1    25.2    25.0    24.4    22.9
53877 20100810  2.402  -82.61   35.49    31.3    17.2    24.3    23.9     0.0    20.96 R    42.4    17.6    27.9    96.6    52.7    81.5   0.151   0.201   0.194   0.377   0.377    25.3    25.4    25.1    24.4    22.9
53877 20100811  2.402  -82.61   35.49    31.3    19.8    25.6    24.7     0.7    18.43 R    42.3    20.3    28.5    97.2    54.7    83.7   0.139   0.188   0.184   0.376   0.377    25.8    25.8    25.4    24.5    22.9
53877 20100812  2.402  -82.61   35.49    31.3    19.7    25.5    24.6     0.0    17.68 R    41.1    20.2    28.1    97.6    53.9    85.0   0.132   0.179   0.176   0.374   0.377    25.8    25.8    25.5    24.6    22.9
53877 20100813  2.402  -82.61   35.49    31.6    18.6    25.1    24.1     0.0    18.25 R    43.1    18.9    27.6    96.9    50.6    84.1   0.125   0.169   0.167   0.372   0.376    25.6    25.7    25.4    24.6    22.9
53877 20100814  2.402  -82.61   35.49    27.9    19.7    23.8    23.4     2.8    11.94 R    38.5    20.1    26.1    97.1    68.7    85.4   0.120   0.162   0.160   0.370   0.375    25.3    25.4    25.3    24.6    23.0
53877 20100815  2.402  -82.61   35.49    29.9    20.7    25.3    23.5    12.3    16.78 R    41.9    21.4    26.8    97.6    59.4    89.1   0.151   0.177   0.157   0.368   0.375    25.5    25.5    25.3    24.5    23.0
53877 20100816  2.402  -82.61   35.49    29.4    18.8    24.1    23.2     0.0    17.93 R    41.3    19.2    26.5    97.8    62.4    87.7   0.201   0.208   0.167   0.368   0.375    25.3    25.4    25.2    24.5    23.0
53877 20100817  2.402  -82.61   35.49    27.0    19.0    23.0    22.6     0.8    10.64 R    39.0    19.4    24.9    97.1    71.9    91.2   0.186   0.202   0.169   0.367   0.374    25.0    25.2    25.1    24.5    23.0
53877 20100818  2.402  -82.61   35.49    28.9    20.3    24.6    23.1     8.7    13.65 R    39.4    20.7    25.9    97.5    65.2    90.3   0.186   0.214   0.170   0.365   0.374    25.0    25.1    25.0    24.4    23.0
53877 20100819  2.402  -82.61   35.49    29.5    20.3    24.9    23.9     1.1    13.38 R    39.4    20.7    26.8    97.6    69.5    88.5   0.222   0.240   0.175   0.365   0.373    25.2    25.3    25.1    24.4    23.0
53877 20100820  2.402  -82.61   35.49    29.1    17.7    23.4    22.7     0.0    20.14 R    39.8    18.0    26.6   100.0    60.0    84.3   0.215   0.231   0.177   0.364   0.374    24.9    25.1    25.0    24.4    23.0
53877 20100821  2.402  -82.61   35.49    22.5    18.5    20.5    20.8    42.7     2.05 R    27.1    18.8    21.7    97.8    91.3    96.3   0.248   0.275   0.207   0.370   0.381    24.0    24.3    24.5    24.3    23.0
53877 20100822  2.402  -82.61   35.49    29.0    18.5    23.8    22.9     0.0    22.62 R    40.0    18.8    26.5    97.8    51.1    83.1   0.274   0.302   0.240   0.382   0.396    24.3    24.4    24.3    23.9    23.0
53877 20100823  2.402  -82.61   35.49    27.8    14.6    21.2    20.6     0.0    23.47 R    37.6    14.6    24.2    97.5    43.8    79.2   0.253   0.281   0.236   0.382   0.397    23.7    24.0    24.2    23.9    22.9
53877 20100824  2.402  -82.61   35.49    27.1    14.3    20.7    20.3     1.0    18.50 R    39.6    14.5    24.2    97.2    47.7    82.4   0.236   0.267   0.232   0.381   0.391    23.4    23.7    23.8    23.7    22.9
53877 20100825  2.402  -82.61   35.49    27.4    17.4    22.4    20.9     0.0    17.19 R    40.5    17.8    24.6    97.2    52.4    84.3   0.228   0.261   0.229   0.381   0.378    24.3    24.3    24.1    23.6    22.8
53877 20100826  2.402  -82.61   35.49    27.7    14.4    21.0    20.1     0.0    19.71 R    40.9    14.5    24.3    97.2    47.8    83.0   0.223   0.256   0.226   0.380   0.377    24.2    24.3    24.1    23.7    22.8
53877 20100827  2.402  -82.61   35.49    27.6    15.2    21.4    20.7     0.0    20.06 R    39.3    15.4    24.7    97.0    57.0    84.5   0.214   0.250   0.223   0.380   0.376    24.3    24.3    24.1    23.6    22.8
53877 20100828  2.402  -82.61   35.49    27.6    15.2    21.4    20.7     0.0    18.54 R    38.3    15.4    24.3    97.8    53.1    83.3   0.204   0.243   0.218   0.378   0.376    24.3    24.3    24.1    23.6    22.8
53877 20100829  2.402  -82.61   35.49    28.2    14.4    21.3    20.4     0.0    18.25 R    40.0    14.6    24.2    97.9    49.1    83.6   0.194   0.236   0.213   0.377   0.376    24.2    24.2    24.0    23.6    22.7
53877 20100830  2.402  -82.61   35.49    28.1    14.4    21.2    20.1     0.0    21.23 R    39.9    14.4    24.4    98.1    42.9    80.7   0.183   0.228   0.207   0.376   0.375    24.2    24.1    24.0    23.5    22.7
53877 20100831  2.402  -82.61   35.49    29.6    11.7    20.7    19.2     0.0    23.12 R    42.1    11.7    23.6    98.0    30.5    77.3   0.171   0.219   0.201   0.375   0.375    23.7    23.7    23.7    23.4    22.7
53877 20100901  2.402  -82.61   35.49    30.6    10.1    20.4    19.1     0.0    22.70 R    42.9     9.9    23.2    97.1    32.0    76.1   0.158   0.211   0.195   0.374   0.374    23.3    23.3    23.3    23.2    22.7
53877 20100902  2.402  -82.61   35.49    30.1    11.8    20.9    19.5     0.0    22.07 R    42.2    11.6    23.7    96.9    29.0    75.5   0.147   0.202   0.188   0.373   0.374    23.3    23.2    23.3    23.1    22.6
53877 20100903  2.402  -82.61   35.49    30.0    11.4    20.7    20.2     0.0    17.97 R    42.9    11.3    23.5    96.8    39.2    77.4   0.137   0.193   0.182   0.370   0.374    23.1    23.1    23.1    23.0    22.6
53877 20100904  2.402  -82.61   35.49    23.5     8.5    16.0    17.3     0.0    22.98 R    34.2     8.2    20.3    95.4    34.2    59.4   0.129   0.184   0.175   0.368   0.374    22.8    22.8    23.0    22.9    22.5
53877 20100905  2.402  -82.61   35.49    25.7     6.3    16.0    15.1     0.0    22.64 R    36.1     6.0    18.8    97.2    38.8    74.5   0.122   0.176   0.169   0.367   0.373    21.3    21.5    22.0    22.4    22.4
53877 20100906  2.402  -82.61   35.49    27.0     7.3    17.2    16.6     0.0    22.20 R    38.6     7.0    20.2    97.1    38.4    74.9   0.116   0.168   0.163   0.365   0.373    21.3    21.5    21.7    22.0    22.3
53877 20100907  2.402  -82.61   35.49    29.3     8.8    19.0    18.5     0.0    19.63 R    41.0     8.4    22.0    96.9    38.8    79.0   0.111   0.160   0.157   0.364   0.373    21.6    21.7    21.7    21.9    22.1
53877 20100908  2.402  -82.61   35.49    22.6    15.1    18.9    18.6     3.1     6.35 R    27.8    15.2    19.7    97.8    74.4    92.9   0.108   0.157   0.154   0.362   0.373    21.7    21.8    21.9    21.9    22.0
53877 20100909  2.402  -82.61   35.49    27.3    13.0    20.1    18.8     0.0    15.24 R    38.5    12.8    21.8    98.0    37.1    78.8   0.110   0.158   0.154   0.361   0.372    21.5    21.6    21.7    21.7    21.9
53877 20100910  2.402  -82.61   35.49    28.5    15.3    21.9    19.2     0.0    12.80 R    39.9    15.5    21.9    96.3    38.6    80.4   0.110   0.156   0.151   0.359   0.372    22.0    22.0    22.0    21.7    21.8
53877 20100911  2.402  -82.61   35.49    21.1    15.6    18.4    18.1    27.0     3.92 R    23.8    15.8    18.9    97.8    79.5    95.4   0.157   0.210   0.167   0.358   0.372    21.4    21.5    21.7    21.8    21.7
53877 20100912  2.402  -82.61   35.49    25.2    11.8    18.5    18.7     0.0    20.23 R    35.0    11.5    21.4   100.0    40.4    80.5   0.237   0.278   0.193   0.357   0.372    21.9    21.8    21.8    21.6    21.7
53877 20100913  2.402  -82.61   35.49    25.7     8.4    17.0    15.9     0.0    21.71 R    36.7     7.9    19.1    98.0    29.8    75.7   0.219   0.257   0.193   0.357   0.371    20.9    21.0    21.3    21.5    21.6
53877 20100914  2.402  -82.61   35.49    28.1     7.8    17.9    16.7     0.0    19.57 R    39.9     7.6    20.1    97.2    32.2    76.9   0.204   0.243   0.191   0.356   0.372    20.8    20.8    21.0    21.3    21.6
53877 20100915  2.402  -82.61   35.49    28.7    10.0    19.4    18.0     0.0    20.38 R    40.5     9.8    21.7    96.9    31.4    77.0   0.194   0.234   0.188   0.356   0.372    21.6    21.3    21.3    21.2    21.5
53877 20100916  2.402  -82.61   35.49    27.7    12.5    20.1    19.0     0.0    14.14 R    38.6    12.4    21.6    96.2    39.0    78.9   0.184   0.225   0.186   0.356   0.372    21.8    21.6    21.5    21.3    21.4
53877 20100917  2.402  -82.61   35.49    27.5    14.4    20.9    19.7     1.2    17.71 R    37.5    14.1    22.4    97.6    46.7    82.6   0.176   0.218   0.183   0.356   0.371    22.4    22.1    21.9    21.5    21.3
53877 20100918  2.402  -82.61   35.49    27.2    11.7    19.5    18.2     0.0    19.39 R    38.0    11.3    21.5    97.9    44.7    81.9   0.169   0.213   0.180   0.356   0.371    22.2    21.9    21.8    21.6    21.3
53877 20100919  2.402  -82.61   35.49    29.0    10.6    19.8    18.4     0.0    19.46 R    39.4    10.5    21.4    98.0    34.0    79.7   0.159   0.205   0.176   0.356   0.371    22.0    21.7    21.7    21.5    21.3
53877 20100920  2.402  -82.61   35.49    28.9    11.5    20.2    19.1     0.0    19.18 R    38.6    11.1    21.8    96.9    34.9    76.6   0.149   0.196   0.172   0.355   0.371    22.0    21.8    21.7    21.5    21.3
53877 20100921  2.402  -82.61   35.49    30.0    11.6    20.8    19.8     0.0    18.43 R    40.0    11.3    22.6    96.9    43.8    77.4   0.139   0.188   0.167   0.355   0.371    22.1    21.8    21.7    21.5    21.2
53877 20100922  2.402  -82.61   35.49    28.1    13.1    20.6    19.1     0.0    11.81 R    38.3    13.0    21.2    96.8    52.1    86.4   0.129   0.180   0.163   0.354   0.371    22.0    21.8    21.8    21.5    21.2
53877 20100923  2.402  -82.61   35.49    30.1    12.9    21.5    19.9     0.0    17.53 R    40.8    12.6    22.8    98.3    36.7    79.7   0.124   0.174   0.159   0.353   0.370    22.2    21.9    21.8    21.5    21.2
53877 20100924  2.402  -82.61   35.49    28.9    11.8    20.4    18.9     0.0    17.69 R    39.8    11.4    21.9    96.8    33.4    78.3   0.117   0.166   0.155   0.351   0.370    22.0    21.8    21.7    21.5    21.2
53877 20100925  2.402  -82.61   35.49    27.5    12.4    19.9    18.8     0.2    12.39 R    36.6    12.2    20.8    96.8    55.8    83.6   0.112   0.160   0.150   0.350   0.370    21.6    21.5    21.5    21.4    21.2
53877 20100926  2.402  -82.61   35.49    18.3    14.8    16.6    16.6    30.8     2.56 R    19.8    15.1    17.1    97.6    85.8    95.8   0.202   0.222   0.176   0.352   0.369    20.9    21.0    21.3    21.3    21.2
53877 20100927  2.402  -82.61   35.49    18.4    13.6    16.0    16.1    21.0     3.82 R    21.3    13.7    16.8    97.6    83.4    93.6   0.269   0.296   0.224   0.355   0.370    20.0    20.2    20.5    20.9    21.1
53877 20100928  2.402  -82.61   35.49    19.8    11.3    15.6    14.5     0.0    15.45 R    29.4    11.3    17.0    97.9    55.5    85.5   0.263   0.294   0.245   0.371   0.370    19.9    20.0    20.2    20.5    21.1
53877 20100929  2.402  -82.61   35.49    19.1    10.5    14.8    14.3     9.9     6.88 R    25.9    10.6    15.7    97.7    66.1    90.7   0.260   0.292   0.245   0.373   0.371    19.3    19.5    19.9    20.4    20.9
53877 20100930  2.402  -82.61   35.49    20.6    14.9    17.7    16.7     1.1     7.78 R    26.9    15.2    17.7    97.7    60.7    82.9   0.269   0.300   0.252   0.377   0.372    19.7    19.8    19.9    20.1    20.8
53877 20101001  2.402  -82.61   35.49    19.9     8.1    14.0    15.1     0.0    18.76 R    28.9     7.8    17.4    94.4    42.1    64.4   0.252   0.287   0.246   0.379   0.372    19.2    19.3    19.7    20.0    20.7
53877 20101002  2.402  -82.61   35.49    21.3     2.7    12.0    11.6     0.0    18.29 R    32.7     2.1    14.8    97.5    43.6    79.8   0.239   0.276   0.242   0.379   0.373    18.2    18.4    18.9    19.7    20.6
53877 20101003  2.402  -82.61   35.49    14.4     4.4     9.4     9.1     0.0     7.95 R    20.5     3.8    10.2    97.6    60.7    80.1   0.230   0.268   0.238   0.378   0.373    17.0    17.5    18.2    19.3    20.5
53877 20101004  2.402  -82.61   35.49    13.6     4.6     9.1     8.7     0.0    16.08 R    23.1     4.2    10.9    94.1    44.7    68.6   0.224   0.261   0.235   0.376   0.374    16.5    16.9    17.5    18.7    20.3
53877 20101005  2.402  -82.61   35.49    15.0     2.8     8.9     8.7     0.0    12.41 R    23.4     2.5    10.2    97.4    43.6    72.2   0.215   0.253   0.232   0.375   0.374    15.5    16.0    16.8    18.2    20.1
53877 20101006  2.402  -82.61   35.49    18.8     0.7     9.7    10.1     0.0    18.14 R    27.9     0.3    12.2    98.0    27.8    63.8   0.206   0.245   0.228   0.374   0.374    15.3    15.7    16.4    17.7    19.8
53877 20101007  2.402  -82.61   35.49    24.4     2.6    13.5    14.6     0.0    17.66 R    33.1     2.3    16.8    97.1    37.1    62.9   0.196   0.237   0.223   0.374   0.373    16.0    16.1    16.5    17.5    19.6
53877 20101008  2.402  -82.61   35.49    24.5     6.4    15.4    13.7     0.0    17.84 R    35.4     5.9    16.7    97.6    33.7    76.5   0.181   0.229   0.218   0.373   0.373    16.7    16.7    16.9    17.5    19.3
53877 20101009  2.402  -82.61   35.49    25.2     3.8    14.5    12.5     0.0    17.84 R    36.1     3.2    15.3    97.0    24.6    75.1   0.171   0.222   0.213   0.372   0.374    16.5    16.5    16.9    17.5    19.2
53877 20101010  2.402  -82.61   35.49    26.3     3.8    15.1    13.2     0.0    17.21 R    37.0     3.2    16.1    97.3    25.8    76.5   0.160   0.214   0.208   0.371   0.373    16.6    16.5    16.8    17.4    19.0
53877 20101011  2.402  -82.61   35.49    25.9     4.6    15.3    13.5     0.0    16.58 R    36.4     4.1    16.2    97.7    31.0    77.0   0.151   0.206   0.203   0.371   0.373    16.8    16.7    16.9    17.4    18.9
53877 20101012  2.402  -82.61   35.49    24.5     5.1    14.8    13.1     1.7    10.09 R    33.9     4.7    15.1    98.0    39.7    84.3   0.145   0.200   0.198   0.370   0.373    16.5    16.6    16.9    17.4    18.8
53877 20101013  2.402  -82.61   35.49    22.8     8.5    15.6    14.5     0.0    15.00 R    32.5     8.2    16.9    98.4    41.7    83.4   0.145   0.197   0.195   0.369   0.373    17.3    17.2    17.2    17.4    18.8
53877 20101014  2.402  -82.61   35.49    17.7     2.9    10.3    12.4     0.0    12.61 R    24.9     2.6    13.8    96.8    34.4    70.9   0.144   0.195   0.192   0.368   0.372    17.1    17.2    17.4    17.6    18.6
53877 20101015  2.402  -82.61   35.49    19.6    -0.9     9.4     9.4     0.0    15.26 R    27.6    -1.4    11.1    97.5    20.2    62.6   0.142   0.190   0.189   0.367   0.372    15.0    15.4    16.2    17.3    18.6
53877 20101016  2.402  -82.61   35.49    19.3     1.9    10.6     9.3     0.0    16.40 R    28.3     1.4    11.5    96.2    26.2    68.0   0.138   0.185   0.185   0.365   0.372    14.8    15.1    15.7    16.8    18.5
53877 20101017  2.402  -82.61   35.49    23.6    -0.2    11.7     9.7     0.0    15.73 R    34.3    -0.9    12.0    97.5    19.6    70.7   0.133   0.180   0.182   0.364   0.372    14.4    14.6    15.2    16.4    18.4
53877 20101018  2.402  -82.61   35.49    22.3     2.1    12.2    10.7     0.0     9.63 R    31.0     1.5    12.1    96.9    34.8    78.5   0.128   0.176   0.178   0.362   0.372    14.5    14.7    15.1    16.2    18.2
53877 20101019  2.402  -82.61   35.49    22.9     2.3    12.6    11.5     0.0    12.45 R    32.1     1.6    13.5    97.6    33.6    76.0   0.126   0.173   0.176   0.362   0.371    14.6    14.7    15.1    16.1    18.0
53877 20101020  2.402  -82.61   35.49    19.2     3.3    11.2    11.6     0.3     8.84 R    27.7     2.6    12.9    98.1    45.1    82.8   0.123   0.169   0.174   0.360   0.371    15.2    15.3    15.5    16.1    17.9
53877 20101021  2.402  -82.61   35.49    22.0     0.5    11.2    10.9     0.0    15.11 R    30.2     0.0    12.4    97.9    18.5    61.4   0.120   0.167   0.171   0.359   0.371    14.1    14.3    14.9    16.0    17.8
53877 20101022  2.402  -82.61   35.49    20.2     0.8    10.5     9.3     0.0    15.22 R    28.0     0.5    11.2    87.9    11.9    55.4   0.117   0.163   0.169   0.358   0.371    13.8    14.1    14.7    15.7    17.7
53877 20101023  2.402  -82.61   35.49    23.4    -1.8    10.8    10.1     0.0    14.85 R    32.4    -2.2    12.2    96.0    20.3    62.4   0.115   0.158   0.165   0.357   0.371    13.3    13.5    14.1    15.4    17.5
53877 20101024  2.402  -82.61   35.49    23.0     2.0    12.5    12.9     0.0     9.40 R    30.2     1.6    14.2    96.5    43.0    74.7   0.113   0.156   0.162   0.356   0.371    13.8    13.9    14.3    15.2    17.3
53877 20101025  2.402  -82.61   35.49    18.7    12.6    15.7    15.5    10.3     4.28 R    23.6    12.3    15.7    97.6    72.9    89.5   0.146   0.177   0.166   0.354   0.371    15.3    15.2    15.2    15.4    17.2
53877 20101026  2.402  -82.61   35.49    23.9    13.9    18.9    18.9     4.4     6.21 R    28.2    13.9    18.9    98.0    64.1    87.5   0.155   0.189   0.170   0.355   0.371    16.2    16.0    15.8    15.7    17.1
53877 20101027  2.402  -82.61   35.49    24.1    13.2    18.6    18.0    15.7     4.84 R    28.5    12.8    18.3    98.9    73.7    96.0   0.257   0.279   0.196   0.355   0.371    17.5    17.3    16.9    16.3    17.1
53877 20101028  2.402  -82.61   35.49    19.6     9.7    14.7    13.5     0.0     9.42 R    25.3     9.3    14.6    98.9    38.1    75.3   0.257   0.283   0.220   0.355   0.371    16.7    16.8    16.8    16.7    17.1
53877 20101029  2.402  -82.61   35.49    16.1    -0.1     8.0     7.9     0.0    14.33 R    24.0    -0.4     9.7    95.1    18.9    62.1   0.244   0.272   0.222   0.354   0.371    14.6    15.0    15.7    16.4    17.2
53877 20101030  2.402  -82.61   35.49    19.3    -2.8     8.2     6.4     0.0    13.61 R    27.7    -3.6     8.1    96.8    29.5    74.5   0.234   0.263   0.222   0.354   0.370    12.9    13.4    14.2    15.7    17.2
53877 20101031  2.402  -82.61   35.49    20.9    -1.5     9.7     8.2     0.0    13.46 R    29.4    -2.2     9.6    97.5    25.7    68.8   0.225   0.255   0.221   0.354   0.370    12.5    12.9    13.6    15.0    17.1
53877 20101101  2.402  -82.61   35.49    17.0     0.4     8.7     8.4     0.0    10.85 R    25.4     0.1     9.9    96.9    40.2    70.6   0.217   0.248   0.219   0.354   0.370    12.4    12.7    13.3    14.6    16.9
53877 20101102  2.402  -82.61   35.49    13.5     4.2     8.8     8.5     0.0     6.39 R    21.8     3.8     9.6    88.8    43.5    64.1   0.210   0.242   0.218   0.354   0.369    12.8    13.0    13.4    14.4    16.7
53877 20101103  2.402  -82.61   35.49    15.2     3.3     9.2     9.0     0.0     6.00 R    20.6     3.0    10.0    96.0    50.4    75.7   0.203   0.237   0.215   0.354   0.368    12.6    12.8    13.3    14.3    16.6
53877 20101104  2.402  -82.61   35.49    11.1     2.6     6.8     7.6     7.5     4.10 R    13.0     2.0     7.9    97.1    49.2    83.6   0.235   0.257   0.216   0.354   0.368    12.7    13.0    13.5    14.3    16.4
53877 20101105  2.402  -82.61   35.49     7.7    -1.2     3.2     3.5     0.0     7.00 R    13.1    -1.8     4.1    98.5    51.4    74.8   0.245   0.268   0.221   0.353   0.368    10.9    11.5    12.5    14.0    16.3
53877 20101106  2.402  -82.61   35.49     6.4    -3.4     1.5     0.7     0.4     8.19 R    15.8    -3.9     1.7    95.1    45.3    78.4   0.239   0.264   0.223   0.353   0.368     9.7    10.4    11.4    13.3    16.1
53877 20101107  2.402  -82.61   35.49    11.1    -4.0     3.5     1.6     0.0     7.02 R    22.8    -4.5     1.5    92.8    25.6    66.9   0.232   0.260   0.223   0.353   0.368     8.8     9.5    10.6    12.7    15.9
53877 20101108  2.402  -82.61   35.49    17.2    -2.9     7.1     6.3     0.0    11.66 R    28.6    -3.7     5.7    94.2    22.0    60.0   0.225   0.255   0.221   0.353   0.368     9.0     9.4    10.2    12.1    15.6
53877 20101109  2.402  -82.61   35.49    20.5    -0.7     9.9     8.0     0.0    11.72 R    31.6    -2.5     6.8    93.4    17.4    60.5   0.218   0.249   0.220   0.353   0.368     9.5     9.8    10.4    11.9    15.4
53877 20101110  2.402  -82.61   35.49    22.2    -1.9    10.1     7.8     0.0    10.99 R    32.4    -2.7     7.1    95.9    18.6    64.8   0.211   0.244   0.218   0.353   0.368     9.6     9.9    10.5    11.9    15.1
53877 20101111  2.402  -82.61   35.49    22.0    -1.9    10.0     7.4     0.0    11.58 R    30.6    -3.0     6.9    96.9    18.5    68.1   0.204   0.238   0.217   0.353   0.369     9.6     9.9    10.5    11.8    14.9
53877 20101112  2.402  -82.61   35.49 -9999.0 -9999.0 -9999.0 -9999.0 -9999.0 -9999.00 U -9999.0 -9999.0 -9999.0 -9999.0 -9999.0 -9999.0 -99.000 -99.000 -99.000 -99.000 -99.000 -9999.0 -9999.0 -9999.0 -9999.0 -9999.0
53877 20101113  2.402  -82.61   35.49    20.2    -2.3     8.9     6.8     0.0    11.24 R    29.8    -3.5     6.4    97.0    24.3    69.2   0.191   0.228   0.212   0.353   0.368     9.4     9.8    10.4    11.7    14.6
53877 20101114  2.402  -82.61   35.49    18.6    -2.7     8.0     7.1     0.0     7.38 R    30.2    -3.8     6.9    96.4    29.5    69.7   0.185   0.221   0.210   0.353   0.368     9.3     9.7    10.2    11.5    14.4
53877 20101115  2.402  -82.61   35.49    12.0     2.4     7.2     7.7     4.9     1.87 R    16.3     0.5     8.1    97.7    70.8    90.1   0.186   0.224   0.208   0.352   0.368     9.8    10.1    10.5    11.5    14.3
53877 20101116  2.402  -82.61   35.49    15.4     7.2    11.3    11.2     6.2     1.63 R    19.9     4.7    10.1    95.9    54.3    85.4   0.242   0.258   0.211   0.352   0.368    10.7    10.9    11.1    11.7    14.1
53877 20101117  2.402  -82.61   35.49    12.2    -1.5     5.4     6.8     0.0    10.81 R    21.6    -2.1     6.6    96.2    41.9    68.1   0.255   0.280   0.221   0.352   0.368    10.2    10.6    11.0    11.8    14.1
53877 20101118  2.402  -82.61   35.49    13.0    -2.8     5.1     3.4     0.0     8.88 R    22.8    -3.4     4.3    96.9    43.5    80.1   0.243   0.273   0.223   0.352   0.368     9.0     9.5    10.2    11.6    14.0
53877 20101119  2.402  -82.61   35.49    14.0    -3.5     5.2     4.2     0.0    10.58 R    24.0    -4.0     4.4    97.0    45.1    77.3   0.236   0.267   0.223   0.352   0.368     8.4     8.9     9.7    11.2    13.9
53877 20101120  2.402  -82.61   35.49    16.9    -3.0     6.9     5.2     0.0    10.28 R    26.3    -3.7     5.1    97.0    43.4    79.6   0.232   0.263   0.222   0.352   0.367     8.4     8.8     9.5    10.9    13.8
53877 20101121  2.402  -82.61   35.49    18.3    -1.6     8.3     7.0     0.0     9.42 R    29.1    -2.3     7.0    97.5    46.6    79.6   0.226   0.258   0.221   0.352   0.367     8.7     9.0     9.5    10.7    13.6
53877 20101122  2.402  -82.61   35.49    20.6    -0.3    10.2     8.8     0.0     7.69 R    33.6    -0.9     8.1    98.4    40.7    81.3   0.221   0.253   0.220   0.352   0.367     9.2     9.5     9.8    10.8    13.5
53877 20101123  2.402  -82.61   35.49    21.6     2.6    12.1     8.0     0.4     3.50 R    30.1     1.0     7.4    98.2    50.6    91.1   0.218   0.249   0.218   0.352   0.367     9.6     9.9    10.2    10.9    13.4
53877 20101124  2.402  -82.61   35.49    16.9     0.8     8.9     8.5     0.0    10.22 R    27.1     0.0     9.0   100.0    50.6    80.8   0.216   0.247   0.217   0.352   0.367     9.7     9.9    10.2    11.0    13.3
53877 20101125  2.402  -82.61   35.49    21.4     9.3    15.3    14.4     0.0     9.68 R    32.1     6.5    14.2    90.7    38.8    65.5   0.211   0.244   0.216   0.352   0.367    11.2    11.1    11.0    11.2    13.3
53877 20101126  2.402  -82.61   35.49    16.5     0.1     8.3     7.9     2.5     1.71 R    13.8    -0.8     8.0    97.0    71.3    84.2   0.213   0.245   0.215   0.352   0.367    11.3    11.5    11.6    11.7    13.2
53877 20101127  2.402  -82.61   35.49     7.3    -2.9     2.2     1.2     0.0    10.25 R    17.2    -4.7     1.3    87.8    43.2    57.5   0.225   0.247   0.215   0.352   0.368     8.5     9.2    10.2    11.5    13.3
53877 20101128  2.402  -82.61   35.49     8.1    -7.3     0.4     0.4     0.0     9.82 R    18.5    -7.7     0.7    94.9    42.5    70.2   0.222   0.245   0.215   0.352   0.368     6.9     7.7     8.8    10.7    13.3
53877 20101129  2.402  -82.61   35.49     6.3     1.3     3.8     4.3    11.3     2.01 R    15.8    -0.2     5.3    97.6    49.8    70.2   0.228   0.246   0.214   0.351   0.367     7.2     7.9     8.5    10.1    13.1
53877 20101130  2.402  -82.61   35.49    17.0     6.0    11.5    10.6   100.7     1.57 R    20.6     6.2    10.7    97.5    89.0    93.9   0.359   0.350   0.291   0.367   0.382     9.1     9.2     9.3    10.0    12.9
53877 20101201  2.402  -82.61   35.49     9.3    -3.9     2.7     1.3     4.2     9.11 R    14.6    -4.4     3.4    97.7    46.0    74.0   0.352   0.376   0.317   0.378   0.397     9.7     9.9    10.3    10.5    12.7
53877 20101202  2.402  -82.61   35.49     4.0    -6.2    -1.1    -1.8     0.0     5.79 R     9.7    -5.8    -0.7    91.3    37.7    69.6   0.297   0.328   0.262   0.379   0.398     6.7     7.4     8.6    10.2    12.6
53877 20101203  2.402  -82.61   35.49     9.2    -6.3     1.4     0.5     0.0     8.57 R    17.4    -6.2     1.1    95.5    38.6    74.0   0.283   0.312   0.254   0.376   0.398     5.8     6.5     7.5     9.4    12.5
53877 20101204  2.402  -82.61   35.49     4.6    -3.4     0.6     1.1     3.6     2.43 R     9.7    -4.0     2.2    98.4    66.7    88.0   0.280   0.308   0.252   0.373   0.399     5.7     6.4     7.2     8.9    12.3
53877 20101205  2.402  -82.61   35.49     3.2    -3.4    -0.1    -1.5     0.3     7.38 R    12.0    -2.6     0.5    89.9    51.7    69.3   0.285   0.311   0.255   0.373   0.399     5.8     6.4     7.2     8.7    12.0
53877 20101206  2.402  -82.61   35.49    -0.6    -8.2    -4.4    -4.6     0.0     6.69 R     9.3    -8.0    -3.5    73.6    45.1    55.8   0.276   0.304   0.253   0.373   0.399     4.5     5.3     6.4     8.4    11.8
53877 20101207  2.402  -82.61   35.49    -3.0    -9.2    -6.1    -6.8     0.0     9.14 R     8.3    -9.4    -5.1    82.7    43.5    61.3   0.270   0.299   0.251   0.373   0.399     3.0     3.9     5.3     7.7    11.6
53877 20101208  2.402  -82.61   35.49     1.1   -10.0    -4.5    -5.1     0.0     6.74 R     9.6   -10.3    -3.9    76.8    27.1    52.9   0.265   0.295   0.250   0.373   0.394     2.1     3.1     4.4     7.0    11.4
53877 20101209  2.402  -82.61   35.49     5.5   -11.9    -3.2    -3.8     0.0     9.17 R    13.8   -10.8    -3.0    89.4    26.7    63.3   0.261   0.293   0.249   0.373   0.381     2.0     2.9     4.0     6.4    11.1
53877 20101210  2.402  -82.61   35.49     8.3    -3.7     2.3     0.2     0.0     8.58 R    17.9    -5.3     0.7    77.6    27.3    56.8   0.259   0.291   0.248   0.373   0.378     2.8     3.4     4.2     6.2    10.7
53877 20101211  2.402  -82.61   35.49     9.3    -3.9     2.7     2.6     0.0     6.41 R    20.0    -4.5     3.4    81.3    27.5    52.0   0.257   0.287   0.247   0.372   0.378     3.6     4.1     4.7     6.2    10.4
53877 20101212  2.402  -82.61   35.49     3.4    -6.9    -1.8    -1.3    12.3     1.28 R     7.4    -9.9    -1.9    98.0    42.8    77.2   0.255   0.288   0.246   0.372   0.378     4.0     4.5     5.1     6.4    10.2
53877 20101213  2.402  -82.61   35.49    -6.1   -10.8    -8.5    -8.1     0.0     5.42 R    -5.0   -14.4   -10.1    65.9    53.5    58.5   0.259   0.292   0.246   0.371   0.377     3.8     4.3     5.0     6.5    10.1
53877 20101214  2.402  -82.61   35.49    -5.2   -12.4    -8.8    -9.5     0.0     9.46 R    -3.7   -17.2   -12.7    78.4    35.4    55.9   0.259   0.290   0.246   0.371   0.377     3.2     3.8     4.6     6.3     9.9
53877 20101215  2.402  -82.61   35.49    -0.6   -15.3    -7.9    -6.8     0.0     7.73 R    -0.4   -19.0    -8.6    88.8    25.1    61.2   0.258   0.286   0.246   0.370   0.377     2.7     3.4     4.3     6.0     9.8
53877 20101216  2.402  -82.61   35.49     7.5    -3.0     2.3     0.7     0.0     2.27 R     2.6    -3.5    -0.2    98.6    73.9    88.4   0.268   0.295   0.247   0.370   0.377     3.2     3.7     4.3     5.8     9.6
53877 20101217  2.402  -82.61   35.49     5.4    -2.8     1.3     1.5     0.0     7.96 R    13.9    -4.1     1.9    95.7    62.5    84.5   0.296   0.316   0.263   0.371   0.377     3.9     4.3     4.7     5.9     9.5
53877 20101218  2.402  -82.61   35.49     3.0    -3.5    -0.3    -0.5     0.0     1.59 R     5.8    -5.2     0.2    97.3    83.4    91.5   0.282   0.309   0.258   0.375   0.377     3.7     4.2     4.8     6.0     9.3
53877 20101219  2.402  -82.61   35.49     2.4    -5.9    -1.7    -1.7     0.0     9.17 R    12.4    -7.8    -1.2    96.7    47.7    74.5   0.275   0.305   0.255   0.374   0.377     3.3     3.8     4.5     5.9     9.2
53877 20101220  2.402  -82.61   35.49     3.3    -7.9    -2.3    -2.5     0.0     7.36 R    13.5    -8.9    -2.3    93.0    47.6    73.2   0.268   0.300   0.254   0.375   0.377     2.4     3.0     4.0     5.7     9.1
53877 20101221  2.402  -82.61   35.49     5.3    -0.9     2.2     2.1     0.0     2.38 R    12.9    -0.3     3.7    88.5    54.2    76.1   0.265   0.298   0.252   0.375   0.377     3.4     3.8     4.2     5.5     9.0
53877 20101222  2.402  -82.61   35.49    10.1    -0.8     4.6     4.1     0.5     4.56 R    17.2    -0.4     4.6    98.2    50.9    80.5   0.263   0.296   0.251   0.374   0.377     5.0     5.1     5.2     5.8     8.9
53877 20101223  2.402  -82.61   35.49     1.6    -4.0    -1.2    -1.8     0.0     8.93 R    13.5    -6.5    -0.7    72.8    47.7    62.4   0.260   0.294   0.249   0.374   0.377     3.9     4.4     5.1     6.1     8.8
53877 20101224  2.402  -82.61   35.49     7.2    -5.6     0.8    -1.3     0.0     8.50 R    15.5    -7.5    -0.7    78.0    25.5    62.2   0.256   0.290   0.249   0.373   0.377     2.9     3.5     4.3     5.8     8.8
53877 20101225  2.402  -82.61   35.49    -0.1    -2.4    -1.2    -0.7    15.9     0.13 R     4.9    -3.1    -0.5    97.0    67.3    87.2   0.255   0.288   0.247   0.373   0.377     3.1     3.7     4.3     5.6     8.7
53877 20101226  2.402  -82.61   35.49    -2.3    -6.7    -4.5    -5.0     1.0     1.05 R    -1.5   -10.2    -6.1    89.9    57.6    73.2   0.262   0.295   0.248   0.372   0.377     3.3     3.8     4.3     5.6     8.6
53877 20101227  2.402  -82.61   35.49    -2.0   -11.4    -6.7    -5.8     0.0     9.63 R    -3.1   -17.2    -9.2    88.4    46.6    66.0   0.272   0.301   0.251   0.372   0.377     3.3     3.8     4.3     5.5     8.5
53877 20101228  2.402  -82.61   35.49     3.1   -15.0    -6.0    -5.8     0.0     9.46 R     0.5   -20.1   -10.5    91.1    24.5    68.3   0.274   0.303   0.254   0.372   0.377     3.2     3.7     4.3     5.5     8.4
53877 20101229  2.402  -82.61   35.49 -9999.0 -9999.0 -9999.0 -9999.0 -9999.0 -9999.00 U -9999.0 -9999.0 -9999.0 -9999.0 -9999.0 -9999.0 -99.000 -99.000 -99.000 -99.000 -99.000 -9999.0 -9999.0 -9999.0 -9999.0 -9999.0
53877 20101230  2.402  -82.61   35.49     7.2    -4.8     1.2     0.4     0.0     2.68 R     1.5    -7.3    -1.6    95.5    47.7    77.1   0.273   0.305   0.255   0.372   0.376     2.9     3.5     4.1     5.3     8.3
53877 20101231  2.402  -82.61   35.49    11.5    -2.7     4.4     3.5     0.0     7.22 R     7.4    -4.2     0.9    97.2    63.0    84.5   0.291   0.319   0.265   0.374   0.379     3.3     3.6     4.1     5.2     8.2
