53877 20120101  2.402  -82.61   35.49    17.4    -3.3     7.1     5.3     0.0     4.61 R    20.3    -3.4     3.8    94.4    37.9    66.8   0.314   0.271   0.249   0.341   0.403     5.8     6.1     6.7     7.7    10.3
53877 20120102  2.402  -82.61   35.49     4.0    -7.4    -1.7    -0.8     0.9     8.98 R    12.5    -9.8    -0.7    81.4    23.4    44.3   0.308   0.269   0.246   0.340   0.400     5.1     5.5     6.4     7.6    10.2
53877 20120103  2.402  -82.61   35.49    -3.6    -9.4    -6.5    -6.8     0.5     9.90 R     5.6   -12.3    -6.1    81.5    40.3    54.1   0.304   0.268   0.244   0.338   0.385     4.0     4.4     5.6     7.2    10.0
53877 20120104  2.402  -82.61   35.49     7.7   -12.8    -2.6    -4.1     0.0     8.98 R    12.7   -10.5    -2.8    86.1    15.1    60.5   0.301   0.267   0.243   0.338   0.382     2.7     3.2     4.5     6.5     9.9
53877 20120105  2.402  -82.61   35.49    10.9    -3.9     3.5     1.5     0.0     8.94 R    16.6    -4.9     0.7    86.4    22.6    63.5   0.296   0.266   0.242   0.336   0.381     3.2     3.4     4.3     6.0     9.7
53877 20120106  2.402  -82.61   35.49    16.2    -6.0     5.1     1.7     0.0     9.26 R    19.5    -5.9     1.0    90.7    19.6    66.4   0.299   0.264   0.240   0.335   0.380     3.6     3.8     4.5     5.9     9.4
53877 20120107  2.402  -82.61   35.49    15.3    -3.6     5.8     5.8     1.6     4.42 R    22.4    -4.4     5.2    96.9    54.9    79.3   0.301   0.262   0.239   0.335   0.380     4.4     4.5     4.9     5.9     9.2
53877 20120108  2.402  -82.61   35.49    10.9     1.0     5.9     6.6     0.9     2.76 R    14.5     0.2     6.8    97.2    80.9    94.7   0.305   0.264   0.238   0.334   0.380     5.8     5.8     5.9     6.3     9.1
53877 20120109  2.402  -82.61   35.49     9.1     4.9     7.0     8.0     6.2     1.90 R    14.4     3.6     8.3    97.0    94.1    95.6   0.332   0.278   0.244   0.333   0.379     7.1     7.1     7.0     6.9     9.0
53877 20120110  2.402  -82.61   35.49    11.0     4.4     7.7     8.3     0.0     2.82 R    13.2     3.0     8.5    97.2    77.6    91.7   0.352   0.296   0.255   0.333   0.379     7.5     7.5     7.5     7.4     9.0
53877 20120111  2.402  -82.61   35.49    11.4     3.7     7.5     8.3    48.4     1.08 R    15.5     2.9     8.1    96.8    84.0    94.0   0.426   0.335   0.322   0.356   0.391     8.1     8.1     8.1     7.8     9.1
53877 20120112  2.402  -82.61   35.49    12.8    -3.4     4.7     4.2     1.5     4.97 R    19.2    -3.4     4.5    97.6    49.3    83.2   0.396   0.326   0.316   0.368   0.399     7.4     7.6     7.8     8.0     9.1
53877 20120113  2.402  -82.61   35.49    -0.8    -7.0    -3.9    -4.0     0.0     9.37 R     9.0    -6.7    -2.4    81.2    49.1    59.0   0.361   0.309   0.267   0.370   0.400     5.3     5.7     6.7     7.7     9.2
53877 20120114  2.402  -82.61   35.49     5.8    -7.5    -0.9    -1.7     0.0     9.85 R    13.5    -7.5    -0.7    82.7    32.2    60.8   0.344   0.298   0.257   0.363   0.401     3.8     4.2     5.3     6.9     9.2
53877 20120115  2.402  -82.61   35.49     5.5    -5.1     0.2     0.3     0.0    10.10 R    13.7    -5.2     1.3    93.0    40.8    68.4   0.336   0.292   0.254   0.355   0.402     4.5     4.7     5.3     6.4     9.1
53877 20120116  2.402  -82.61   35.49     8.0    -5.8     1.1     1.6     0.0     3.55 R    11.4    -5.9     1.0    92.1    33.5    63.7   0.330   0.287   0.252   0.351   0.402     3.7     4.1     4.9     6.2     9.0
53877 20120117  2.402  -82.61   35.49    17.8    -1.2     8.3     7.5     9.6     5.41 R    24.0    -1.8     7.0    96.1    48.3    81.0   0.333   0.290   0.253   0.349   0.402     5.1     5.1     5.3     6.1     8.8
53877 20120118  2.402  -82.61   35.49     8.9    -2.7     3.1     1.0     0.4    10.76 R    13.8    -2.9     2.2    92.9    47.9    68.2   0.357   0.306   0.264   0.354   0.403     6.0     6.0     6.3     6.5     8.7
53877 20120119  2.402  -82.61   35.49     6.3    -7.2    -0.5    -1.0     0.0     6.80 R    14.6    -6.8    -0.3    92.4    40.4    71.0   0.339   0.295   0.257   0.354   0.403     4.2     4.5     5.3     6.4     8.6
53877 20120120  2.402  -82.61   35.49    13.1    -3.6     4.7     4.4     1.4     6.46 R    18.8    -3.7     5.5    94.2    49.9    78.0   0.333   0.291   0.254   0.351   0.403     4.9     5.0     5.3     6.1     8.5
53877 20120121  2.402  -82.61   35.49    11.1     5.0     8.1     7.6    12.4     1.67 R    14.6     4.2     7.6    96.4    88.7    94.6   0.354   0.306   0.263   0.359   0.404     6.4     6.4     6.4     6.4     8.5
53877 20120122  2.402  -82.61   35.49     8.5     3.3     5.9     5.9     0.0     4.92 R    18.4     4.4     7.4    96.2    74.5    89.2   0.343   0.303   0.260   0.367   0.405     7.2     7.2     7.1     6.9     8.4
53877 20120123  2.402  -82.61   35.49    11.0     2.5     6.7     4.9    16.5     8.46 R    16.7     2.4     6.2    96.7    77.9    91.1   0.379   0.321   0.308   0.368   0.405     7.1     7.2     7.3     7.3     8.5
53877 20120124  2.402  -82.61   35.49    14.4    -1.4     6.5     5.1     0.0    10.97 R    19.8    -1.6     5.2    96.9    29.0    78.0   0.352   0.313   0.275   0.375   0.405     7.2     7.2     7.3     7.4     8.5
53877 20120125  2.402  -82.61   35.49    17.0    -3.0     7.0     6.6     0.0     9.43 R    22.6    -3.4     5.5    95.5    27.2    64.6   0.333   0.301   0.260   0.367   0.406     6.5     6.6     6.9     7.4     8.6
53877 20120126  2.402  -82.61   35.49    17.4     6.2    11.8    12.6    17.7     6.48 R    24.9     4.5    11.6    94.6    51.7    76.0   0.339   0.302   0.265   0.361   0.406     8.3     8.1     7.7     7.5     8.6
53877 20120127  2.402  -82.61   35.49    15.8    -0.9     7.5     8.8     0.0     9.89 R    18.8    -1.0     8.5    94.4    47.4    71.5   0.379   0.325   0.305   0.376   0.405     9.6     9.4     9.1     8.3     8.7
53877 20120128  2.402  -82.61   35.49    13.2    -3.5     4.8     2.3     0.0     9.10 R    20.8    -3.5     2.7    95.1    39.3    75.1   0.343   0.308   0.263   0.372   0.406     7.2     7.5     8.0     8.4     8.8
53877 20120129  2.402  -82.61   35.49     9.4    -7.3     1.1     0.4     0.0    11.62 R    17.0    -7.2     0.6    87.9    14.8    52.4   0.331   0.298   0.258   0.359   0.406     5.6     5.9     6.8     7.8     9.0
53877 20120130  2.402  -82.61   35.49    13.7    -4.7     4.5     3.0     0.0    11.44 R    19.7    -5.2     2.6    80.1    18.5    54.1   0.327   0.292   0.255   0.344   0.406     5.4     5.5     6.1     7.2     9.0
53877 20120131  2.402  -82.61   35.49    18.3    -4.6     6.9     5.5     0.0    10.82 R    23.1    -4.5     4.8    89.5    18.6    57.6   0.322   0.288   0.252   0.341   0.405     5.7     5.7     6.1     7.0     8.9
53877 20120201  2.402  -82.61   35.49    13.7    -0.9     6.4     6.6     4.7     2.44 R    13.7    -1.1     6.3    96.4    45.4    80.1   0.326   0.289   0.250   0.340   0.399     6.4     6.4     6.6     7.1     8.8
53877 20120202  2.402  -82.61   35.49    15.4     0.1     7.7     8.2     0.0    12.46 R    22.1    -0.7     8.3    97.4    33.7    74.3   0.336   0.299   0.255   0.340   0.387     7.9     7.7     7.5     7.3     8.7
53877 20120203  2.402  -82.61   35.49    14.1    -3.4     5.3     4.6     0.0    11.70 R    21.4    -3.9     4.4    94.6    23.9    63.7   0.326   0.293   0.253   0.339   0.384     6.9     7.0     7.3     7.6     8.7
53877 20120204  2.402  -82.61   35.49    14.3     3.0     8.7     8.1     6.0     5.47 R    20.3     3.6     9.0    96.0    67.3    84.7   0.319   0.292   0.251   0.338   0.384     7.7     7.7     7.6     7.6     8.8
53877 20120205  2.402  -82.61   35.49    16.4     3.4     9.9     8.9     0.0    10.65 R    24.4     2.8     9.4   100.0    55.0    83.7   0.333   0.308   0.261   0.339   0.383     9.1     9.0     8.6     8.1     8.8
53877 20120206  2.402  -82.61   35.49    11.0     2.5     6.8     6.0     0.0    10.26 R    21.3     3.1     8.1    93.3    53.3    75.4   0.320   0.299   0.258   0.339   0.382     8.9     8.9     8.7     8.5     8.9
53877 20120207  2.402  -82.61   35.49    11.9    -2.3     4.8     3.8     0.0    11.61 R    19.9    -2.2     4.0    93.4    26.8    65.2   0.317   0.293   0.255   0.339   0.382     8.0     8.2     8.4     8.5     9.0
53877 20120208  2.402  -82.61   35.49     9.5    -2.7     3.4     3.1     0.0     8.74 R    21.5    -2.5     4.8    87.5    45.0    70.0   0.316   0.288   0.253   0.339   0.382     7.3     7.4     7.8     8.3     9.0
53877 20120209  2.402  -82.61   35.49     9.1    -3.3     2.9     2.1     0.0    12.82 R    17.7    -3.4     4.2    88.9    40.8    64.1   0.316   0.283   0.249   0.339   0.381     7.3     7.4     7.7     8.1     9.1
53877 20120210  2.402  -82.61   35.49     9.6    -5.1     2.2     0.9     0.0     4.58 R    14.4    -4.7     1.9    92.2    44.4    75.3   0.313   0.280   0.247   0.338   0.381     5.8     6.2     6.9     7.8     9.1
53877 20120211  2.402  -82.61   35.49     2.6    -8.6    -3.0    -2.7     1.1     5.16 R     4.9    -8.3    -1.0    87.3    48.1    66.9   0.318   0.278   0.245   0.337   0.381     5.4     5.8     6.6     7.5     9.0
53877 20120212  2.402  -82.61   35.49     0.9    -9.8    -4.4    -5.2     0.0    13.88 R    11.8    -9.3    -3.3    62.8    35.2    47.7   0.320   0.277   0.244   0.336   0.381     3.4     3.8     5.0     6.8     9.0
53877 20120213  2.402  -82.61   35.49     8.5   -10.2    -0.8    -0.2     0.0    12.04 R    19.6    -9.1     1.1    85.1    22.7    49.8   0.314   0.273   0.243   0.335   0.380     3.5     3.7     4.5     6.0     8.8
53877 20120214  2.402  -82.61   35.49    10.0    -2.5     3.7     3.5     0.0    11.32 R    22.3    -3.0     4.8    92.8    32.1    69.7   0.307   0.271   0.241   0.335   0.380     5.4     5.4     5.5     6.0     8.5
53877 20120215  2.402  -82.61   35.49    16.8    -2.5     7.2     8.1     0.0    12.83 R    24.5    -2.7     7.9    94.2    22.4    56.8   0.308   0.268   0.239   0.334   0.380     6.3     6.2     6.2     6.3     8.4
53877 20120216  2.402  -82.61   35.49    13.5     5.6     9.5     9.8     0.3     5.62 R    21.4     4.2     9.1    88.3    41.4    70.5   0.304   0.266   0.236   0.334   0.380     7.7     7.7     7.3     7.0     8.3
53877 20120217  2.402  -82.61   35.49    14.9     4.0     9.5     8.7     0.0    12.83 R    23.0     2.2     8.5    86.5    26.5    60.4   0.300   0.262   0.234   0.333   0.379     8.2     8.1     7.9     7.5     8.3
53877 20120218  2.402  -82.61   35.49    15.7    -1.6     7.1     7.7     0.3    10.58 R    26.2    -1.6     8.0    91.2    34.7    64.6   0.292   0.258   0.231   0.332   0.378     8.1     8.1     8.0     7.8     8.4
53877 20120219  2.402  -82.61   35.49     7.5     1.1     4.3     5.0    15.2     1.97 R    12.5     1.3     6.1    95.8    76.2    91.0   0.329   0.283   0.241   0.330   0.378     8.1     8.3     8.3     8.1     8.5
53877 20120220  2.402  -82.61   35.49    11.5    -1.7     4.9     4.0     0.0    15.60 R    19.9    -2.3     5.1    87.3    20.6    54.9   0.349   0.305   0.257   0.331   0.378     7.6     7.7     7.8     8.0     8.6
53877 20120221  2.402  -82.61   35.49    12.0    -1.5     5.2     4.7     0.0    15.05 R    22.3    -2.0     5.6    91.9    45.3    61.5   0.339   0.296   0.253   0.333   0.378     7.5     7.5     7.7     7.9     8.7
53877 20120222  2.402  -82.61   35.49    19.8    -2.6     8.6     8.4     6.0    14.11 R    27.1    -2.8     8.1    95.7    27.8    66.0   0.328   0.289   0.249   0.333   0.378     7.8     7.8     7.8     7.9     8.7
53877 20120223  2.402  -82.61   35.49    21.7     4.6    13.2    13.0     0.2    14.49 R    28.6     4.4    12.8   100.0    39.9    74.7   0.342   0.304   0.255   0.333   0.377    10.0     9.7     9.0     8.3     8.7
53877 20120224  2.402  -82.61   35.49    22.7     2.4    12.6    11.5     0.5     7.27 R    29.2     1.3    10.2    91.6    27.3    60.8   0.333   0.296   0.254   0.335   0.376    10.5    10.4    10.0     9.0     8.8
53877 20120225  2.402  -82.61   35.49     8.9    -2.0     3.4     3.4     0.0    16.25 R    21.9    -2.9     4.5    61.3    21.3    35.8   0.325   0.290   0.250   0.335   0.376     8.6     8.8     9.1     9.1     9.0
53877 20120226  2.402  -82.61   35.49    11.9    -6.6     2.6     2.9     0.0    16.56 R    23.0    -6.2     4.1    82.7    20.4    47.6   0.318   0.283   0.248   0.335   0.375     7.6     7.8     8.2     8.7     9.1
53877 20120227  2.402  -82.61   35.49    16.9    -1.8     7.6     6.7     0.0    11.29 R    24.1    -1.9     7.5    86.2    41.1    58.5   0.311   0.277   0.254   0.334   0.375     8.2     8.2     8.2     8.4     9.2
53877 20120228  2.402  -82.61   35.49    18.4    -2.6     7.9     8.8     0.0    16.19 R    26.7    -2.8     9.3    93.8    32.8    62.5   0.302   0.272   0.253   0.333   0.375     8.8     8.7     8.6     8.5     9.1
53877 20120229  2.412  -82.61   35.49 -9999.0 -9999.0 -9999.0 -9999.0 -9999.0 -9999.00 U -9999.0 -9999.0 -9999.0 -9999.0 -9999.0 -9999.0 -99.000 -99.000 -99.000 -99.000 -99.000 -9999.0 -9999.0 -9999.0 -9999.0 -9999.0
53877 20120301  2.412  -82.61   35.49 -9999.0 -9999.0 -9999.0 -9999.0 -9999.0 -9999.00 U -9999.0 -9999.0 -9999.0 -9999.0 -9999.0 -9999.0 -99.000 -99.000 -99.000 -99.000 -99.000 -9999.0 -9999.0 -9999.0 -9999.0 -9999.0
53877 20120302  2.412  -82.61   35.49    18.5     1.5    10.0    11.0     2.6     8.24 C    22.6     2.1    11.5    95.7    37.9    75.1   0.314   0.285   0.247   0.353   0.375    10.9    11.0    10.8    10.2     9.4
53877 20120303  2.412  -82.61   35.49    14.0     4.2     9.1     8.5    10.7    11.00 C    20.9     5.6    10.6    96.1    33.1    69.4   0.364   0.315   0.270   0.353   0.375    11.7    11.6    11.3    10.5     9.6
53877 20120304  2.412  -82.61   35.49     5.8    -0.8     2.5     3.0     0.0    13.52 C    19.5    -0.9     4.6    72.4    33.7    46.7   0.353   0.309   0.268   0.355   0.375     9.4    10.0    10.4    10.4     9.8
53877 20120305  2.412  -82.61   35.49     7.0    -3.4     1.8     2.8     0.0    14.18 C    20.4    -3.7     4.1    79.1    26.6    49.3   0.342   0.304   0.265   0.356   0.376     8.2     8.8     9.3     9.8     9.9
53877 20120306  2.412  -82.61   35.49    13.3    -7.1     3.1     3.5     0.0    18.57 C    23.8    -5.6     5.0    85.2    22.3    48.7   0.329   0.299   0.262   0.356   0.375     7.6     8.1     8.6     9.3     9.9
53877 20120307  2.412  -82.61   35.49    15.6     1.7     8.6     8.7     0.0     7.08 C    23.7    -0.1     8.3    77.7    38.8    58.7   0.323   0.295   0.259   0.356   0.375     8.4     8.6     8.9     9.1     9.8
53877 20120308  2.412  -82.61   35.49    18.0     9.3    13.7    13.8    11.2     6.60 C    21.8     6.4    12.6    94.5    49.7    69.3   0.326   0.294   0.257   0.356   0.375    10.1     9.9     9.7     9.3     9.8
53877 20120309  2.412  -82.61   35.49    12.2     2.1     7.1     8.5     4.6    13.07 C    18.5     0.3     9.2    95.9    31.4    64.9   0.368   0.318   0.276   0.367   0.375    10.9    10.8    10.6     9.8     9.8
53877 20120310  2.412  -82.61   35.49    15.4    -3.0     6.2     6.3     0.0    19.09 C    25.1    -2.4     7.4    89.6    17.2    48.3   0.351   0.309   0.269   0.369   0.375     9.5     9.8     9.9     9.9     9.8
53877 20120311  2.412  -82.61   35.49    17.3    -3.7     6.8     7.5     0.0    18.67 C    26.3    -2.7     8.9    82.4    24.3    52.3   0.338   0.301   0.265   0.365   0.375     9.7     9.8     9.9     9.8     9.9
53877 20120312  2.412  -82.61   35.49    16.0     9.2    12.6    12.3     0.4     6.24 C    19.4     7.7    12.3    94.5    51.7    74.6   0.331   0.296   0.260   0.364   0.376    10.9    10.8    10.6    10.0     9.9
53877 20120313  2.412  -82.61   35.49    22.2     7.7    15.0    13.6     0.9    13.05 C    28.8     6.4    14.3    96.1    43.4    80.4   0.329   0.295   0.258   0.363   0.376    12.5    12.0    11.5    10.4    10.0
53877 20120314  2.412  -82.61   35.49    24.3     3.3    13.8    13.3     0.0    17.51 C    30.7     3.3    13.6    94.6    30.1    67.5   0.321   0.291   0.255   0.361   0.376    12.9    12.6    12.1    11.0    10.1
53877 20120315  2.412  -82.61   35.49    25.3     4.2    14.8    13.5     1.9    14.58 C    30.8     4.1    14.2    95.2    29.5    74.1   0.311   0.285   0.251   0.360   0.376    13.3    13.1    12.6    11.5    10.3
53877 20120316  2.412  -82.61   35.49    24.2     8.3    16.3    14.7    22.8    14.45 C    31.6     5.0    15.3    96.2    35.4    77.5   0.328   0.296   0.255   0.365   0.379    13.9    13.7    13.2    11.9    10.5
53877 20120317  2.412  -82.61   35.49    22.6     8.4    15.5    13.4     0.4    12.62 C    30.5     8.4    15.0    96.3    46.9    83.1   0.363   0.316   0.269   0.381   0.395    13.8    13.6    13.2    12.2    10.7
53877 20120318  2.412  -82.61   35.49    22.6     7.6    15.1    14.3     4.3    13.88 C    29.2     7.8    15.5    96.0    49.1    80.6   0.370   0.316   0.271   0.380   0.397    14.5    14.2    13.7    12.5    10.9
53877 20120319  2.412  -82.61   35.49    25.1     7.1    16.1    15.5     0.0    15.91 C    30.5     7.2    15.8    96.1    35.7    72.3   0.357   0.310   0.269   0.380   0.398    15.1    14.8    14.2    12.9    11.1
53877 20120320  2.412  -82.61   35.49    26.7     8.3    17.5    16.3     1.7    15.06 C    32.7     8.3    16.7    95.2    33.0    72.4   0.343   0.302   0.265   0.379   0.398    15.6    15.3    14.7    13.3    11.3
53877 20120321  2.412  -82.61   35.49    23.4     9.6    16.5    15.7     0.0    15.38 C    29.5     9.0    16.1    95.6    43.4    75.1   0.335   0.297   0.261   0.376   0.399    15.9    15.6    15.1    13.7    11.5
53877 20120322  2.412  -82.61   35.49    22.3     8.8    15.6    15.4     0.0    11.03 C    29.3     8.5    15.6    93.2    55.1    78.0   0.326   0.294   0.258   0.368   0.391    15.5    15.4    15.1    13.9    11.8
53877 20120323  2.412  -82.61   35.49    20.7    10.5    15.6    15.1     9.6     5.23 C    26.9    10.1    15.5    95.7    67.0    87.7   0.361   0.308   0.261   0.364   0.381    15.1    15.2    15.0    14.0    12.0
53877 20120324  2.412  -82.61   35.49    19.7     7.5    13.6    13.3     1.5     6.44 C    27.1     7.5    13.2    95.7    37.3    78.9   0.373   0.318   0.270   0.363   0.379    14.8    14.9    14.8    14.0    12.2
53877 20120325  2.412  -82.61   35.49    14.7     7.9    11.3    11.8     0.7     4.40 C    19.2     6.9    11.7    93.2    61.4    75.3   0.371   0.317   0.271   0.363   0.378    13.6    14.0    14.1    13.8    12.3
53877 20120326  2.412  -82.61   35.49    21.3    10.2    15.7    16.3     0.0    21.03 C    28.1     7.9    15.4    75.9    34.0    53.6   0.357   0.311   0.269   0.364   0.378    14.9    14.6    14.3    13.6    12.4
53877 20120327  2.412  -82.61   35.49    20.4     3.2    11.8    12.0     0.0    21.11 C    27.3     3.3    12.5    93.5    27.9    55.3   0.340   0.305   0.264   0.364   0.378    14.6    14.7    14.6    13.8    12.5
53877 20120328  2.412  -82.61   35.49    25.4     3.5    14.5    14.6     0.0    15.45 C    28.3     4.5    13.8    90.6    31.1    60.0   0.325   0.298   0.259   0.362   0.378    14.4    14.5    14.4    13.8    12.5
53877 20120329  2.412  -82.61   35.49    24.8    11.3    18.1    18.6     0.0    14.69 C    30.0     9.4    16.3    79.8    34.0    53.8   0.306   0.290   0.253   0.362   0.378    15.5    15.3    15.0    14.0    12.6
53877 20120330  2.412  -82.61   35.49    23.7     7.5    15.6    14.7     3.2    11.89 C    30.7     7.1    15.0    95.3    27.1    73.1   0.290   0.284   0.248   0.361   0.377    15.2    15.3    15.2    14.2    12.7
53877 20120331  2.412  -82.61   35.49    22.5     9.5    16.0    15.9     3.0    14.21 C    28.3     8.4    16.2    95.7    30.8    72.2   0.312   0.286   0.244   0.360   0.377    16.0    15.8    15.5    14.4    12.8
53877 20120401  2.412  -82.61   35.49    24.6     5.6    15.1    12.7     1.0    12.27 C    27.6     5.3    12.9    94.4    31.4    77.6   0.306   0.286   0.243   0.359   0.377    15.0    15.2    15.2    14.5    12.9
53877 20120402  2.412  -82.61   35.49    26.4     6.9    16.7    17.0     0.0    19.99 C    30.9     7.4    16.7    95.0    42.2    71.1   0.292   0.283   0.241   0.358   0.377    15.8    15.6    15.3    14.4    13.0
53877 20120403  2.412  -82.61   35.49    24.9    10.1    17.5    15.9     0.6    12.73 C    31.1     9.0    16.2    94.8    49.9    80.2   0.281   0.278   0.236   0.357   0.376    16.3    16.2    15.9    14.8    13.1
53877 20120404  2.412  -82.61   35.49    23.5    10.1    16.8    16.3     0.0    14.30 C    29.1     8.8    16.3    96.3    43.7    76.3   0.270   0.273   0.232   0.356   0.376    16.3    16.3    16.0    15.0    13.3
53877 20120405  2.412  -82.61   35.49    22.7    10.0    16.4    14.5    42.9     9.02 C    28.9    11.1    15.4    95.0    49.2    85.6   0.327   0.303   0.251   0.365   0.381    15.9    16.1    16.0    15.1    13.4
53877 20120406  2.412  -82.61   35.49    16.8     3.5    10.1     9.8    10.7    13.64 C    23.0     3.4    11.4    94.4    37.2    77.7   0.420   0.355   0.304   0.394   0.397    15.0    15.3    15.4    15.0    13.5
53877 20120407  2.412  -82.61   35.49    20.5    -1.3     9.6     9.2     0.0    23.97 C    25.9     0.4    10.4    95.5    10.7    59.4   0.377   0.322   0.270   0.392   0.399    14.0    14.4    14.7    14.6    13.6
53877 20120408  2.412  -82.61   35.49    22.6     1.3    11.9    12.5     0.0    23.15 C    28.4     2.1    12.8    91.8    25.1    54.4   0.348   0.306   0.263   0.384   0.399    14.2    14.4    14.6    14.3    13.6
53877 20120409  2.412  -82.61   35.49    22.8     2.8    12.8    13.5     0.0    22.49 C    27.0     2.1    12.4    79.8     9.7    36.8   0.318   0.296   0.258   0.382   0.399    14.5    14.7    14.8    14.3    13.6
53877 20120410  2.412  -82.61   35.49    20.6     6.2    13.4    14.2     0.0    20.42 C    28.5     3.7    12.6    62.1    25.1    33.8   0.289   0.285   0.252   0.372   0.399    14.5    14.7    14.8    14.4    13.6
53877 20120411  2.412  -82.61   35.49    13.0     2.8     7.9     7.9     0.0    24.10 C    24.0     0.9     9.3    47.9    23.7    33.3   0.258   0.275   0.246   0.365   0.394    13.8    14.2    14.5    14.3    13.6
53877 20120412  2.412  -82.61   35.49    16.3    -1.7     7.3     6.8     0.0    24.65 C    25.4    -1.9     8.3    74.5    15.5    43.3   0.230   0.268   0.237   0.363   0.381    12.8    13.3    13.8    13.9    13.6
53877 20120413  2.412  -82.61   35.49    19.0    -2.5     8.2     9.0     0.0    24.68 C    27.2    -1.7    10.3    90.1    13.2    50.3   0.204   0.259   0.228   0.362   0.379    12.7    13.0    13.4    13.6    13.6
53877 20120414  2.412  -82.61   35.49    22.1     1.7    11.9    12.6     0.0    22.08 C    29.1     1.9    13.3    85.3    32.5    55.0   0.180   0.248   0.220   0.360   0.379    13.8    13.8    13.8    13.5    13.5
53877 20120415  2.412  -82.61   35.49    25.5     3.8    14.6    16.0     0.0    23.83 C    32.6     3.5    16.2    93.2    39.4    64.4   0.161   0.237   0.211   0.359   0.378    15.0    14.7    14.5    13.8    13.4
53877 20120416  2.412  -82.61   35.49    28.1    12.8    20.4    20.4     0.0    20.75 C    34.1    10.2    19.5    88.4    29.3    60.3   0.148   0.225   0.201   0.358   0.378    16.8    16.3    15.8    14.4    13.4
53877 20120417  2.412  -82.61   35.49    23.9    10.2    17.1    15.4    11.5    11.84 C    32.6     8.7    16.1    95.1    43.7    80.4   0.152   0.216   0.192   0.356   0.378    16.3    16.3    16.0    15.0    13.6
53877 20120418  2.412  -82.61   35.49    12.6    10.5    11.5    11.5    40.2     4.92 C    21.2    11.7    13.1    95.7    81.0    91.5   0.373   0.326   0.253   0.380   0.391    14.9    15.3    15.4    15.0    13.7
53877 20120419  2.412  -82.61   35.49    20.1    10.4    15.3    14.5     0.0    20.47 C    28.8    11.7    16.7    95.4    54.6    78.1   0.355   0.317   0.255   0.387   0.398    15.8    15.7    15.4    14.9    13.8
53877 20120420  2.412  -82.61   35.49    21.0     9.6    15.3    15.2     0.0    17.12 C    29.5     8.8    16.5    93.2    45.5    73.6   0.323   0.305   0.252   0.383   0.399    16.6    16.5    16.2    15.2    13.9
53877 20120421  2.412  -82.61   35.49    20.2     8.4    14.3    14.1     3.0     9.78 C    24.9     7.7    15.1    95.3    56.9    84.8   0.314   0.301   0.250   0.381   0.399    15.9    16.1    16.0    15.4    14.0
53877 20120422  2.412  -82.61   35.49    16.7     3.7    10.2    10.5     0.5    20.71 C    26.7     4.2    13.2    90.3    51.7    70.8   0.313   0.300   0.251   0.373   0.398    16.0    16.2    16.1    15.4    14.1
53877 20120423  2.412  -82.61   35.49    10.5     3.1     6.8     6.4     0.0    15.25 C    19.7     3.7     7.9    65.9    27.7    46.1   0.296   0.297   0.248   0.365   0.384    13.7    14.6    15.2    15.2    14.2
53877 20120424  2.412  -82.61   35.49    13.8     4.0     8.9     9.2     0.5    19.15 C    24.1     1.6    10.0    91.4    25.5    47.0   0.274   0.289   0.245   0.363   0.380    13.1    13.7    14.2    14.5    14.3
53877 20120425  2.412  -82.61   35.49    22.2     6.3    14.2    13.0     4.0    22.10 C    27.1     7.0    15.0    95.5    46.3    79.5   0.275   0.287   0.241   0.361   0.380    14.4    14.5    14.5    14.3    14.2
53877 20120426  2.412  -82.61   35.49    22.7    10.8    16.8    15.0    28.3     6.53 C    27.7    10.3    15.4    95.8    59.3    91.7   0.334   0.315   0.255   0.369   0.383    15.2    15.3    15.2    14.6    14.1
53877 20120427  2.412  -82.61   35.49    22.8    11.2    17.0    15.6     0.0    20.01 C    27.6    10.4    16.3    97.5    41.3    78.4   0.361   0.333   0.269   0.393   0.397    16.0    15.9    15.7    14.9    14.1
53877 20120428  2.412  -82.61   35.49    22.0     8.5    15.3    15.0     0.0    22.64 C    28.8     8.4    16.5    94.9    51.0    76.4   0.326   0.314   0.262   0.386   0.399    16.4    16.4    16.1    15.3    14.2
53877 20120429  2.412  -82.61   35.49    26.9     8.5    17.7    17.8     0.0    23.19 C    31.1     8.5    18.6    95.5    42.2    73.7   0.299   0.304   0.256   0.381   0.400    17.2    17.0    16.6    15.6    14.3
53877 20120430  2.412  -82.61   35.49    27.8    11.4    19.6    20.0     0.0    20.13 C    39.3    10.6    20.9    94.6    42.5    71.1   0.282   0.300   0.251   0.371   0.400    18.6    18.2    17.5    16.1    14.4
53877 20120501  2.412  -82.61   35.49    29.1    14.6    21.9    20.7     0.0    18.41 C    40.2    13.3    22.1    93.3    35.2    74.2   0.273   0.297   0.247   0.367   0.392    19.7    19.2    18.3    16.7    14.6
53877 20120502  2.412  -82.61   35.49    28.5    13.4    21.0    20.3     0.0    16.49 C    40.0    12.1    21.2    94.6    42.1    74.7   0.263   0.293   0.243   0.365   0.381    20.1    19.8    18.9    17.3    14.8
53877 20120503  2.412  -82.61   35.49    28.3    10.3    19.3    19.7     0.0    21.75 C    39.1     9.2    21.2    94.4    32.0    68.9   0.251   0.288   0.240   0.364   0.380    20.1    19.8    19.1    17.7    15.0
53877 20120504  2.412  -82.61   35.49    27.3    14.3    20.8    19.9     0.0    21.72 C    41.2    13.0    22.2    92.8    42.1    71.9   0.235   0.285   0.235   0.362   0.379    20.9    20.5    19.6    18.0    15.3
53877 20120505  2.412  -82.61   35.49    25.2    11.8    18.5    18.0     0.8    17.77 C    35.9    11.6    19.6    94.5    52.0    78.8   0.223   0.281   0.230   0.361   0.379    20.1    20.1    19.5    18.3    15.5
53877 20120506  2.412  -82.61   35.49    26.1    13.0    19.5    19.8     0.3    20.93 C    40.7    11.6    22.3    93.9    48.8    71.5   0.212   0.276   0.225   0.360   0.379    20.7    20.4    19.7    18.4    15.7
53877 20120507  2.412  -82.61   35.49    24.8    17.0    20.9    19.7     0.2    15.50 C    37.6    15.2    21.8    85.8    53.5    72.5   0.201   0.271   0.221   0.359   0.379    20.8    20.6    19.9    18.7    15.9
53877 20120508  2.412  -82.61   35.49    23.9    16.1    20.0    19.0     3.8    13.42 C    34.3    15.9    21.1    94.7    62.9    82.7   0.204   0.268   0.217   0.358   0.378    20.8    20.6    20.0    18.8    16.1
53877 20120509  2.412  -82.61   35.49    17.1     8.7    12.9    14.3    10.2     5.91 C    21.3     8.4    15.5    94.7    63.8    87.2   0.254   0.284   0.217   0.356   0.378    19.1    19.5    19.5    18.8    16.2
53877 20120510  2.412  -82.61   35.49    19.1     5.8    12.5    12.7     0.0    25.01 C    32.9     6.3    15.5    92.7    36.2    64.6   0.280   0.309   0.223   0.367   0.378    18.3    18.6    18.5    18.2    16.4
53877 20120511  2.412  -82.61   35.49    21.4     3.1    12.2    12.5     0.0    26.62 C    35.3     3.9    16.4    94.6    38.1    67.4   0.309   0.321   0.224   0.367   0.379    18.2    18.3    18.2    17.9    16.4
53877 20120512  2.412  -82.61   35.49    20.2     6.5    13.4    13.4     0.0    11.39 C    31.4     7.4    15.5    93.8    60.1    81.0   0.317   0.316   0.222   0.368   0.379    17.6    18.0    18.0    17.7    16.4
53877 20120513  2.412  -82.61   35.49    15.5    10.8    13.2    13.5     6.9     4.32 C    19.8    10.7    15.1    95.0    86.1    92.2   0.327   0.314   0.221   0.367   0.378    17.0    17.4    17.5    17.4    16.4
53877 20120514  2.412  -82.61   35.49    23.4    13.0    18.2    16.6    28.7    14.10 C    33.0    12.5    18.7    95.6    58.9    88.1   0.383   0.351   0.258   0.372   0.383    18.0    18.1    17.8    17.3    16.3
53877 20120515  2.412  -82.61   35.49    20.1    11.7    15.9    15.5     2.0     7.77 C    27.7    11.3    17.2    95.9    73.6    92.8   0.375   0.351   0.263   0.389   0.398    18.1    18.2    18.1    17.6    16.3
53877 20120516  2.412  -82.61   35.49    24.1     9.5    16.8    16.1     0.0    23.10 C    33.0     9.6    18.4    96.1    36.0    76.9   0.367   0.347   0.262   0.388   0.400    18.7    18.7    18.3    17.6    16.3
53877 20120517  2.412  -82.61   35.49    25.5     8.4    17.0    16.4     6.1    23.56 C    34.9     8.9    19.2    95.2    32.2    76.4   0.356   0.340   0.258   0.387   0.400    19.2    19.2    18.8    17.9    16.4
53877 20120518  2.412  -82.61   35.49    24.2    12.8    18.5    17.3     1.7    22.68 C    33.1    13.1    20.3    95.8    49.3    80.4   0.375   0.349   0.262   0.401   0.389    20.0    20.0    19.4    18.2    16.4
53877 20120519  2.412  -82.61   35.49    25.2    11.0    18.1    16.9     0.2    20.15 C    33.7    11.0    19.4    94.8    48.3    81.5   0.358   0.341   0.259   0.402   0.383    20.0    20.1    19.7    18.6    16.6
53877 20120520  2.412  -82.61   35.49    25.4     9.1    17.2    16.8     0.0    25.48 C    33.8     9.7    19.1    94.7    34.5    71.8   0.347   0.334   0.254   0.394   0.383    20.1    20.2    19.8    18.8    16.7
53877 20120521  2.412  -82.61   35.49    25.5     8.4    17.0    16.2     0.4    20.15 C    34.7     8.9    18.7    94.3    39.7    77.4   0.337   0.329   0.248   0.392   0.381    19.9    20.1    19.8    18.9    16.8
53877 20120522  2.412  -82.61   35.49    23.8    10.8    17.3    16.8     0.0    15.14 C    30.6    10.7    18.4    95.0    57.8    80.2   0.331   0.323   0.243   0.392   0.380    19.6    19.8    19.7    19.0    17.0
53877 20120523  2.412  -82.61   35.49    22.1    13.6    17.8    16.1    17.8    11.52 C    30.8    13.7    18.0    95.4    65.7    90.8   0.370   0.342   0.251   0.391   0.380    19.4    19.7    19.6    19.0    17.1
53877 20120524  2.412  -82.61   35.49    26.0    13.1    19.5    18.4     0.0    20.97 C    33.3    13.1    20.2    96.0    45.3    79.4   0.369   0.347   0.264   0.391   0.381    20.1    20.1    19.7    18.9    17.1
53877 20120525  2.412  -82.61   35.49    29.0    12.1    20.5    20.4     0.0    25.46 C    34.3    11.9    21.2    94.7    26.1    71.8   0.355   0.338   0.258   0.392   0.381    21.0    20.9    20.3    19.2    17.2
53877 20120526  2.412  -82.61   35.49    28.8    13.0    20.9    21.2     0.0    24.96 C    34.1    12.8    22.1    94.3    41.5    73.7   0.343   0.331   0.252   0.391   0.381    21.6    21.6    20.9    19.6    17.3
53877 20120527  2.412  -82.61   35.49    27.6    14.9    21.3    20.9     0.0    24.13 C    34.5    14.3    22.0    94.4    46.0    74.7   0.330   0.323   0.245   0.391   0.381    22.2    22.1    21.5    20.1    17.5
53877 20120528  2.412  -82.61   35.49    27.3    15.2    21.3    20.9     1.0    23.10 C    35.1    14.9    22.5    94.4    49.1    76.9   0.318   0.315   0.236   0.390   0.381    22.3    22.3    21.7    20.4    17.7
53877 20120529  2.412  -82.61   35.49    27.1    17.2    22.1    20.8     5.7    19.70 C    34.4    17.9    22.8    95.1    55.1    84.3   0.314   0.307   0.228   0.389   0.381    22.7    22.6    22.1    20.7    17.9
53877 20120530  2.412  -82.61   35.49    27.3    12.3    19.8    20.0     0.0    25.97 C    32.5    12.2    21.0    95.2    26.4    69.3   0.319   0.307   0.221   0.389   0.381    22.6    22.7    22.2    20.9    18.0
53877 20120531  2.412  -82.61   35.49    27.6     9.2    18.4    18.7     7.1    18.24 C    35.0     9.5    19.5    94.0    41.4    71.4   0.307   0.301   0.215   0.388   0.380    21.4    21.7    21.5    20.9    18.2
53877 20120601  2.412  -82.61   35.49    23.6    11.7    17.6    17.6     2.1    11.94 C    32.1    11.0    18.6    94.3    65.8    82.4   0.339   0.304   0.212   0.387   0.380    21.2    21.6    21.3    20.8    18.3
53877 20120602  2.412  -82.61   35.49    19.1     7.2    13.2    13.1     0.0    25.14 C    27.6     7.4    14.7    92.8    43.2    68.8   0.327   0.304   0.213   0.386   0.381    20.1    20.6    20.6    20.4    18.4
53877 20120603  2.412  -82.61   35.49    24.7     5.1    14.9    15.1     0.0    24.32 C    31.2     5.6    16.2    94.2    32.4    70.2   0.306   0.295   0.210   0.385   0.381    19.4    19.9    19.8    19.9    18.4
53877 20120604  2.412  -82.61   35.49    24.9    10.8    17.8    18.0     0.0    16.32 C    30.7    10.8    18.7    92.3    46.5    70.5   0.295   0.283   0.205   0.384   0.381    19.9    20.2    20.0    19.8    18.4
53877 20120605  2.412  -82.61   35.49    22.7    13.5    18.1    17.2     4.2    23.01 C    29.5    14.2    18.9    94.9    34.7    74.6   0.308   0.282   0.199   0.383   0.380    20.5    20.7    20.3    19.8    18.4
53877 20120606  2.412  -82.61   35.49    20.3    13.7    17.0    16.6     0.8    23.75 C    29.8    13.7    19.0    94.5    61.0    78.1   0.300   0.278   0.194   0.382   0.380    20.6    20.8    20.5    19.9    18.4
53877 20120607  2.412  -82.61   35.49    24.1    13.5    18.8    17.8     0.0    21.07 C    30.8    12.5    19.2    91.0    39.2    70.3   0.288   0.271   0.188   0.381   0.380    20.6    20.8    20.5    20.0    18.4
53877 20120608  2.412  -82.61   35.49    26.0     9.6    17.8    18.1     0.0    27.03 C    33.6     9.1    19.2    94.0    28.0    66.8   0.267   0.253   0.180   0.379   0.380    20.6    20.8    20.4    20.0    18.4
53877 20120609  2.412  -82.61   35.49    26.1    12.6    19.4    19.4     0.0    22.41 C    33.6    11.6    20.7    93.3    40.1    71.4   0.249   0.245   0.171   0.378   0.380    20.8    21.0    20.6    20.1    18.4
53877 20120610  2.412  -82.61   35.49    20.5    14.0    17.2    17.0     1.0     9.17 C    23.6    13.2    18.1    92.7    60.0    85.2   0.249   0.249   0.165   0.376   0.379    20.3    20.7    20.5    20.1    18.5
53877 20120611  2.412  -82.61   35.49    25.1    16.1    20.6    19.8     4.4    13.15 C    39.1    16.7    22.0    95.0    68.5    86.6   0.251   0.248   0.163   0.375   0.379    21.0    21.0    20.5    20.0    18.5
53877 20120612  2.412  -82.61   35.49    27.6    16.7    22.2    21.4     0.0    18.79 C    41.1    15.5    23.8    95.3    57.7    81.6   0.252   0.241   0.163   0.375   0.379    22.6    22.3    21.5    20.4    18.5
53877 20120613  2.412  -82.61   35.49    28.0    14.6    21.3    20.8     0.0    23.24 C    42.0    13.5    23.2    94.7    35.3    72.0   0.230   0.226   0.162   0.374   0.379    22.8    22.6    21.8    20.8    18.6
53877 20120614  2.412  -82.61   35.49    26.4    14.1    20.3    20.4     0.0    22.58 C    41.8    13.4    24.1    92.5    46.2    66.6   0.217   0.222   0.159   0.371   0.379    23.0    22.8    22.1    21.1    18.8
53877 20120615  2.412  -82.61   35.49    24.8    13.8    19.3    19.9     0.0    18.52 C    41.2    12.2    23.1    91.5    55.7    71.8   0.207   0.218   0.156   0.364   0.378    23.1    23.0    22.3    21.3    18.8
53877 20120616  2.412  -82.61   35.49    25.1    10.3    17.7    18.0     0.0    23.37 C    41.8     9.7    21.7    93.8    52.5    75.0   0.196   0.212   0.151   0.361   0.378    22.4    22.5    22.0    21.3    18.9
53877 20120617  2.412  -82.61   35.49    25.9    14.5    20.2    19.8     0.0    16.99 C    41.7    12.7    22.8    88.9    49.7    70.4   0.185   0.207   0.147   0.359   0.377    22.4    22.4    21.9    21.3    19.0
53877 20120618  2.412  -82.61   35.49    27.2    15.6    21.4    20.9     0.0    21.60 C    45.2    14.5    24.7    93.3    49.7    74.1   0.175   0.202   0.143   0.357   0.377    23.1    22.9    22.3    21.3    19.1
53877 20120619  2.412  -82.61   35.49    28.8    13.2    21.0    20.7     0.0    20.55 C    45.6    12.4    23.9    93.7    44.6    73.0   0.164   0.196   0.139   0.355   0.377    22.9    22.9    22.3    21.4    19.1
53877 20120620  2.412  -82.61   35.49    29.8    13.4    21.6    21.4     0.0    23.31 C    48.6    12.6    25.4    93.9    40.6    72.8   0.154   0.191   0.133   0.353   0.376    23.3    23.2    22.5    21.5    19.2
53877 20120621  2.412  -82.61   35.49    30.1    15.2    22.7    21.0     5.4    17.40 C    47.4    14.1    24.5    95.0    45.0    83.0   0.149   0.186   0.129   0.350   0.376    23.4    23.3    22.7    21.7    19.3
53877 20120622  2.412  -82.61   35.49    28.8    16.6    22.7    21.5     0.0    19.76 C    44.1    16.2    24.7    95.2    50.3    80.7   0.157   0.188   0.128   0.349   0.376    23.7    23.6    22.9    21.9    19.4
53877 20120623  2.412  -82.61   35.49    29.8    15.8    22.8    22.1     0.0    21.93 C    46.1    14.9    26.4    95.3    42.2    76.3   0.150   0.185   0.126   0.347   0.375    24.1    23.9    23.2    22.1    19.5
53877 20120624  2.412  -82.61   35.49    31.0    15.6    23.3    23.0     0.0    23.96 C    48.9    14.8    27.4    94.4    34.2    70.8   0.139   0.180   0.122   0.345   0.374    24.5    24.3    23.5    22.3    19.6
53877 20120625  2.412  -82.61   35.49    31.2    17.1    24.2    23.7     0.0    25.96 C    50.1    15.9    28.4    95.2    34.0    65.1   0.126   0.173   0.118   0.343   0.374    25.0    24.8    24.0    22.6    19.7
53877 20120626  2.412  -82.61   35.49    28.3    12.1    20.2    20.9     0.0    27.20 C    48.6    10.8    25.8    87.5    24.6    53.7   0.115   0.165   0.112   0.340   0.373    24.4    24.5    23.9    22.8    19.8
53877 20120627  2.412  -82.61   35.49    28.8     7.7    18.2    18.1     0.0    26.96 C    49.2     7.5    23.4    92.7    21.8    59.3   0.105   0.158   0.107   0.337   0.373    23.1    23.4    23.1    22.5    20.0
53877 20120628  2.412  -82.61   35.49    34.6     9.2    21.9    21.3     0.0    26.21 C    52.4     9.0    25.9    93.1    14.5    57.8   0.097   0.151   0.102   0.334   0.373    23.4    23.5    23.0    22.3    20.1
53877 20120629  2.412  -82.61   35.49    36.2    15.9    26.0    25.0     0.0    19.44 C    55.3    14.8    27.8    84.9    24.2    56.7   0.091   0.147   0.099   0.330   0.372    24.1    24.0    23.4    22.4    20.1
53877 20120630  2.412  -82.61   35.49    37.0    16.2    26.6    25.8     0.0    24.57 C    55.6    15.3    30.8    92.3    23.3    62.8   0.086   0.144   0.095   0.328   0.371    25.3    24.9    24.0    22.6    20.1
53877 20120701  2.412  -82.61   35.49    37.1    17.3    27.2    26.3     0.2    21.49 C    57.7    16.4    30.7    93.0    14.2    60.1   0.082   0.140   0.092   0.323   0.370    25.9    25.6    24.7    23.0    20.2
53877 20120702  2.412  -82.61   35.49    30.0    17.5    23.7    22.6    12.5    20.87 C    45.9    18.4    26.7    94.7    45.8    77.6   0.117   0.168   0.104   0.321   0.370    25.2    25.3    24.7    23.3    20.4
53877 20120703  2.412  -82.61   35.49    31.2    16.3    23.7    22.4     0.0    15.73 C    49.9    16.0    25.6    94.2    45.6    79.5   0.115   0.167   0.101   0.321   0.370    24.6    24.7    24.3    23.3    20.4
53877 20120704  2.412  -82.61   35.49    31.3    16.7    24.0    22.5     5.3    19.11 C    50.2    16.1    26.4    94.5    40.0    81.0   0.117   0.167   0.102   0.319   0.369    24.6    24.6    24.1    23.2    20.6
53877 20120705  2.412  -82.61   35.49    32.6    16.5    24.6    23.4     0.0    20.63 C    48.6    16.7    27.0    94.8    38.6    70.5   0.122   0.168   0.102   0.319   0.368    25.0    25.0    24.4    23.2    20.6
53877 20120706  2.412  -82.61   35.49    32.0    15.4    23.7    22.7     0.0    21.19 C    49.4    15.5    27.3    93.0    40.7    72.6   0.108   0.163   0.102   0.318   0.368    25.1    25.0    24.5    23.3    20.7
53877 20120707  2.412  -82.61   35.49    33.9    16.5    25.2    24.6     0.0    25.41 C    51.9    16.5    29.9    93.8    26.3    70.5   0.097   0.157   0.100   0.317   0.368    25.7    25.5    24.8    23.4    20.8
53877 20120708  2.412  -82.61   35.49    33.1    18.2    25.7    24.9     0.0    22.45 C    54.4    18.0    29.7    93.7    40.9    72.5   0.088   0.150   0.097   0.313   0.368    26.2    26.1    25.3    23.8    20.8
53877 20120709  2.412  -82.61   35.49    29.2    18.3    23.7    22.9     0.0    12.34 C    51.8    17.5    26.1    93.9    54.2    79.2   0.084   0.145   0.093   0.310   0.367    25.4    25.5    25.1    23.9    21.0
53877 20120710  2.412  -82.61   35.49    27.7    18.3    23.0    21.7     9.3    10.44 C    44.6    17.5    24.9    93.8    56.6    83.6   0.083   0.144   0.094   0.307   0.367    24.4    24.7    24.5    23.7    21.1
53877 20120711  2.412  -82.61   35.49    23.0    18.4    20.7    19.7    36.2     6.19 C    29.0    19.3    21.9    94.8    79.2    92.3   0.169   0.224   0.136   0.312   0.366    23.1    23.5    23.6    23.3    21.2
53877 20120712  2.412  -82.61   35.49    20.0    18.1    19.0    18.9     3.0     2.38 C    22.6    19.8    20.7    94.8    90.1    92.9   0.217   0.274   0.182   0.322   0.366    22.4    22.9    23.0    22.9    21.2
53877 20120713  2.412  -82.61   35.49    27.0    18.8    22.9    21.4    24.7    14.31 C    38.0    19.7    23.9    94.5    65.8    86.3   0.270   0.300   0.227   0.328   0.367    23.0    23.1    22.9    22.5    21.1
53877 20120714  2.412  -82.61   35.49    28.7    18.5    23.6    22.6     0.8    19.17 C    42.2    19.0    26.0    94.9    53.3    83.0   0.273   0.301   0.246   0.360   0.367    24.4    24.3    23.7    22.7    21.1
53877 20120715  2.412  -82.61   35.49    29.3    17.2    23.2    21.7     0.0    16.76 C    44.4    17.7    25.0    94.7    55.0    83.4   0.253   0.288   0.239   0.364   0.368    24.4    24.5    24.0    23.1    21.1
53877 20120716  2.412  -82.61   35.49    29.8    15.8    22.8    22.4     0.0    22.52 C    45.1    16.5    26.1    94.2    46.5    78.7   0.237   0.277   0.232   0.360   0.368    24.6    24.6    24.1    23.2    21.1
53877 20120717  2.412  -82.61   35.49    30.3    17.3    23.8    21.8     2.6    16.66 C    45.7    17.6    24.5    94.5    53.1    84.6   0.222   0.267   0.229   0.359   0.368    24.6    24.7    24.4    23.4    21.2
53877 20120718  2.412  -82.61   35.49    30.0    16.2    23.1    22.8     0.0    24.24 C    42.7    16.6    26.2    94.9    49.4    78.5   0.215   0.261   0.227   0.358   0.368    24.8    24.8    24.3    23.5    21.3
53877 20120719  2.412  -82.61   35.49    28.9    17.2    23.0    22.6    26.1    17.37 C    41.8    17.6    25.4    94.8    57.7    84.3   0.208   0.257   0.223   0.357   0.368    24.9    25.0    24.6    23.7    21.3
53877 20120720  2.412  -82.61   35.49    26.2    18.5    22.4    21.2     3.7    11.35 C    33.2    18.6    22.8    95.1    64.1    89.7   0.283   0.307   0.259   0.382   0.369    24.0    24.3    24.2    23.7    21.4
53877 20120721  2.412  -82.61   35.49    27.4    17.9    22.7    21.4     5.5    14.97 C    35.8    18.2    23.4    94.9    66.4    88.8   0.277   0.299   0.258   0.384   0.369    24.1    24.3    24.0    23.5    21.5
53877 20120722  2.412  -82.61   35.49    30.3    17.0    23.6    22.8     0.0    21.90 C    40.5    17.4    25.2    95.2    45.1    81.6   0.272   0.297   0.259   0.386   0.370    24.6    24.6    24.2    23.5    21.5
53877 20120723  2.412  -82.61   35.49    29.8    16.6    23.2    22.3     6.4    19.13 C    38.8    16.8    24.3    94.5    52.5    85.2   0.275   0.294   0.255   0.381   0.370    24.6    24.8    24.4    23.6    21.5
53877 20120724  2.412  -82.61   35.49    30.5    17.9    24.2    23.8     0.0    22.61 C    37.9    17.9    25.5    94.8    49.3    78.7   0.272   0.290   0.255   0.377   0.370    25.0    25.0    24.6    23.7    21.6
53877 20120725  2.412  -82.61   35.49    30.2    19.1    24.6    23.6     0.9    17.25 C    36.8    19.1    25.2    94.5    57.5    83.9   0.257   0.279   0.248   0.375   0.370    25.2    25.3    24.8    23.9    21.6
53877 20120726  2.412  -82.61   35.49    31.2    19.0    25.1    24.3     0.0    21.23 C    38.7    18.5    25.6    94.7    48.6    78.9   0.242   0.271   0.241   0.373   0.370    25.5    25.6    25.0    24.0    21.7
53877 20120727  2.412  -82.61   35.49    30.6    18.8    24.7    23.1     2.4    19.89 C    39.8    18.2    24.4    93.9    51.6    80.7   0.229   0.262   0.232   0.372   0.370    25.2    25.4    25.0    24.2    21.8
53877 20120728  2.412  -82.61   35.49    30.6    17.0    23.8    23.1     0.0    21.51 C    37.5    16.5    23.9    94.4    38.8    73.8   0.217   0.256   0.225   0.370   0.370    24.9    25.1    24.8    24.1    21.9
53877 20120729  2.412  -82.61   35.49    28.4    15.0    21.7    21.4     0.0    24.59 C    36.4    14.8    23.0    94.0    40.0    73.1   0.198   0.245   0.217   0.369   0.370    24.5    24.7    24.5    24.0    22.0
53877 20120730  2.412  -82.61   35.49    29.2    16.8    23.0    22.2     0.0    20.46 C    37.1    16.7    23.9    93.1    45.6    76.6   0.180   0.233   0.206   0.367   0.370    24.4    24.6    24.4    23.9    22.0
53877 20120731  2.412  -82.61   35.49    23.8    17.6    20.7    20.2    26.3     9.00 C    28.1    16.7    21.3    94.7    74.3    88.7   0.231   0.273   0.234   0.366   0.370    23.4    23.8    23.8    23.8    22.0
53877 20120801  2.412  -82.61   35.49    29.3    16.2    22.7    21.5     0.0    22.92 C    35.0    15.7    23.4    95.3    47.5    82.4   0.267   0.289   0.251   0.367   0.370    23.8    24.0    23.7    23.4    22.0
53877 20120802  2.412  -82.61   35.49    30.1    16.3    23.2    21.7     7.6    19.57 C    35.9    16.0    22.9    94.6    48.5    84.5   0.268   0.287   0.250   0.368   0.370    23.9    24.2    23.9    23.5    22.0
53877 20120803  2.412  -82.61   35.49    28.9    16.3    22.6    21.4     6.4    17.32 C    35.6    16.1    22.7    94.9    61.8    86.0   0.274   0.290   0.254   0.368   0.370    24.0    24.2    23.9    23.5    22.0
53877 20120804  2.412  -82.61   35.49    26.6    18.8    22.7    21.5     2.9    11.93 C    33.1    19.2    22.5    95.1    66.0    87.3   0.297   0.307   0.268   0.369   0.371    23.7    24.0    23.8    23.5    21.9
53877 20120805  2.412  -82.61   35.49    28.8    17.8    23.3    22.7     0.0    21.28 C    35.4    17.1    23.9    95.0    54.6    80.5   0.276   0.291   0.261   0.371   0.370    24.1    24.2    23.9    23.5    22.0
53877 20120806  2.412  -82.61   35.49    28.0    17.9    22.9    21.4    22.3    12.52 C    34.8    17.3    22.6    95.1    57.9    88.2   0.290   0.299   0.263   0.381   0.380    23.9    24.2    24.0    23.6    22.0
53877 20120807  2.412  -82.61   35.49    25.6    18.8    22.2    21.8     0.0    10.64 C    32.2    18.7    22.6    95.3    66.2    88.6   0.297   0.304   0.269   0.395   0.396    23.8    24.0    23.8    23.5    22.0
53877 20120808  2.412  -82.61   35.49    29.3    18.4    23.8    22.6     0.0    19.22 C    34.3    17.3    23.5    95.0    46.9    81.5   0.282   0.293   0.263   0.393   0.398    24.1    24.2    23.9    23.5    22.0
53877 20120809  2.412  -82.61   35.49    27.6    17.8    22.7    19.9     1.9    10.18 C    33.7    17.3    21.2    95.2    57.6    89.4   0.271   0.285   0.257   0.387   0.389    23.5    23.9    23.8    23.5    22.0
53877 20120810  2.412  -82.61   35.49    27.0    17.0    22.0    21.0     1.2    17.20 C    33.2    16.8    22.3    95.5    59.8    83.8   0.266   0.282   0.253   0.383   0.377    23.4    23.7    23.5    23.3    22.0
53877 20120811  2.412  -82.61   35.49    24.2    15.0    19.6    19.4     0.0    11.52 C    30.3    14.3    20.2    94.8    62.0    83.3   0.260   0.278   0.249   0.382   0.376    22.9    23.4    23.4    23.3    22.0
53877 20120812  2.412  -82.61   35.49    26.0    12.4    19.2    18.5     0.0    24.56 C    32.1    11.7    19.8    94.6    41.3    75.8   0.248   0.270   0.244   0.379   0.376    22.3    22.8    22.9    23.0    22.0
53877 20120813  2.412  -82.61   35.49    27.1    10.9    19.0    18.6     0.8    21.09 C    32.3    10.6    19.9    94.4    44.3    78.5   0.230   0.259   0.237   0.378   0.376    22.0    22.4    22.5    22.7    22.0
53877 20120814  2.412  -82.61   35.49    28.1    14.0    21.1    20.1     0.0    19.46 C    40.9    13.7    22.0    94.7    51.6    81.0   0.221   0.253   0.229   0.376   0.376    22.7    22.9    22.8    22.6    21.9
53877 20120815  2.412  -82.61   35.49    26.8    14.2    20.5    18.8     1.7    13.88 C    38.9    12.7    19.9    94.5    50.8    84.2   0.217   0.251   0.225   0.375   0.376    22.4    22.7    22.8    22.7    21.8
53877 20120816  2.412  -82.61   35.49    27.3    11.2    19.3    19.3     0.0    22.75 C    40.9    10.4    21.6    94.7    35.4    74.8   0.214   0.249   0.221   0.374   0.376    22.2    22.5    22.5    22.5    21.8
53877 20120817  2.412  -82.61   35.49    23.5    13.8    18.7    18.7     0.0    10.32 C    32.6    13.0    19.9    94.3    62.3    84.3   0.208   0.245   0.218   0.373   0.375    21.9    22.3    22.4    22.4    21.7
53877 20120818  2.412  -82.61   35.49    24.2    15.7    19.9    19.3     2.3     9.20 C    37.3    14.6    20.9    95.1    62.7    87.9   0.204   0.243   0.214   0.371   0.374    22.0    22.3    22.3    22.3    21.7
53877 20120819  2.412  -82.61   35.49    23.5    15.8    19.6    18.9     4.8    12.01 C    30.8    16.8    21.1    95.4    61.7    86.2   0.220   0.246   0.213   0.370   0.375    22.2    22.4    22.4    22.3    21.6
53877 20120820  2.412  -82.61   35.49    25.2    12.5    18.8    18.3     0.0    19.14 C    37.9    12.0    21.2    95.5    43.0    78.8   0.223   0.248   0.214   0.368   0.374    22.4    22.6    22.6    22.3    21.6
53877 20120821  2.412  -82.61   35.49    25.1     9.6    17.4    16.8     0.0    15.37 C    39.2     9.5    19.3    94.6    44.1    79.8   0.216   0.245   0.213   0.366   0.374    21.4    21.8    22.1    22.2    21.5
53877 20120822  2.412  -82.61   35.49    25.9    12.7    19.3    18.3     5.2    17.60 C    37.8    11.9    21.2    96.9    38.6    80.7   0.208   0.241   0.210   0.364   0.374    21.7    21.9    22.0    22.0    21.5
53877 20120823  2.412  -82.61   35.49    26.5    14.9    20.7    19.7     0.0    21.48 C    38.7    14.4    22.8    95.3    47.9    81.4   0.216   0.242   0.208   0.363   0.373    22.5    22.5    22.3    22.0    21.5
53877 20120824  2.412  -82.61   35.49    25.4    13.9    19.7    18.7     0.5    18.69 C    38.3    13.4    21.8    98.8    49.3    84.3   0.212   0.239   0.206   0.361   0.373    22.5    22.7    22.6    22.2    21.4
53877 20120825  2.412  -82.61   35.49    27.3    12.2    19.7    18.8     0.0    20.09 C    38.8    12.1    21.6    98.1    43.3    80.9   0.204   0.234   0.203   0.360   0.372    22.3    22.5    22.4    22.2    21.4
53877 20120826  2.412  -82.61   35.49    28.5    13.7    21.1    20.1     0.0    21.68 C    40.4    13.3    22.8    99.3    38.9    79.3   0.194   0.226   0.197   0.358   0.373    22.6    22.7    22.6    22.3    21.4
53877 20120827  2.412  -82.61   35.49    28.6    13.1    20.9    20.0     0.0    21.47 C    40.7    12.3    22.5    95.9    39.6    77.5   0.182   0.217   0.190   0.356   0.373    22.6    22.8    22.7    22.3    21.4
53877 20120828  2.412  -82.61   35.49    27.8    13.9    20.9    19.9     0.0    11.81 C    36.4    13.2    21.6    94.0    49.8    81.5   0.171   0.209   0.183   0.355   0.372    22.2    22.4    22.5    22.3    21.4
53877 20120829  2.412  -82.61   35.49    28.1    17.1    22.6    21.0     1.8    12.67 C    41.0    16.2    22.9    95.1    52.2    86.7   0.165   0.205   0.177   0.353   0.372    22.7    22.8    22.7    22.3    21.4
53877 20120830  2.412  -82.61   35.49    26.5    18.1    22.3    21.6     0.4    11.77 C    33.0    17.8    23.1    95.2    65.4    87.0   0.162   0.203   0.174   0.351   0.372    23.0    23.1    22.9    22.5    21.4
53877 20120831  2.412  -82.61   35.49    30.1    19.0    24.6    23.2     0.0    17.71 C    43.0    18.6    26.0    94.5    49.4    81.0   0.158   0.200   0.170   0.350   0.371    23.9    23.7    23.4    22.6    21.4
53877 20120901  2.412  -82.61   35.49    30.3    18.1    24.2    23.2     0.0    18.24 C    42.3    17.2    25.4    94.9    43.0    78.2   0.151   0.193   0.164   0.348   0.371    23.9    23.9    23.6    22.9    21.5
53877 20120902  2.412  -82.61   35.49    28.1    17.8    23.0    22.4     0.2    13.52 C    40.6    17.1    24.2    94.4    60.1    83.2   0.143   0.187   0.158   0.346   0.371    23.7    23.8    23.7    23.1    21.5
53877 20120903  2.412  -82.61   35.49    25.4    18.7    22.1    21.4    10.5     6.27 C    33.5    18.1    22.2    95.0    75.1    88.9   0.172   0.195   0.157   0.345   0.371    23.2    23.5    23.4    23.0    21.6
53877 20120904  2.412  -82.61   35.49    24.9    19.2    22.1    21.4     1.6     7.12 C    31.4    18.2    22.6    94.5    73.8    87.4   0.188   0.206   0.160   0.344   0.370    23.2    23.4    23.3    22.9    21.7
53877 20120905  2.412  -82.61   35.49    28.1    18.1    23.1    22.3     0.0    13.58 C    38.3    17.2    23.8    94.9    63.0    83.0   0.185   0.208   0.163   0.343   0.370    23.4    23.5    23.4    22.9    21.7
53877 20120906  2.412  -82.61   35.49    27.8    17.6    22.7    21.3     0.0    14.51 C    37.8    16.3    22.6    94.8    52.2    83.0   0.177   0.206   0.163   0.342   0.370    23.3    23.5    23.4    23.0    21.7
53877 20120907  2.412  -82.61   35.49    29.8    14.7    22.3    22.0     0.0    21.13 C    39.7    13.9    23.7    98.8    39.5    76.0   0.168   0.201   0.162   0.340   0.370    23.2    23.3    23.2    22.9    21.7
53877 20120908  2.412  -82.61   35.49    27.7    13.8    20.7    19.7     0.7    12.60 C    39.8    12.3    21.0    94.5    53.0    82.7   0.158   0.195   0.159   0.340   0.370    23.0    23.3    23.3    23.0    21.7
53877 20120909  2.412  -82.61   35.49    22.8     8.7    15.8    15.2     0.0    21.58 C    35.2     7.5    16.9    94.3    33.4    71.1   0.149   0.190   0.156   0.338   0.370    21.1    21.8    22.2    22.6    21.7
53877 20120910  2.412  -82.61   35.49    24.7     6.1    15.4    14.8     0.0    20.28 C    37.8     5.9    17.1    94.5    35.1    72.6   0.140   0.184   0.152   0.336   0.369    20.0    20.7    21.2    21.9    21.7
53877 20120911  2.412  -82.61   35.49    24.2     9.7    17.0    15.9     0.0    14.91 C    36.9     9.3    17.5    94.1    43.7    77.2   0.133   0.180   0.147   0.334   0.368    20.0    20.5    20.9    21.5    21.6
53877 20120912  2.412  -82.61   35.49    24.7    10.8    17.7    16.5     0.0    14.52 C    37.8     9.6    18.4    97.2    44.5    78.2   0.127   0.176   0.144   0.332   0.368    20.0    20.4    20.8    21.2    21.5
53877 20120913  2.412  -82.61   35.49    23.4     9.9    16.7    15.8     0.0    16.90 C    38.6     9.0    17.9    94.6    44.0    76.8   0.121   0.172   0.140   0.330   0.368    19.9    20.3    20.6    21.1    21.3
53877 20120914  2.412  -82.61   35.49    25.4    10.7    18.0    16.4     0.0    14.19 C    40.8    10.5    18.3    94.2    43.3    78.0   0.116   0.169   0.134   0.328   0.368    19.8    20.2    20.5    20.9    21.2
53877 20120915  2.412  -82.61   35.49    26.3     9.2    17.8    17.5     7.5    15.43 C    41.5     8.3    19.9    95.1    37.6    78.4   0.118   0.165   0.130   0.326   0.368    19.9    20.2    20.4    20.7    21.1
53877 20120916  2.412  -82.61   35.49    24.0    15.1    19.5    18.1     1.0     8.92 C    34.0    13.7    19.5    95.5    67.1    89.9   0.142   0.170   0.131   0.324   0.368    20.6    20.8    20.9    20.8    21.0
53877 20120917  2.412  -82.61   35.49    20.4    14.6    17.5    18.0    45.9     3.89 C    25.6    13.8    18.8    95.1    84.2    92.1   0.172   0.196   0.144   0.324   0.367    20.1    20.5    20.7    20.9    20.9
53877 20120918  2.412  -82.61   35.49    20.2    13.4    16.8    18.0    67.1     3.50 C    22.1    12.6    18.6    94.6    78.5    90.9   0.420   0.347   0.279   0.395   0.393    20.0    20.3    20.5    20.7    20.9
53877 20120919  2.412  -82.61   35.49    21.5     9.6    15.5    15.5     0.0    18.22 C    31.4     8.7    17.4    92.2    50.0    75.8   0.343   0.314   0.260   0.401   0.396    19.7    20.1    20.2    20.6    20.8
53877 20120920  2.412  -82.61   35.49    22.8    11.1    16.9    16.5     0.0    16.05 C    34.4    10.3    17.9    94.3    57.1    80.0   0.299   0.297   0.251   0.390   0.398    19.9    20.2    20.3    20.5    20.7
53877 20120921  2.412  -82.61   35.49    24.2     9.8    17.0    15.9     0.0    16.61 C    33.7     9.3    17.9   100.0    48.8    84.1   0.282   0.289   0.249   0.384   0.398    19.6    19.9    20.1    20.4    20.6
53877 20120922  2.412  -82.61   35.49    26.4    10.5    18.4    17.8     0.0    17.13 C    34.7     9.2    18.4    94.9    39.4    70.3   0.268   0.281   0.246   0.379   0.398    19.7    20.0    20.1    20.3    20.6
53877 20120923  2.412  -82.61   35.49    20.9     5.0    13.0    12.4     0.0    19.17 C    31.4     4.5    13.7    94.8    26.3    68.9   0.254   0.273   0.241   0.377   0.386    18.6    19.3    19.7    20.2    20.5
53877 20120924  2.412  -82.61   35.49    20.4     1.4    10.9    10.4     0.0    19.22 C    29.6     1.5    11.9    94.7    35.6    71.1   0.241   0.265   0.237   0.375   0.378    17.0    17.8    18.5    19.7    20.4
53877 20120925  2.412  -82.61   35.49    23.8     2.7    13.3    13.3     0.0    14.87 C    30.9     2.9    14.3    94.6    38.7    76.6   0.229   0.258   0.231   0.373   0.377    17.0    17.5    18.0    19.1    20.3
53877 20120926  2.412  -82.61   35.49    26.6     9.0    17.8    16.9     0.0    17.42 C    33.9     8.1    17.6    95.0    36.7    78.5   0.218   0.252   0.225   0.373   0.377    18.2    18.4    18.5    19.0    20.1
53877 20120927  2.412  -82.61   35.49    24.8    10.4    17.6    16.5     0.0    14.86 C    34.1     9.0    17.6   100.0    43.9    83.3   0.208   0.245   0.219   0.372   0.376    18.6    18.9    18.9    19.2    20.0
53877 20120928  2.412  -82.61   35.49    26.0    10.6    18.3    17.1     0.0    13.69 C    34.1    10.0    18.0    95.3    47.4    82.7   0.198   0.239   0.214   0.370   0.376    18.8    19.0    19.1    19.3    19.9
53877 20120929  2.412  -82.61   35.49    22.1    12.3    17.2    16.2     5.6     7.43 C    28.0    11.3    16.9    95.4    74.3    91.8   0.204   0.237   0.210   0.368   0.375    18.9    19.2    19.3    19.4    19.8
53877 20120930  2.412  -82.61   35.49    20.0    11.7    15.8    15.3     0.0    10.59 C    27.6    10.6    17.0    95.5    62.3    83.2   0.213   0.241   0.208   0.367   0.375    18.6    19.0    19.1    19.4    19.8
53877 20121001  2.412  -82.61   35.49    15.6    13.9    14.8    14.6    25.0     1.16 C    17.4    14.7    15.5    94.9    89.4    93.2   0.266   0.265   0.216   0.365   0.375    18.1    18.6    19.0    19.4    19.7
53877 20121002  2.412  -82.61   35.49    23.2    14.5    18.8    18.8    30.3    14.63 C    30.3    14.1    19.9    95.1    56.5    82.3   0.396   0.353   0.293   0.407   0.394    19.0    19.0    18.9    19.2    19.7
53877 20121003  2.412  -82.61   35.49    22.9    12.9    17.9    16.9     0.0     9.83 C    30.1    12.6    17.6    94.8    52.3    81.4   0.320   0.308   0.263   0.405   0.398    19.0    19.3    19.3    19.4    19.6
53877 20121004  2.422  -82.61   35.49 -9999.0 -9999.0 -9999.0 -9999.0 -9999.0 -9999.00 U -9999.0 -9999.0 -9999.0 -9999.0 -9999.0 -9999.0 -99.000 -99.000 -99.000 -99.000 -99.000 -9999.0 -9999.0 -9999.0 -9999.0 -9999.0
53877 20121005  2.422  -82.61   35.49    24.0     7.4    15.7 -9999.0     0.0    16.64 C    32.0     7.1    16.1   100.0    45.3    79.9   0.284   0.288   0.253   0.391   0.399    18.2    18.6    18.8    19.3    19.6
53877 20121006  2.422  -82.61   35.49    21.7     8.0    14.9    13.6     0.0    10.48 C    30.7     7.8    15.3    95.7    59.1    83.5   0.273   0.283   0.249   0.384   0.397    17.7    18.2    18.4    19.1    19.6
53877 20121007  2.422  -82.61   35.49    14.0     5.7     9.8    10.0     5.2     2.30 C    17.7     6.1    11.6    95.2    75.9    87.2   0.296   0.290   0.250   0.380   0.383    16.9    17.6    18.1    18.9    19.5
53877 20121008  2.422  -82.61   35.49     9.5     6.8     8.1     7.9     0.2     2.90 C    13.3     8.6     9.9    94.2    75.9    86.9   0.293   0.291   0.253   0.379   0.380    15.3    16.2    17.0    18.3    19.4
53877 20121009  2.422  -82.61   35.49    15.6     7.5    11.6    10.2     0.0    12.45 C    25.8     7.2    12.3    92.0    56.5    79.6   0.285   0.288   0.251   0.378   0.379    15.4    16.0    16.5    17.7    19.2
53877 20121010  2.422  -82.61   35.49    16.3     4.0    10.2    10.4     0.0     9.88 C    23.9     3.6    10.9    94.9    59.4    81.8   0.277   0.283   0.249   0.378   0.378    15.1    15.7    16.3    17.4    19.0
53877 20121011  2.422  -82.61   35.49    19.7     1.6    10.6    10.1     0.0    16.52 C    27.5     1.3    10.8    95.1    44.4    77.4   0.269   0.278   0.247   0.377   0.379    14.6    15.2    15.8    17.0    18.9
53877 20121012  2.422  -82.61   35.49    19.7     5.8    12.7    11.7     0.0    10.94 C    28.0     5.1    12.5    95.0    55.7    80.4   0.259   0.274   0.243   0.376   0.377    14.9    15.4    15.8    16.8    18.7
53877 20121013  2.422  -82.61   35.49    17.5     7.2    12.3    11.4     0.0    15.91 C    26.1     5.7    12.3    95.2    49.2    74.3   0.251   0.269   0.240   0.374   0.377    15.1    15.5    15.9    16.7    18.5
53877 20121014  2.422  -82.61   35.49    18.8     7.5    13.2    13.6     0.0     5.93 C    23.8     6.7    13.8    91.9    71.0    82.4   0.242   0.265   0.236   0.373   0.377    15.1    15.6    15.9    16.7    18.3
53877 20121015  2.422  -82.61   35.49    20.9     7.9    14.4    15.5    19.5    14.14 C    28.4     6.5    15.6    95.2    35.8    70.4   0.308   0.302   0.259   0.377   0.377    16.2    16.4    16.5    16.8    18.2
53877 20121016  2.422  -82.61   35.49    18.7     4.3    11.5    10.6     0.0    15.83 C    26.0     3.4    11.5    93.8    31.2    69.1   0.294   0.295   0.261   0.382   0.377    15.1    15.7    16.1    16.9    18.1
53877 20121017  2.422  -82.61   35.49    20.4     0.8    10.6    10.6     0.0    15.40 C    28.0     0.7    10.4    94.9    31.6    68.1   0.277   0.287   0.257   0.380   0.376    14.1    14.7    15.3    16.5    18.0
53877 20121018  2.422  -82.61   35.49    18.9     9.6    14.2    13.8     0.0     9.48 C    26.3     6.9    13.3    94.0    61.2    77.8   0.263   0.281   0.253   0.378   0.376    14.9    15.2    15.5    16.3    17.9
53877 20121019  2.422  -82.61   35.49    19.5     2.3    10.9    10.0     0.0    14.95 C    25.9     1.4     9.7    95.2    20.1    65.3   0.258   0.276   0.249   0.378   0.376    14.2    14.8    15.3    16.2    17.8
53877 20121020  2.422  -82.61   35.49    16.3     1.8     9.0     8.3     0.0    14.19 C    24.0     1.5     9.0    94.0    43.8    73.2   0.249   0.271   0.246   0.376   0.376    13.4    14.0    14.6    15.9    17.7
53877 20121021  2.422  -82.61   35.49    19.9     1.7    10.8     9.2     0.0    14.81 C    25.8     1.1     9.0    95.3    35.1    73.2   0.232   0.266   0.242   0.375   0.376    13.0    13.6    14.2    15.5    17.5
53877 20121022  2.422  -82.61   35.49    23.6     1.6    12.6    11.1     0.0    14.43 C    28.7     1.3    10.9    94.6    31.7    73.2   0.223   0.261   0.238   0.374   0.376    13.1    13.5    14.0    15.2    17.4
53877 20121023  2.422  -82.61   35.49    24.4     3.7    14.0    12.4     0.0    13.56 C    28.8     2.8    11.6    94.8    34.9    76.2   0.219   0.256   0.233   0.373   0.375    13.5    13.9    14.2    15.2    17.2
53877 20121024  2.422  -82.61   35.49    24.9     3.9    14.4    13.0     0.0    14.17 C    29.4     2.8    11.5    95.5    25.6    71.8   0.208   0.251   0.229   0.372   0.375    13.7    14.1    14.4    15.2    17.1
53877 20121025  2.422  -82.61   35.49    22.8     3.4    13.1    12.4     0.0    13.09 C    29.7     2.2    11.3    94.6    46.6    76.7   0.194   0.245   0.224   0.370   0.375    13.6    14.0    14.3    15.2    16.9
53877 20121026  2.422  -82.61   35.49    23.0     9.4    16.2    15.2     0.0     9.18 C    28.9     7.5    14.2    94.4    44.8    75.7   0.196   0.241   0.220   0.368   0.375    14.5    14.7    14.8    15.3    16.8
53877 20121027  2.422  -82.61   35.49    19.0     7.6    13.3    12.4     0.0     8.03 C    23.6     6.5    12.6    94.6    58.8    79.4   0.195   0.238   0.216   0.367   0.374    14.4    14.7    14.9    15.4    16.8
53877 20121028  2.422  -82.61   35.49    11.1     4.1     7.6     8.0     2.7     3.64 C    14.3     3.3     8.7    90.5    67.9    76.1   0.191   0.235   0.212   0.366   0.373    13.6    14.3    14.8    15.5    16.8
53877 20121029  2.422  -82.61   35.49     7.2     2.3     4.8     4.4     0.0    11.93 C    15.6     2.5     5.7    75.8    54.9    65.5   0.193   0.235   0.209   0.365   0.373    11.8    12.9    13.8    15.0    16.7
53877 20121030  2.422  -82.61   35.49     5.2     2.3     3.7     3.6     0.0     3.95 C     9.6     2.2     4.2    78.1    56.6    64.9   0.192   0.234   0.207   0.363   0.373    10.6    11.7    12.8    14.4    16.6
53877 20121031  2.422  -82.61   35.49    12.1     2.7     7.4     6.3     0.0    12.15 C    20.2    -0.1     6.3    73.4    27.5    51.3   0.188   0.232   0.205   0.361   0.373    10.7    11.5    12.4    13.8    16.4
53877 20121101  2.422  -82.61   35.49    12.7     1.4     7.1     7.0     0.0    12.44 C    20.9    -0.9     5.8    60.0    18.7    38.8   0.182   0.228   0.202   0.360   0.373    10.3    11.1    12.0    13.5    16.2
53877 20121102  2.422  -82.61   35.49    18.0    -0.6     8.7     7.4     0.0    10.76 C    24.8    -1.6     6.7    85.2    32.5    57.0   0.177   0.223   0.199   0.359   0.373    10.1    10.8    11.6    13.1    16.0
53877 20121103  2.422  -82.61   35.49    20.4    -2.0     9.2     7.4     0.0    11.31 C    24.8    -2.3     6.4    93.1    22.9    65.9   0.170   0.218   0.196   0.358   0.372    10.0    10.6    11.4    12.9    15.8
53877 20121104  2.422  -82.61   35.49    16.5     5.3    10.9     9.6     0.0     6.34 C    21.1     3.4     9.1    88.7    52.5    73.0   0.165   0.216   0.193   0.356   0.372    10.9    11.3    11.8    12.8    15.6
53877 20121105  2.422  -82.61   35.49    13.2    -0.3     6.4     5.8     0.0    11.78 C    19.7    -1.4     5.4    93.4    27.2    63.1   0.162   0.213   0.191   0.355   0.372    10.4    11.0    11.7    12.9    15.4
53877 20121106  2.422  -82.61   35.49     6.2     0.7     3.5     3.6     4.2     3.30 C    10.1     0.3     4.9    94.3    55.2    84.6   0.163   0.211   0.188   0.354   0.372     9.5    10.3    11.1    12.6    15.2
53877 20121107  2.422  -82.61   35.49     6.7     2.9     4.8     4.6     4.3     3.58 C    11.0     0.8     5.7    95.0    75.3    87.4   0.187   0.216   0.187   0.353   0.372     9.6    10.3    11.0    12.3    15.1
53877 20121108  2.422  -82.61   35.49    12.3    -2.2     5.0     4.4     0.0    11.45 C    18.7    -3.0     3.8    95.3    37.3    72.7   0.198   0.224   0.188   0.352   0.372     9.2     9.9    10.7    12.1    14.9
53877 20121109  2.422  -82.61   35.49    17.2    -4.4     6.4     4.1     0.0    11.30 C    21.5    -4.7     3.3    93.1    24.9    70.6   0.193   0.223   0.190   0.352   0.371     8.1     8.9     9.9    11.7    14.7
53877 20121110  2.422  -82.61   35.49    21.2    -2.8     9.2     7.2     0.0    11.11 C    24.8    -3.4     5.2    93.6    11.6    62.4   0.188   0.222   0.190   0.350   0.370     8.3     8.9     9.7    11.3    14.6
53877 20121111  2.422  -82.61   35.49    18.5    -2.0     8.3     9.4     0.0     9.23 C    24.8    -2.8     8.3    93.5    37.5    67.5   0.183   0.221   0.190   0.350   0.370     8.7     9.2     9.7    11.1    14.4
53877 20121112  2.422  -82.61   35.49    17.3     5.4    11.3    14.2     5.5     2.46 C    17.7     6.2    13.2    93.8    67.9    78.6   0.182   0.220   0.190   0.348   0.370    11.3    11.2    11.2    11.5    14.2
53877 20121113  2.422  -82.61   35.49    10.7    -3.4     3.6     4.2     0.7    11.44 C    17.4    -4.1     4.6    91.1    31.5    67.8   0.208   0.229   0.190   0.349   0.370    10.2    10.9    11.4    12.0    14.1
53877 20121114  2.422  -82.61   35.49     9.4    -6.0     1.7     1.4     0.0     9.93 C    16.6    -6.0     2.2    92.0    40.7    70.8   0.202   0.231   0.192   0.348   0.370     7.8     8.8     9.9    11.6    14.0
53877 20121115  2.422  -82.61   35.49    13.7    -2.0     5.9     4.0     0.7     9.90 C    18.5    -2.9     4.2    95.6    41.2    76.4   0.200   0.230   0.198   0.347   0.369     8.2     8.8     9.6    11.1    14.0
53877 20121116  2.422  -82.61   35.49    14.3    -4.6     4.9     3.0     0.0    10.61 C    19.9    -5.1     2.3    93.8    21.5    69.4   0.197   0.229   0.219   0.347   0.369     7.3     8.2     9.0    10.8    13.8
53877 20121117  2.422  -82.61   35.49    14.3    -4.6     4.9     2.9     0.0    10.69 C    18.9    -5.4     1.9    93.3    14.1    64.3   0.193   0.228   0.216   0.346   0.369     6.8     7.6     8.5    10.4    13.6
53877 20121118  2.422  -82.61   35.49    13.0    -2.9     5.0     3.6     0.0     6.76 C    20.5    -4.4     2.6    94.2    55.4    75.4   0.190   0.226   0.215   0.345   0.369     6.8     7.5     8.3    10.0    13.4
53877 20121119  2.422  -82.61   35.49    16.3    -1.9     7.2     5.7     0.0     8.04 C    21.1    -3.0     5.5    94.6    52.6    82.2   0.187   0.224   0.215   0.344   0.368     7.6     8.0     8.6     9.9    13.3
53877 20121120  2.422  -82.61   35.49    16.7    -0.5     8.1     5.8     0.0    10.32 C    23.5    -1.4     5.2    95.1    30.3    72.7   0.183   0.223   0.217   0.344   0.368     7.9     8.4     8.9    10.0    13.1
53877 20121121  2.422  -82.61   35.49    17.1    -1.8     7.6     5.9     0.0     9.98 C    25.5    -2.7     5.0    93.9    33.5    69.7   0.181   0.221   0.215   0.344   0.368     7.8     8.3     8.8    10.0    13.0
53877 20121122  2.422  -82.61   35.49    18.0    -2.8     7.6     5.0     0.0    10.20 C    26.7    -4.0     4.2    93.6    24.9    71.4   0.179   0.220   0.215   0.344   0.368     7.7     8.2     8.8    10.0    12.8
53877 20121123  2.422  -82.61   35.49    16.1    -3.2     6.5     6.1     0.0     6.20 C    25.1    -4.4     5.2    93.6    33.3    68.4   0.178   0.219   0.215   0.343   0.368     7.6     8.1     8.7     9.9    12.7
53877 20121124  2.422  -82.61   35.49     5.6    -5.4     0.1     1.4     0.0    10.25 C    18.1    -7.5     1.0    80.2    36.9    56.3   0.176   0.219   0.215   0.343   0.368     7.1     7.9     8.7     9.9    12.6
53877 20121125  2.422  -82.61   35.49    11.5    -8.2     1.7    -0.7     0.0     9.94 C    20.6    -8.0    -0.3    89.1    13.6    60.6   0.174   0.217   0.212   0.343   0.368     5.6     6.6     7.6     9.4    12.5
53877 20121126  2.422  -82.61   35.49    17.0    -5.7     5.6     5.6     0.0     9.58 C    24.7    -6.4     4.8    84.3    20.7    51.5   0.173   0.216   0.208   0.342   0.368     6.0     6.6     7.3     9.0    12.4
53877 20121127  2.422  -82.61   35.49    10.4     5.1     7.7     7.3     0.0     1.93 C    13.1     2.5     7.2    85.4    49.5    75.3   0.172   0.216   0.212   0.342   0.367     7.7     8.0     8.4     9.2    12.2
53877 20121128  2.422  -82.61   35.49    10.0    -4.1     2.9     3.3     0.0     9.85 C    20.6    -6.1     3.6    90.4    26.6    64.7   0.171   0.215   0.213   0.342   0.367     7.6     8.1     8.6     9.4    12.0
53877 20121129  2.422  -82.61   35.49    13.9    -7.0     3.5     1.4     0.0     9.42 C    22.1    -7.3     1.3    92.7    31.4    72.5   0.169   0.214   0.210   0.341   0.368     6.0     6.9     7.7     9.2    12.0
53877 20121130  2.422  -82.61   35.49    15.6    -5.4     5.1     2.8     0.0     8.63 C    23.1    -6.6     2.2    94.6    33.9    75.3   0.167   0.213   0.207   0.341   0.367     6.0     6.7     7.4     8.9    11.9
53877 20121201  2.422  -82.61   35.49    16.7    -3.3     6.7     5.3     0.0     9.22 C    24.7    -4.3     4.6    93.8    42.1    75.1   0.165   0.212   0.207   0.341   0.367     6.4     6.9     7.5     8.7    11.8
53877 20121202  2.422  -82.61   35.49    18.6     0.0     9.3     7.4     0.0     7.37 C    26.4    -1.0     6.4    94.3    44.1    78.1   0.164   0.212   0.207   0.340   0.368     7.3     7.7     8.0     8.9    11.6
53877 20121203  2.422  -82.61   35.49    20.9     0.4    10.7     9.1     0.0     8.88 C    28.1    -0.5     8.2    94.4    41.7    74.5   0.164   0.211   0.209   0.340   0.368     8.1     8.3     8.5     9.1    11.6
53877 20121204  2.422  -82.61   35.49    19.8     0.2    10.0     9.6     0.0     7.45 C    27.3    -0.8     9.3    94.6    42.9    73.8   0.163   0.211   0.209   0.340   0.367     8.5     8.7     8.9     9.4    11.5
53877 20121205  2.422  -82.61   35.49    14.4     1.8     8.1    10.1     0.0     2.20 C    15.8     0.3     9.3    85.2    44.1    72.6   0.163   0.209   0.212   0.339   0.367     9.5     9.7     9.7     9.8    11.5
53877 20121206  2.422  -82.61   35.49    10.9     2.8     6.8     8.1     0.6     3.66 C    14.3     4.4     8.5    88.5    42.1    59.8   0.162   0.209   0.211   0.339   0.367     9.1     9.4     9.7    10.0    11.6
53877 20121207  2.422  -82.61   35.49    16.8     3.4    10.1     8.6     0.0     6.41 C    23.0     1.8     8.7    94.1    56.1    76.6   0.162   0.209   0.210   0.339   0.367     9.5     9.8     9.9    10.1    11.6
53877 20121208  2.422  -82.61   35.49    19.3     3.2    11.2     9.5     0.0     6.93 C    28.1     2.0    10.0    95.4    45.4    81.6   0.163   0.208   0.210   0.339   0.367     9.8    10.0    10.1    10.3    11.6
53877 20121209  2.422  -82.61   35.49    19.3     6.0    12.6    11.8     0.3     6.72 C    26.4     4.5    11.5    95.8    54.6    81.8   0.163   0.208   0.210   0.338   0.367    10.4    10.5    10.5    10.5    11.7
53877 20121210  2.422  -82.61   35.49    15.1     6.3    10.7    12.5     5.9     2.23 C    18.1     7.0    11.6    95.7    68.7    88.1   0.163   0.208   0.211   0.338   0.367    11.1    11.1    11.0    10.9    11.7
53877 20121211  2.422  -82.61   35.49     6.3    -1.3     2.5     2.7     0.0     4.62 C    13.0    -0.3     4.7    92.4    61.2    79.3   0.172   0.210   0.212   0.338   0.367     9.8    10.4    10.8    11.1    11.8
53877 20121212  2.422  -82.61   35.49     5.6    -1.6     2.0     1.9     0.0     3.21 C     8.4    -0.1     3.7    94.5    60.9    82.8   0.178   0.212   0.210   0.338   0.367     7.9     8.7     9.5    10.6    11.9
53877 20121213  2.422  -82.61   35.49    11.7    -3.5     4.1     3.8     0.0     8.84 C    19.7    -4.3     4.4    91.2    30.0    65.3   0.180   0.213   0.209   0.337   0.367     7.9     8.6     9.2    10.1    11.9
53877 20121214  2.422  -82.61   35.49    14.2    -6.2     4.0     1.8     0.0     8.73 C    21.1    -5.9     1.8    91.6    22.8    71.5   0.180   0.213   0.207   0.337   0.366     6.4     7.3     8.2     9.7    11.9
53877 20121215  2.422  -82.61   35.49    14.8    -1.2     6.8     6.1     0.0     5.69 C    21.2    -1.4     6.3    87.6    35.2    65.3   0.180   0.213   0.207   0.337   0.367     7.1     7.6     8.1     9.3    11.7
53877 20121216  2.422  -82.61   35.49    10.2     4.2     7.2     7.8    15.5     1.41 C    12.2     2.4     8.0    95.8    73.7    92.4   0.207   0.221   0.207   0.336   0.366     8.2     8.4     8.8     9.3    11.6
53877 20121217  2.422  -82.61   35.49    12.3     6.4     9.3     8.8     1.3     2.61 C    14.5     4.0     8.6    95.9    81.1    93.6   0.294   0.277   0.215   0.336   0.366     8.9     9.1     9.3     9.6    11.5
53877 20121218  2.422  -82.61   35.49    10.5    -2.6     3.9     5.1     2.1     8.76 C    16.9    -2.7     5.0    96.4    34.0    76.3   0.294   0.288   0.226   0.336   0.366     8.4     8.9     9.3     9.8    11.4
53877 20121219  2.422  -82.61   35.49    15.3    -4.2     5.6     3.4     0.0     7.96 C    21.9    -3.7     3.4    94.6    42.1    80.1   0.286   0.285   0.231   0.336   0.366     6.8     7.5     8.3     9.5    11.4
53877 20121220  2.422  -82.61   35.49     9.8    -1.0     4.4     5.0    21.1     2.75 C    14.1    -0.8     4.8    95.7    59.6    84.5   0.302   0.296   0.239   0.342   0.366     7.0     7.5     8.1     9.1    11.3
53877 20121221  2.422  -82.61   35.49     3.3    -1.2     1.0     1.0     0.0     6.92 C    10.3    -3.9     1.2    72.5    39.9    53.7   0.303   0.302   0.251   0.367   0.366     6.2     7.0     7.8     8.9    11.2
53877 20121222  2.422  -82.61   35.49     6.6    -5.8     0.4    -0.6     0.0     8.99 C    15.5    -6.4    -1.0    80.0    22.3    48.1   0.295   0.295   0.246   0.367   0.366     4.5     5.5     6.6     8.3    11.1
53877 20121223  2.422  -82.61   35.49     7.5    -8.4    -0.4    -1.6     0.0     3.91 C     9.1    -7.6    -0.9    88.5    33.6    72.1   0.289   0.291   0.244   0.366   0.366     3.7     4.6     5.7     7.7    11.0
53877 20121224  2.422  -82.61   35.49    10.0     0.2     5.1     5.3     8.9     2.51 C    13.9     0.7     6.0    96.5    78.9    93.2   0.316   0.307   0.268   0.371   0.366     5.4     5.7     6.2     7.3    10.7
53877 20121225  2.422  -82.61   35.49     9.8     0.4     5.1     5.9     5.6     4.38 C    15.9    -0.5     5.6    96.3    64.1    85.5   0.306   0.302   0.273   0.377   0.367     6.4     6.6     7.0     7.6    10.5
53877 20121226  2.422  -82.61   35.49     7.4     0.3     3.8     5.0    59.6     1.92 C    11.8     1.1     5.5    94.5    63.5    84.4   0.455   0.377   0.316   0.406   0.388     6.9     7.1     7.4     7.8    10.3
53877 20121227  2.422  -82.61   35.49     2.0    -3.0    -0.5    -0.6     0.0     5.47 C     9.3    -2.6     0.4    90.2    65.2    76.2   0.376   0.346   0.293   0.410   0.391     5.5     6.1     6.8     7.8    10.2
53877 20121228  2.422  -82.61   35.49     6.7    -5.0     0.8     0.4     2.5     5.68 C    15.2    -3.9     2.3    93.2    55.2    77.7   0.325   0.310   0.288   0.409   0.392     4.6     5.3     6.0     7.4    10.0
53877 20121229  2.422  -82.61   35.49     8.1    -1.6     3.2     1.6     3.3     8.30 C    17.1    -1.5     3.8    95.8    50.5    80.4   0.338   0.324   0.290   0.409   0.393     5.5     5.9     6.4     7.2     9.9
53877 20121230  2.422  -82.61   35.49     3.5    -5.6    -1.0    -1.7     0.0     9.10 C    12.3    -5.7    -1.3    87.9    40.2    65.0   0.315   0.305   0.289   0.399   0.395     4.4     5.2     6.0     7.2     9.7
53877 20121231  2.422  -82.61   35.49     9.3    -5.9     1.7     0.6     0.0     6.00 C    17.7    -5.5     2.2    91.2    20.1    65.4   0.309   0.300   0.287   0.394   0.395     4.0     4.6     5.4     6.8     9.6
