53877 20110101  2.402  -82.61   35.49    12.8     8.7    10.8    11.2     7.4     0.93 R    17.4     6.1     9.5    97.3    79.8    90.5   0.299   0.337   0.270   0.381   0.395     5.5     5.2     5.0     5.4     8.1
53877 20110102  2.402  -82.61   35.49    11.8    -2.8     4.5     3.9     0.0     2.79 R    12.0    -5.7     3.5    98.3    39.5    75.7   0.292   0.334   0.267   0.383   0.396     6.1     6.1     6.1     6.0     8.0
53877 20110103  2.402  -82.61   35.49     7.1    -9.2    -1.1    -2.4     0.0     9.39 R    14.7    -9.4    -2.4    93.6    23.7    66.4   0.281   0.314   0.260   0.380   0.396     3.5     4.0     4.9     6.0     8.1
53877 20110104  2.402  -82.61   35.49    10.1    -6.4     1.8    -0.4     0.0     8.47 R    19.1    -7.7    -0.2    93.8    22.9    70.5   0.274   0.308   0.257   0.379   0.396     3.1     3.5     4.2     5.5     8.1
53877 20110105  2.402  -82.61   35.49     4.2    -5.7    -0.7    -1.1     0.8     1.86 R     6.7    -7.2    -0.9    98.5    57.6    88.3   0.270   0.303   0.256   0.377   0.396     2.5     3.1     3.8     5.3     8.0
53877 20110106  2.402  -82.61   35.49     4.2    -3.2     0.5     0.3     0.0     4.94 R    11.3    -4.9     0.8    98.6    47.5    81.1   0.271   0.303   0.255   0.377   0.396     3.3     3.6     4.0     5.1     7.9
53877 20110107  2.402  -82.61   35.49     6.0    -2.2     1.9     1.4     1.9     4.89 R    15.1    -3.8     1.7    97.8    50.6    72.0   0.269   0.301   0.254   0.376   0.394     3.3     3.7     4.1     5.1     7.8
53877 20110108  2.402  -82.61   35.49    -1.3   -10.9    -6.1    -5.0     1.6     1.87 R     0.2   -16.9    -6.5    95.1    53.8    77.8   0.271   0.302   0.255   0.376   0.382     2.8     3.3     4.0     5.1     7.7
53877 20110109  2.402  -82.61   35.49    -0.7   -14.6    -7.6    -6.8     0.0     7.85 R     0.3   -19.0    -9.0    86.1    24.2    53.0   0.272   0.302   0.255   0.376   0.379     2.2     2.6     3.4     4.8     7.6
53877 20110110  2.402  -82.61   35.49    -1.9    -6.1    -4.0    -3.9    13.0     0.38 R     0.1    -6.1    -3.5    96.4    40.9    86.4   0.273   0.302   0.256   0.376   0.379     2.1     2.7     3.3     4.6     7.5
53877 20110111  2.402  -82.61   35.49     1.1    -4.7    -1.8    -1.4     0.0     2.89 R     2.7    -8.0    -1.7    96.8    60.3    87.5   0.276   0.305   0.257   0.376   0.379     2.5     2.9     3.4     4.5     7.4
53877 20110112  2.402  -82.61   35.49    -3.0    -7.3    -5.2    -5.4     0.0     7.54 R    -1.2   -10.9    -7.6    75.7    48.7    61.2   0.279   0.308   0.259   0.376   0.378     2.6     3.0     3.5     4.5     7.3
53877 20110113  2.402  -82.61   35.49    -1.6   -13.0    -7.3    -6.6     0.0    10.97 R    -1.0   -16.5    -9.2    89.9    45.6    66.3   0.276   0.306   0.258   0.377   0.378     2.4     2.9     3.4     4.5     7.3
53877 20110114  2.402  -82.61   35.49     2.0   -17.4    -7.7    -7.9     0.0    10.06 R     0.6   -19.4   -10.5    89.2    32.8    70.1   0.274   0.304   0.257   0.377   0.378     1.9     2.5     3.1     4.4     7.2
53877 20110115  2.402  -82.61   35.49     6.4    -9.9    -1.8    -2.7     0.0    10.46 R     1.8   -12.0    -5.2    92.7    28.2    69.7   0.274   0.304   0.257   0.377   0.378     1.7     2.3     2.9     4.2     7.1
53877 20110116  2.402  -82.61   35.49     8.7    -6.1     1.3    -0.3     0.0     9.97 R     6.5    -7.9    -2.6    96.1    45.6    78.8   0.290   0.315   0.264   0.378   0.378     1.6     2.1     2.7     4.0     7.0
53877 20110117  2.402  -82.61   35.49     4.8    -4.5     0.1     0.4     1.4     3.02 R     5.1    -5.6     0.0    98.0    59.5    84.6   0.294   0.319   0.268   0.382   0.378     1.7     2.1     2.7     3.9     6.9
53877 20110118  2.402  -82.61   35.49     8.3     0.4     4.3     2.9     0.2     5.67 R    19.3     0.6     4.5    98.3    76.5    93.8   0.292   0.325   0.268   0.382   0.380     3.2     3.2     3.3     4.0     6.7
53877 20110119  2.402  -82.61   35.49     8.4    -0.1     4.2     3.2     0.0     7.14 R    20.8    -2.1     4.3    98.5    65.4    84.5   0.284   0.319   0.264   0.382   0.389     4.4     4.3     4.3     4.4     6.7
53877 20110120  2.402  -82.61   35.49     8.3    -4.2     2.0     1.8     0.0     8.25 R    18.3    -5.5     2.2    96.1    49.8    77.5   0.278   0.311   0.260   0.381   0.389     3.8     4.0     4.3     4.7     6.6
53877 20110121  2.402  -82.61   35.49     0.6    -5.6    -2.5    -3.0     0.0    11.10 R    13.4    -7.3    -1.6    81.4    35.1    53.7   0.273   0.306   0.258   0.381   0.384     3.3     3.5     4.1     4.8     6.7
53877 20110122  2.402  -82.61   35.49     2.0    -9.1    -3.5    -3.9     0.0    10.99 R    16.7   -10.2    -2.2    76.8    23.2    46.9   0.269   0.302   0.256   0.381   0.381     2.3     2.7     3.3     4.5     6.7
53877 20110123  2.402  -82.61   35.49     4.7    -9.2    -2.3    -2.5     0.0     8.09 R    16.1    -9.7    -2.0    80.4    32.1    57.3   0.264   0.298   0.255   0.381   0.380     1.7     2.1     2.8     4.2     6.7
53877 20110124  2.402  -82.61   35.49     7.6    -5.4     1.1     0.7     0.0     9.96 R    21.4    -6.7     1.5    82.0    35.8    62.9   0.262   0.296   0.254   0.381   0.381     2.3     2.5     2.9     4.0     6.6
53877 20110125  2.402  -82.61   35.49     3.3    -4.9    -0.8    -0.2     6.9     1.65 R     9.1    -6.6     0.5    98.2    68.9    88.2   0.271   0.300   0.253   0.375   0.381     2.2     2.6     3.1     4.0     6.5
53877 20110126  2.402  -82.61   35.49     5.3    -1.6     1.9     2.3     9.8     4.36 R    13.4    -2.9     2.8    98.4    62.8    86.6   0.310   0.340   0.273   0.379   0.386     3.4     3.5     3.6     4.1     6.4
53877 20110127  2.402  -82.61   35.49     6.1    -4.8     0.7    -0.7     0.0    11.57 R    16.6    -6.0     0.7    94.3    40.1    73.8   0.291   0.326   0.265   0.383   0.395     3.3     3.4     3.7     4.3     6.4
53877 20110128  2.402  -82.61   35.49    10.0    -7.0     1.5     0.1     0.0     9.89 R    23.0    -7.5     0.0    95.0    33.6    71.1   0.282   0.314   0.261   0.381   0.396     2.7     2.9     3.4     4.3     6.4
53877 20110129  2.402  -82.61   35.49    17.3    -6.4     5.4     3.0     0.0    11.67 R    26.5    -7.4     2.5    94.4    26.6    67.6   0.275   0.308   0.258   0.380   0.397     3.0     3.1     3.4     4.2     6.3
53877 20110130  2.402  -82.61   35.49    19.7    -2.6     8.6     5.9     0.0    11.68 R    30.0    -4.2     5.7    93.1    18.8    65.9   0.270   0.303   0.257   0.379   0.397     4.1     4.0     4.0     4.3     6.3
53877 20110131  2.402  -82.61   35.49     9.1    -1.5     3.8     3.7     0.0     5.80 R    23.6    -3.0     4.4    94.9    55.3    76.1   0.265   0.299   0.255   0.379   0.392     4.5     4.5     4.6     4.7     6.3
53877 20110201  2.402  -82.61   35.49     6.0     1.2     3.6     3.5    26.7     1.59 R    12.0     1.9     4.5    97.3    87.2    93.2   0.273   0.304   0.257   0.380   0.383     4.6     4.7     4.8     5.0     6.3
53877 20110202  2.402  -82.61   35.49     9.1    -4.3     2.4     3.5     0.4    11.21 R    18.0    -4.0     4.7   100.0    54.6    78.4   0.310   0.345   0.305   0.391   0.396     5.5     5.4     5.3     5.2     6.4
53877 20110203  2.402  -82.61   35.49     5.9    -5.7     0.1    -0.5     0.0     9.84 R    18.7    -4.9     2.0    77.7    27.1    56.5   0.292   0.326   0.268   0.390   0.396     4.2     4.4     4.8     5.3     6.5
53877 20110204  2.402  -82.61   35.49     4.2     0.2     2.2     1.7    12.9     1.02 R    10.1     1.3     3.0    97.6    79.0    95.1   0.304   0.333   0.286   0.388   0.397     4.3     4.5     4.8     5.2     6.5
53877 20110205  2.402  -82.61   35.49    13.5    -2.0     5.8     5.0     1.0    12.94 R    23.3    -3.6     6.0    96.8    29.4    74.8   0.311   0.344   0.299   0.393   0.397     5.7     5.4     5.2     5.2     6.5
53877 20110206  2.402  -82.61   35.49     9.7    -3.0     3.4     1.2     0.0    13.08 R    21.0    -4.2     2.6    92.9    41.1    75.1   0.295   0.326   0.268   0.391   0.397     5.1     5.1     5.3     5.5     6.6
53877 20110207  2.402  -82.61   35.49     7.6    -5.6     1.0     0.3     0.0     4.51 R    12.9    -5.9     0.4    95.3    42.2    79.2   0.286   0.316   0.263   0.386   0.398     3.9     4.2     4.7     5.4     6.6
53877 20110208  2.402  -82.61   35.49     3.5    -5.7    -1.1    -0.8     0.4    13.26 R    17.6    -7.4     0.8    93.6    35.0    59.3   0.281   0.310   0.261   0.384   0.398     4.1     4.2     4.5     5.2     6.7
53877 20110209  2.402  -82.61   35.49     5.1    -9.6    -2.3    -2.5     0.5     7.91 R    21.2    -9.2    -0.8    91.2    31.0    61.6   0.276   0.306   0.259   0.383   0.398     2.8     3.2     3.8     4.9     6.6
53877 20110210  2.402  -82.61   35.49     3.6    -8.1    -2.2    -2.1     0.6    13.86 R    17.7    -8.9    -0.7    92.7    23.1    65.8   0.276   0.306   0.258   0.383   0.397     3.6     3.7     3.9     4.7     6.6
53877 20110211  2.402  -82.61   35.49     6.5   -11.2    -2.4    -3.3     0.0    12.81 R    22.4   -10.7    -1.9    89.6    35.4    68.4   0.276   0.305   0.257   0.381   0.386     2.7     2.9     3.5     4.6     6.5
53877 20110212  2.402  -82.61   35.49    10.2    -9.4     0.4    -0.9     0.0    14.71 R    24.3    -9.9    -0.3    90.1    18.6    59.0   0.271   0.301   0.255   0.376   0.383     2.7     2.8     3.2     4.3     6.4
53877 20110213  2.402  -82.61   35.49    15.3    -7.1     4.1     2.7     0.0    14.65 R    28.4    -8.1     2.7    93.4    17.2    57.2   0.266   0.298   0.253   0.375   0.382     3.4     3.2     3.4     4.2     6.3
53877 20110214  2.402  -82.61   35.49    19.6    -2.0     8.8     9.1     0.0    14.74 R    33.5    -4.5     7.3    78.0     8.9    35.8   0.261   0.294   0.251   0.374   0.382     4.6     4.3     4.2     4.4     6.3
53877 20110215  2.402  -82.61   35.49    13.8    -2.0     5.9     6.2     0.0    12.25 R    28.6    -5.1     5.8    83.3    21.7    45.1   0.255   0.289   0.249   0.374   0.381     5.2     5.0     4.9     4.9     6.2
53877 20110216  2.402  -82.61   35.49    16.2    -1.5     7.3     6.2     0.0    14.69 R    30.8    -3.7     7.0    84.2    28.9    52.6   0.247   0.285   0.247   0.373   0.381     5.8     5.5     5.3     5.2     6.3
53877 20110217  2.402  -82.61   35.49    18.0    -2.3     7.8     7.7     0.0    14.14 R    32.9    -3.6     8.0    94.5    45.0    71.9   0.239   0.280   0.245   0.373   0.380     6.4     6.1     5.8     5.6     6.4
53877 20110218  2.402  -82.61   35.49    21.6     1.0    11.3    10.9     0.0    10.94 R    39.5    -0.7    11.1    95.7    42.3    72.7   0.231   0.275   0.243   0.373   0.380     7.6     7.1     6.6     6.0     6.4
53877 20110219  2.402  -82.61   35.49    15.9     0.3     8.1     8.5     0.0    14.61 R    31.7    -2.3     8.4    90.9     7.5    44.5   0.223   0.271   0.240   0.373   0.380     8.3     7.8     7.5     6.6     6.6
53877 20110220  2.402  -82.61   35.49    14.0    -2.5     5.7     5.9     0.0     6.71 R    29.3    -3.7     5.6    65.0    11.2    34.0   0.215   0.266   0.237   0.372   0.380     6.6     6.7     6.8     6.8     6.8
53877 20110221  2.402  -82.61   35.49    23.2    -0.8    11.2    11.6     0.0    14.58 R    36.6    -2.3    11.5    84.7    21.3    52.3   0.205   0.261   0.235   0.372   0.379     7.6     7.2     6.9     6.6     6.9
53877 20110222  2.402  -82.61   35.49    16.8    -0.4     8.2     9.5     0.6    13.81 R    30.0    -2.2    10.0    94.7    45.2    69.3   0.198   0.256   0.233   0.371   0.379     9.3     8.8     8.3     7.2     7.1
53877 20110223  2.402  -82.61   35.49    14.5    -2.1     6.2     6.1     0.0    13.72 R    29.9    -3.4     8.0    94.9    40.6    68.2   0.193   0.252   0.230   0.371   0.379     8.1     7.8     7.8     7.5     7.2
53877 20110224  2.402  -82.61   35.49    14.1     5.1     9.6     9.1     1.9     6.72 R    24.9     2.9     9.7    97.0    51.4    73.4   0.189   0.249   0.228   0.371   0.378     8.5     8.3     8.0     7.6     7.4
53877 20110225  2.402  -82.61   35.49    17.8     0.4     9.1    10.5     5.1    15.59 R    31.0    -1.2    11.3    96.1    35.4    67.9   0.201   0.255   0.226   0.370   0.378    10.1     9.5     8.9     7.9     7.5
53877 20110226  2.402  -82.61   35.49    15.6    -3.5     6.1     4.6     0.0    16.76 R    29.4    -4.1     6.3    94.7    32.2    67.0   0.216   0.261   0.227   0.369   0.377     8.5     8.4     8.4     8.2     7.7
53877 20110227  2.402  -82.61   35.49    22.7    -1.9    10.4    11.4     0.0     8.53 R    34.8    -2.3    10.7    93.8    39.0    67.3   0.215   0.259   0.227   0.369   0.378     8.5     8.3     8.2     8.0     7.8
53877 20110228  2.402  -82.61   35.49    24.5     9.5    17.0    15.8    22.1     7.27 R    40.4     7.2    14.8    97.4    44.0    74.7   0.244   0.279   0.237   0.370   0.377    10.8    10.3     9.5     8.4     7.9
53877 20110301  2.402  -82.61   35.49    14.6     0.4     7.5     7.7     0.0    17.63 R    27.6    -0.7     9.5    91.9    28.2    59.7   0.297   0.315   0.255   0.375   0.377    10.7    10.3     9.9     9.0     8.1
53877 20110302  2.402  -82.61   35.49    16.5    -4.3     6.1     5.4     0.0    17.12 R    29.8    -4.2     6.8    93.9    25.2    63.1   0.285   0.305   0.251   0.377   0.378     9.4     9.2     9.3     9.0     8.2
53877 20110303  2.402  -82.61   35.49    14.2    -3.0     5.6     6.1     0.0    17.45 R    29.4    -3.7     8.0    94.6    26.5    54.3   0.274   0.296   0.249   0.377   0.378     9.0     8.9     8.9     8.7     8.4
53877 20110304  2.402  -82.61   35.49    10.9    -0.5     5.2     6.1     0.0    11.99 R    26.9    -1.5     8.2    69.7    28.6    52.1   0.263   0.289   0.247   0.377   0.378     8.8     8.7     8.8     8.7     8.5
53877 20110305  2.402  -82.61   35.49    12.0     7.1     9.6     9.3    19.7     1.71 R    16.1     6.9     9.6    96.9    64.2    86.8   0.280   0.301   0.251   0.377   0.377     9.0     9.0     8.9     8.7     8.5
53877 20110306  2.402  -82.61   35.49    12.3     0.7     6.5     5.5    67.1     6.03 R    16.9     1.8     7.0    97.0    68.3    85.8   0.399   0.385   0.343   0.390   0.393     9.0     9.0     9.0     8.8     8.6
53877 20110307  2.402  -82.61   35.49    11.0    -1.1     5.0     4.1     0.0    14.53 R    21.7    -1.5     5.9    81.5    24.6    54.3   0.333   0.357   0.283   0.392   0.395     8.2     8.2     8.3     8.5     8.6
53877 20110308  2.402  -82.61   35.49    11.0    -2.4     4.3     5.2     0.0    16.02 R    24.6    -2.5     7.6    88.0    30.9    54.4   0.313   0.330   0.264   0.390   0.395     8.2     8.2     8.2     8.4     8.7
53877 20110309  2.402  -82.61   35.49     8.4     4.3     6.4     6.4    46.1     1.28 R    14.0     5.0     7.0    97.5    40.4    85.9   0.379   0.352   0.310   0.390   0.396     7.9     8.1     8.2     8.4     8.7
53877 20110310  2.402  -82.61   35.49    10.0     0.3     5.2     6.4     7.3     7.81 R    18.8     2.0     7.8    97.7    52.8    81.5   0.396   0.375   0.350   0.394   0.397     8.5     8.5     8.4     8.3     8.7
53877 20110311  2.402  -82.61   35.49     7.2    -3.3     1.9     1.8     0.2    17.95 R    21.2    -3.5     4.8    89.6    41.6    66.3   0.339   0.356   0.293   0.394   0.398     8.3     8.2     8.3     8.3     8.7
53877 20110312  2.402  -82.61   35.49    19.7    -5.0     7.4     6.7     0.0    18.66 R    30.8    -4.3     7.9    94.3    22.1    61.4   0.318   0.333   0.268   0.390   0.397     8.2     7.9     8.0     8.2     8.7
53877 20110313  2.402  -82.61   35.49    20.6     2.1    11.3    10.6     0.0    16.44 R    32.9     0.8    11.0    89.1    34.5    62.9   0.302   0.320   0.262   0.385   0.397     9.6     9.2     8.8     8.3     8.7
53877 20110314  2.402  -82.61   35.49    16.2     2.2     9.2     9.1     0.0    10.76 R    26.2     1.7    10.0    95.1    29.2    63.2   0.290   0.312   0.259   0.384   0.397     9.7     9.4     9.2     8.7     8.7
53877 20110315  2.402  -82.61   35.49     8.8     4.1     6.5     5.5    18.4     4.18 R    12.7     4.9     7.3    96.7    57.3    85.1   0.324   0.336   0.272   0.390   0.397     9.1     9.1     9.2     8.9     8.7
53877 20110316  2.402  -82.61   35.49    11.3    -1.0     5.1     5.6     0.0    11.24 R    25.3    -1.1     7.5    97.9    59.1    83.4   0.323   0.340   0.270   0.393   0.398     9.2     9.1     9.0     8.8     8.8
53877 20110317  2.402  -82.61   35.49 -9999.0 -9999.0 -9999.0 -9999.0 -9999.0 -9999.00 U -9999.0 -9999.0 -9999.0 -9999.0 -9999.0 -9999.0 -99.000 -99.000 -99.000 -99.000 -99.000 -9999.0 -9999.0 -9999.0 -9999.0 -9999.0
53877 20110318  2.402  -82.61   35.49    27.3     1.1    14.2    13.4     0.0    18.79 R    37.0     1.0    14.0    95.9    25.8    66.8   0.309   0.312   0.260   0.386   0.397    11.1    10.7    10.1     9.2     8.9
53877 20110319  2.402  -82.61   35.49    21.7     7.2    14.4    14.7     0.0    14.33 R    36.1     5.8    15.2    91.7    32.8    61.3   0.297   0.301   0.257   0.386   0.397    12.2    11.8    11.1     9.8     9.0
53877 20110320  2.402  -82.61   35.49    14.8    10.1    12.5    11.9     0.0     9.35 R    33.2     7.9    12.8    70.5    32.1    52.7   0.287   0.293   0.253   0.385   0.394    12.1    12.0    11.6    10.4     9.2
53877 20110321  2.402  -82.61   35.49    25.9     5.9    15.9    15.5     0.0    17.65 R    36.9     5.1    15.7    92.6    19.2    56.2   0.274   0.284   0.250   0.377   0.384    12.8    12.4    11.8    10.6     9.3
53877 20110322  2.402  -82.61   35.49    26.5     7.0    16.8    16.8     0.0    16.67 R    37.7     6.0    16.1    90.3    12.5    51.2   0.256   0.273   0.245   0.377   0.382    13.3    13.0    12.4    11.0     9.6
53877 20110323  2.402  -82.61   35.49    24.4    11.3    17.9    17.8     7.4    13.86 R    37.3    10.1    17.2    96.0    31.9    56.9   0.236   0.262   0.240   0.376   0.381    14.1    13.8    13.0    11.5     9.8
53877 20110324  2.402  -82.61   35.49    14.1     2.4     8.2     8.4     0.2    14.35 R    28.4     3.3    10.3    88.7    46.5    60.0   0.253   0.270   0.238   0.376   0.381    13.0    13.1    12.9    11.8    10.0
53877 20110325  2.402  -82.61   35.49    15.3    -0.8     7.3     7.2     0.0    18.53 R    30.4     0.5    11.8    91.1    39.8    65.7   0.248   0.269   0.239   0.375   0.381    12.4    12.3    12.2    11.6    10.2
53877 20110326  2.402  -82.61   35.49     8.6     4.7     6.6     6.9    15.7     2.35 R    12.3     5.6     8.6    96.6    71.8    84.4   0.258   0.275   0.241   0.374   0.380    11.5    11.8    12.0    11.6    10.3
53877 20110327  2.402  -82.61   35.49     9.2     3.1     6.2     5.7     0.9     3.63 R    15.3     5.0     8.0    96.9    77.2    90.9   0.335   0.323   0.267   0.374   0.380    10.3    10.5    10.9    11.1    10.4
53877 20110328  2.402  -82.61   35.49     7.6     2.4     5.0     4.5     4.9     4.84 R    16.4     4.1     7.1    96.2    75.9    87.6   0.340   0.327   0.269   0.377   0.380     9.8    10.1    10.4    10.7    10.5
53877 20110329  2.402  -82.61   35.49    11.6     2.6     7.1     7.0     0.0    14.20 R    23.5     2.0     9.7    96.9    66.1    82.7   0.331   0.320   0.265   0.381   0.380    10.4    10.4    10.4    10.4    10.4
53877 20110330  2.402  -82.61   35.49     9.3     7.5     8.4     8.2    10.9     3.27 R    16.3     8.0     9.7    96.9    75.7    91.2   0.348   0.341   0.273   0.385   0.389    10.4    10.6    10.6    10.5    10.4
53877 20110331  2.402  -82.61   35.49     7.8     1.2     4.5     5.6     3.0     2.54 R    11.4     1.6     7.4    97.0    85.9    93.0   0.343   0.333   0.269   0.385   0.395    10.1    10.3    10.5    10.5    10.3
53877 20110401  2.402  -82.61   35.49    10.2     0.8     5.5     4.8     0.0    19.83 R    26.8     1.5     8.3    87.1    34.9    62.1   0.339   0.329   0.269   0.384   0.395    10.1    10.2    10.2    10.2    10.3
53877 20110402  2.402  -82.61   35.49    15.6     1.0     8.3     9.7     3.5    22.37 R    29.4     1.1    10.7    97.3    21.5    44.2   0.333   0.324   0.267   0.384   0.396    10.9    10.8    10.7    10.3    10.3
53877 20110403  2.402  -82.61   35.49    23.0    -0.6    11.2    12.2     0.0    22.33 R    33.4    -0.2    12.9    84.3    21.0    44.5   0.314   0.311   0.264   0.384   0.396    11.6    11.4    11.2    10.5    10.3
53877 20110404  2.402  -82.61   35.49    28.4     6.6    17.5    18.8     8.5    22.09 R    37.0     4.9    18.2    94.5    15.5    48.9   0.288   0.296   0.259   0.384   0.395    13.4    12.9    12.3    11.0    10.3
53877 20110405  2.402  -82.61   35.49    13.3     0.1     6.7     7.3    14.6    17.73 R    25.7     0.4     9.9    96.3    31.6    57.5   0.348   0.338   0.277   0.393   0.395    13.2    13.2    13.1    11.8    10.4
53877 20110406  2.402  -82.61   35.49 -9999.0 -9999.0 -9999.0 -9999.0 -9999.0 -9999.00 U -9999.0 -9999.0 -9999.0 -9999.0 -9999.0 -9999.0 -99.000 -99.000 -99.000 -99.000 -99.000 -9999.0 -9999.0 -9999.0 -9999.0 -9999.0
53877 20110407  2.402  -82.61   35.49    24.1    -0.4    11.8    12.4     0.0    22.78 R    33.8     0.6    13.8    90.0    20.0    50.9   0.293   0.304   0.263   0.387   0.397    12.7    12.5    12.4    11.6    10.8
53877 20110408  2.402  -82.61   35.49    25.8     5.6    15.7    15.6     0.0    16.21 R    38.0     5.2    16.0    88.0    41.2    65.6   0.271   0.290   0.258   0.386   0.398    13.7    13.5    13.1    11.9    10.8
53877 20110409  2.402  -82.61   35.49    29.0     9.9    19.5    18.7     3.4    14.62 R    34.7     9.3    18.5    96.9    30.3    71.5   0.253   0.279   0.253   0.386   0.393    14.8    14.5    13.9    12.4    11.0
53877 20110410  2.402  -82.61   35.49    28.6    12.3    20.4    20.1     0.0    20.97 R    36.9    11.6    20.6   100.0    35.0    72.5   0.239   0.273   0.247   0.381   0.384    16.5    16.0    15.0    13.0    11.1
53877 20110411  2.402  -82.61   35.49    27.6     9.9    18.7    19.5     0.0    19.12 R    33.9     9.2    19.4    95.4    36.9    64.0   0.221   0.263   0.242   0.378   0.381    16.8    16.5    15.8    13.8    11.3
53877 20110412  2.402  -82.61   35.49    19.6     6.3    12.9    11.8     6.2    10.74 R    30.4     7.8    13.8    97.1    48.4    75.8   0.227   0.260   0.238   0.378   0.381    16.1    16.1    15.8    14.2    11.6
53877 20110413  2.402  -82.61   35.49    19.0     3.8    11.4    10.8     0.0    20.78 R    30.2     3.8    12.8    88.3    22.5    59.0   0.231   0.262   0.236   0.377   0.381    14.9    14.9    14.9    14.0    11.9
53877 20110414  2.402  -82.61   35.49    21.1    -0.6    10.3    11.0     0.0    19.95 R    32.7     0.8    12.4    95.4    28.1    60.2   0.218   0.256   0.233   0.376   0.381    14.0    14.1    14.2    13.7    12.1
53877 20110415  2.402  -82.61   35.49    19.7     6.8    13.3    13.9    48.3     8.00 R    28.3     6.5    13.8    94.5    43.1    71.2   0.235   0.262   0.237   0.375   0.382    13.9    14.0    14.1    13.5    12.2
53877 20110416  2.402  -82.61   35.49    19.8     8.2    14.0    14.2    38.5    20.39 R    27.3     8.8    15.9    93.9    24.3    62.4   0.425   0.372   0.325   0.390   0.395    15.1    15.0    14.6    13.5    12.3
53877 20110417  2.402  -82.61   35.49    20.1     2.9    11.5    10.5     0.0    24.17 R    28.9     3.2    12.7    86.2    18.8    52.0   0.337   0.331   0.267   0.390   0.396    14.9    14.9    14.8    13.9    12.4
53877 20110418  2.402  -82.61   35.49    24.6     3.4    14.0    14.1     0.0    20.90 R    31.7     4.5    14.9    94.1    21.7    54.9   0.304   0.309   0.260   0.385   0.396    14.8    14.7    14.6    13.8    12.5
53877 20110419  2.402  -82.61   35.49    27.8     7.1    17.4    18.7     0.0    20.59 R    34.6     7.3    18.0    90.9    28.0    50.6   0.281   0.293   0.256   0.383   0.396    15.8    15.6    15.2    14.0    12.6
53877 20110420  2.402  -82.61   35.49    24.7    11.4    18.0    18.4     3.5    12.28 R    28.8    10.1    17.2    95.4    31.6    63.8   0.275   0.312   0.252   0.383   0.396    16.1    16.0    15.6    14.4    12.6
53877 20110421  2.402  -82.61   35.49    21.1    13.7    17.4    16.6     1.3    14.82 R    31.8    14.2    18.5    95.2    44.0    76.3   0.276   0.314   0.250   0.384   0.391    16.9    16.6    16.1    14.7    12.8
53877 20110422  2.402  -82.61   35.49    13.7     9.0    11.4    10.8     6.2     5.16 R    19.1    10.4    13.1    95.8    71.9    88.4   0.311   0.325   0.249   0.385   0.383    15.7    15.9    15.9    15.0    13.0
53877 20110423  2.402  -82.61   35.49    28.0     9.8    18.9    17.2     0.0    23.95 R    34.5     9.8    18.6    96.0    26.1    72.8   0.315   0.328   0.252   0.385   0.383    16.7    16.3    15.8    14.8    13.1
53877 20110424  2.402  -82.61   35.49    28.7     8.3    18.5    17.8     0.0    23.48 R    35.6     8.6    18.5    96.3    20.7    65.8   0.286   0.314   0.249   0.386   0.383    17.3    17.1    16.5    15.2    13.3
53877 20110425  2.402  -82.61   35.49    26.6     9.5    18.1    18.2     1.0    22.98 R    37.2     9.4    20.0    95.4    42.0    74.8   0.258   0.301   0.245   0.386   0.383    17.8    17.6    17.0    15.5    13.4
53877 20110426  2.402  -82.61   35.49    24.0    17.2    20.6    20.4     0.3    15.78 R    34.3    16.6    20.9    91.2    46.9    68.5   0.238   0.298   0.240   0.386   0.382    18.7    18.5    17.8    16.0    13.6
53877 20110427  2.402  -82.61   35.49    23.5    18.0    20.7    19.9    13.7    10.94 R    38.7    16.8    20.5    95.6    56.5    79.1   0.234   0.294   0.235   0.386   0.382    18.7    18.6    18.0    16.4    13.7
53877 20110428  2.402  -82.61   35.49    21.0     6.0    13.5    15.1    25.7    23.11 R    35.1     6.1    18.4    96.3    44.8    76.8   0.358   0.344   0.295   0.398   0.395    19.2    19.1    18.3    16.7    14.0
53877 20110429  2.402  -82.61   35.49    21.0     4.4    12.7    12.6     0.0    25.59 R    37.3     4.9    15.7    95.2    23.6    60.7   0.331   0.330   0.263   0.396   0.396    18.0    18.2    17.8    16.8    14.3
53877 20110430  2.402  -82.61   35.49    23.5     2.2    12.9    13.4     0.0    25.33 R    39.0     2.7    16.7    96.0    29.2    63.4   0.310   0.318   0.260   0.391   0.397    17.9    17.9    17.5    16.6    14.5
53877 20110501  2.402  -82.61   35.49    22.9     7.0    15.0    15.5     0.0    17.09 R    37.4     7.4    17.7    95.2    43.0    69.5   0.293   0.309   0.256   0.391   0.397    18.1    18.1    17.6    16.7    14.6
53877 20110502  2.402  -82.61   35.49    24.6    13.3    19.0    18.9     0.0    22.33 R    41.2    12.2    21.4    88.2    47.0    67.8   0.277   0.302   0.253   0.391   0.396    19.4    19.2    18.2    16.8    14.7
53877 20110503  2.402  -82.61   35.49    24.7     7.8    16.3    16.6    41.5    17.98 R    42.1     9.3    19.6    95.0    48.3    78.1   0.295   0.315   0.267   0.392   0.389    19.5    19.4    18.7    17.2    14.7
53877 20110504  2.402  -82.61   35.49    14.5     1.9     8.2     8.5     1.6    25.54 R    31.9     2.6    12.9    92.4    39.8    63.1   0.377   0.359   0.305   0.397   0.397    18.0    18.1    17.9    17.2    14.9
53877 20110505  2.402  -82.61   35.49    17.7    -1.5     8.1     8.6     0.0    26.40 R    34.9    -0.1    13.4    95.9    26.5    60.6   0.326   0.333   0.269   0.393   0.397    16.9    17.1    17.0    16.8    15.1
53877 20110506  2.402  -82.61   35.49    19.3    -0.4     9.5     9.0     0.0    18.96 R    38.3     1.1    12.7    96.1    36.8    72.5   0.311   0.319   0.265   0.389   0.398    16.5    16.7    16.7    16.4    15.1
53877 20110507  2.402  -82.61   35.49    21.8     1.0    11.4    12.0     0.0    22.18 R    38.4     2.0    16.2    96.0    36.9    71.0   0.294   0.311   0.262   0.389   0.398    17.0    16.9    16.6    16.2    15.1
53877 20110508  2.402  -82.61   35.49    25.5     8.6    17.0    17.2     0.0    22.20 R    42.0     8.5    20.4    95.6    33.7    69.9   0.274   0.303   0.257   0.388   0.396    18.8    18.5    17.6    16.4    15.0
53877 20110509  2.402  -82.61   35.49    26.3    10.3    18.3    18.0     0.0    23.58 R    42.5    10.1    21.2    95.6    38.6    71.7   0.254   0.295   0.251   0.383   0.385    19.8    19.5    18.5    16.9    15.0
53877 20110510  2.402  -82.61   35.49    27.7    10.0    18.9    18.9     4.6    20.52 R    42.3    10.0    21.9    95.4    46.8    75.9   0.234   0.286   0.245   0.380   0.383    20.2    19.9    19.0    17.4    15.2
53877 20110511  2.402  -82.61   35.49    27.4    12.3    19.8    19.1     1.5    21.05 R    40.3    12.7    22.5    96.7    53.4    84.6   0.239   0.280   0.239   0.379   0.383    21.2    20.8    19.7    17.9    15.3
53877 20110512  2.402  -82.61   35.49    27.6    15.8    21.7    19.9     3.7    16.74 R    43.2    15.4    23.2    96.6    51.5    87.1   0.239   0.227   0.235   0.373   0.384    21.8    21.5    20.5    18.5    15.5
53877 20110513  2.402  -82.61   35.49 -9999.0 -9999.0 -9999.0 -9999.0 -9999.0 -9999.00 U -9999.0 -9999.0 -9999.0 -9999.0 -9999.0 -9999.0 -99.000 -99.000 -99.000 -99.000 -99.000 -9999.0 -9999.0 -9999.0 -9999.0 -9999.0
53877 20110514  2.402  -82.61   35.49    22.4    13.2    17.8    16.7     1.8    15.66 R    36.3    13.5    19.9    96.9    55.7    86.9   0.320   0.280   0.257   0.363   0.387    21.0    20.9    20.4    18.9    15.9
53877 20110515  2.402  -82.61   35.49    19.6     9.6    14.6    14.2     0.0    18.47 R    39.9     9.8    18.4    95.6    55.3    78.5   0.308   0.273   0.256   0.362   0.387    20.3    20.4    20.1    18.9    16.1
53877 20110516  2.402  -82.61   35.49    15.1     9.5    12.3    12.0     0.8    10.67 R    24.1     9.4    14.9    92.0    65.8    78.5   0.297   0.265   0.255   0.362   0.387    18.5    18.9    19.1    18.6    16.3
53877 20110517  2.402  -82.61   35.49    10.4     6.4     8.4     8.0    14.5     5.45 R    18.5     8.3    10.6    93.3    74.9    87.3   0.331   0.285   0.266   0.364   0.387    16.5    17.1    17.7    17.9    16.4
53877 20110518  2.402  -82.61   35.49    13.7     6.0     9.8     9.4     0.0    10.27 R    30.4     8.0    12.8    95.4    66.3    82.9   0.338   0.289   0.270   0.371   0.386    15.9    16.3    16.6    17.0    16.4
53877 20110519  2.402  -82.61   35.49    20.4     5.8    13.1    13.0     0.0    21.63 R    38.1     6.4    17.3    96.5    52.3    77.8   0.318   0.278   0.266   0.373   0.387    17.3    17.2    16.9    16.7    16.2
53877 20110520  2.402  -82.61   35.49    22.3    10.5    16.4    15.1     0.0    13.20 R    39.1    11.2    17.6    95.5    56.3    80.9   0.304   0.270   0.263   0.374   0.387    17.8    17.8    17.6    16.9    16.1
53877 20110521  2.402  -82.61   35.49    27.1     8.9    18.0    18.3     0.0    23.95 R    40.5     9.2    21.8    96.3    43.9    74.5   0.288   0.260   0.259   0.373   0.387    19.3    19.0    18.2    17.1    16.1
53877 20110522  2.402  -82.61   35.49    29.4    11.7    20.5    19.8     1.2    24.08 R    42.6    11.7    23.3    96.3    37.4    75.7   0.266   0.248   0.252   0.369   0.387    20.8    20.4    19.5    17.8    16.1
53877 20110523  2.402  -82.61   35.49    28.3    12.3    20.3    19.2     0.0    20.67 R    40.2    12.5    22.3   100.0    37.6    83.4   0.249   0.237   0.246   0.364   0.387    21.2    21.0    20.2    18.4    16.1
53877 20110524  2.402  -82.61   35.49    29.6    13.0    21.3    20.3     0.0    23.93 R    46.8    13.0    23.9    95.7    29.5    68.7   0.233   0.227   0.240   0.363   0.386    21.7    21.5    20.6    18.8    16.3
53877 20110525  2.402  -82.61   35.49    29.0    10.2    19.6    20.5     0.0    21.81 R    51.1    10.5    24.7    95.5    40.5    67.3   0.220   0.218   0.233   0.362   0.386    21.8    21.7    20.8    19.2    16.5
53877 20110526  2.402  -82.61   35.49    26.8    14.9    20.9    21.6     4.7    19.87 R    48.6    16.0    25.4    96.2    39.1    63.1   0.210   0.210   0.226   0.361   0.386    22.3    22.2    21.3    19.5    16.7
53877 20110527  2.402  -82.61   35.49    22.5    13.9    18.2    17.4     3.6    15.10 R    38.9    15.1    21.1    96.4    67.7    87.8   0.209   0.208   0.222   0.361   0.387    21.6    21.7    21.0    19.7    16.9
53877 20110528  2.402  -82.61   35.49    26.4    13.0    19.7    19.3     0.0    23.00 R    49.1    13.4    25.4    96.7    48.9    78.6   0.214   0.212   0.220   0.360   0.386    22.5    22.4    21.4    19.7    17.1
53877 20110529  2.402  -82.61   35.49    29.5    13.3    21.4    20.6     0.0    24.84 R    51.8    13.7    27.2    97.6    38.3    78.4   0.211   0.209   0.217   0.358   0.386    23.5    23.2    22.0    20.1    17.2
53877 20110530  2.402  -82.61   35.49    30.7    13.6    22.1    21.4     0.0    23.82 R    54.7    14.1    27.3    96.1    42.1    75.9   0.203   0.203   0.212   0.357   0.386    24.0    23.8    22.6    20.6    17.4
53877 20110531  2.402  -82.61   35.49    31.2    13.3    22.2    22.1     0.0    24.59 R    55.0    14.0    27.8    95.2    40.1    73.2   0.189   0.192   0.205   0.356   0.386    24.3    24.1    22.9    21.0    17.6
53877 20110601  2.402  -82.61   35.49    30.8    14.6    22.7    23.1     0.0    25.28 R    52.9    14.8    28.7    95.8    48.6    74.4   0.173   0.181   0.197   0.354   0.386    24.8    24.5    23.3    21.3    17.8
53877 20110602  2.402  -82.61   35.49    30.2    16.1    23.2    21.9     0.0    19.89 R    54.3    16.2    27.3    95.5    50.1    78.7   0.159   0.171   0.188   0.353   0.386    24.8    24.7    23.6    21.6    18.0
53877 20110603  2.402  -82.61   35.49    29.2    14.7    21.9    21.2     0.0    21.57 R    54.3    15.1    26.8    95.2    41.2    72.0   0.148   0.163   0.181   0.351   0.386    24.3    24.2    23.4    21.7    18.2
53877 20110604  2.402  -82.61   35.49    30.0    12.2    21.1    20.6     0.0    25.47 R    54.5    12.7    26.8    95.5    32.0    69.0   0.137   0.154   0.174   0.349   0.386    24.2    24.1    23.3    21.7    18.4
53877 20110605  2.402  -82.61   35.49    31.3    12.4    21.8    21.8     0.0    24.10 R    55.7    13.0    28.0    94.8    36.5    66.8   0.127   0.144   0.166   0.346   0.385    24.3    24.1    23.3    21.7    18.5
53877 20110606  2.402  -82.61   35.49    29.5    15.2    22.4    21.5     0.0    25.27 R    57.0    15.1    28.6    94.4    39.6    73.6   0.118   0.135   0.158   0.343   0.385    24.8    24.7    23.7    21.9    18.7
53877 20110607  2.402  -82.61   35.49    31.4    13.4    22.4    22.2     0.0    25.94 R    56.1    13.6    29.0    95.3    25.9    70.3   0.111   0.127   0.151   0.340   0.385    24.9    24.7    23.8    22.1    18.9
53877 20110608  2.402  -82.61   35.49    31.6    15.3    23.5    21.7     0.0    19.88 R    60.1    15.6    27.6    95.2    32.7    74.7   0.105   0.121   0.144   0.337   0.385    24.9    24.8    24.0    22.3    18.9
53877 20110609  2.402  -82.61   35.49    31.5    13.5    22.5    20.5     0.9    20.38 R    61.5    13.9    27.0    96.3    37.1    77.1   0.101   0.116   0.139   0.334   0.385    24.4    24.3    23.7    22.2    19.0
53877 20110610  2.402  -82.61   35.49    30.5    13.1    21.8    20.8     0.0    24.17 R    55.7    13.7    27.6    96.1    32.3    73.5   0.099   0.112   0.135   0.331   0.385    24.4    24.3    23.6    22.2    19.1
53877 20110611  2.402  -82.61   35.49    31.0    14.3    22.6    21.2     0.3    21.74 R    58.8    14.5    27.7    95.2    37.8    78.2   0.096   0.108   0.131   0.328   0.384    24.6    24.5    23.8    22.3    19.3
53877 20110612  2.402  -82.61   35.49    29.0    15.1    22.1    19.5    26.9    14.82 R    61.6    15.2    24.3    96.6    48.5    87.2   0.122   0.160   0.148   0.331   0.390    23.5    23.6    23.4    22.3    19.4
53877 20110613  2.402  -82.61   35.49    26.8    15.2    21.0    20.3     0.0    21.51 R    48.0    15.7    24.9   100.0    45.7    78.4   0.168   0.217   0.180   0.340   0.401    23.4    23.5    23.0    22.0    19.4
53877 20110614  2.402  -82.61   35.49    25.4    11.3    18.4    17.6     0.0    18.89 R    52.2    12.2    22.6    95.7    46.5    74.9   0.161   0.202   0.179   0.340   0.387    22.8    23.0    22.9    21.9    19.5
53877 20110615  2.402  -82.61   35.49    24.1     9.1    16.6    15.8    35.6    14.59 R    44.4    10.3    20.1    96.6    53.4    85.0   0.178   0.219   0.192   0.344   0.386    21.2    21.6    21.9    21.6    19.5
53877 20110616  2.402  -82.61   35.49 -9999.0 -9999.0 -9999.0 -9999.0 -9999.0 -9999.00 U -9999.0 -9999.0 -9999.0 -9999.0 -9999.0 -9999.0 -99.000 -99.000 -99.000 -99.000 -99.000 -9999.0 -9999.0 -9999.0 -9999.0 -9999.0
53877 20110617  2.402  -82.61   35.49    25.6     9.9    17.7    17.8 -9999.0    14.42 R    37.7    11.3    21.2    95.6    50.3    82.2   0.230   0.245   0.232   0.356   0.397    21.4    21.6    21.6    21.0    19.4
53877 20110618  2.402  -82.61   35.49    29.1    14.6    21.8    19.0 -9999.0    17.52 R    47.2    15.2    23.2    96.4    50.3    85.4   0.241   0.254   0.231   0.356   0.398    22.2    22.2    21.9    21.0    19.4
53877 20110619  2.402  -82.61   35.49    24.9    13.9    19.4    18.7 -9999.0    14.66 R    38.3    15.3    21.4    96.8    67.7    90.6   0.281   0.285   0.248   0.358   0.389    21.9    22.0    21.8    21.1    19.4
53877 20110620  2.402  -82.61   35.49    27.2    16.9    22.0    21.0 -9999.0    17.48 R    40.7    16.9    23.5    96.5    53.2    81.5   0.276   0.278   0.253   0.364   0.386    22.5    22.5    22.1    21.1    19.4
53877 20110621  2.402  -82.61   35.49    30.0    15.2    22.6    20.9 -9999.0    18.59 R    47.8    15.6    24.3    96.4    50.9    87.6   0.278   0.280   0.253   0.363   0.386    23.2    23.1    22.6    21.3    19.4
53877 20110622  2.402  -82.61   35.49    28.9    17.3    23.1    21.9 -9999.0    20.26 R    42.4    17.8    25.5    96.4    48.4    82.9   0.280   0.282   0.256   0.363   0.385    23.9    23.8    23.1    21.7    19.5
53877 20110623  2.402  -82.61   35.49    23.9    15.9    19.9    19.5 -9999.0     9.91 R    29.1    16.5    21.7    96.4    64.8    91.6   0.290   0.287   0.260   0.364   0.385    23.1    23.3    23.0    21.9    19.5
53877 20110624  2.402  -82.61   35.49    28.1    14.6    21.3    19.6 -9999.0    17.24 R    42.3    15.1    22.3    96.3    49.7    84.4   0.289   0.286   0.261   0.365   0.384    22.9    22.9    22.6    21.8    19.7
53877 20110625  2.402  -82.61   35.49    27.3    14.1    20.7    20.2 -9999.0    25.93 R    41.0    15.0    23.9    96.0    35.0    72.9   0.269   0.273   0.257   0.366   0.385    23.1    23.1    22.7    21.7    19.7
53877 20110626  2.402  -82.61   35.49    27.2    15.9    21.6    20.5 -9999.0    17.06 R    39.1    17.2    23.4    95.5    59.5    84.4   0.251   0.260   0.250   0.366   0.384    23.2    23.2    22.9    21.9    19.7
53877 20110627  2.402  -82.61   35.49    29.1    16.0    22.5    21.6 -9999.0    16.38 R    44.7    16.4    23.9    96.1    59.4    84.6   0.240   0.251   0.245   0.362   0.384    23.4    23.4    23.0    21.9    19.8
53877 20110628  2.402  -82.61   35.49    29.8    16.4    23.1    21.2 -9999.0    17.29 R    41.2    16.7    23.7    96.3    53.5    86.3   0.261   0.263   0.250   0.362   0.387    23.5    23.5    23.1    22.1    19.9
53877 20110629  2.402  -82.61   35.49    27.4    14.4    20.9    20.9 -9999.0    24.89 R    38.9    14.9    23.4    96.4    36.9    76.4   0.280   0.278   0.260   0.367   0.399    23.7    23.6    23.2    22.2    20.0
53877 20110630  2.402  -82.61   35.49    28.5    11.9    20.2    19.8 -9999.0    26.04 R    40.7    12.9    22.8    95.6    37.8    73.5   0.248   0.260   0.252   0.367   0.400    23.3    23.3    23.1    22.2    20.0
53877 20110701  2.402  -82.61   35.49    29.6    13.1    21.4    20.5 -9999.0    25.99 R    39.8    14.0    23.5    94.9    29.0    71.6   0.221   0.244   0.245   0.365   0.399    23.6    23.6    23.2    22.2    20.1
53877 20110702  2.402  -82.61   35.49    30.7    13.1    21.9    21.4 -9999.0    25.73 R    41.2    13.8    24.2    95.3    26.0    73.4   0.194   0.229   0.237   0.360   0.387    23.8    23.7    23.3    22.3    20.2
53877 20110703  2.402  -82.61   35.49    30.5    15.8    23.2    22.5 -9999.0    22.87 R    40.1    16.2    24.8    94.8    34.6    75.6   0.172   0.214   0.228   0.358   0.384    24.3    24.1    23.6    22.5    20.3
53877 20110704  2.402  -82.61   35.49    29.7    16.0    22.9    20.4 -9999.0    13.02 R    41.4    16.1    21.9    95.8    56.2    88.8   0.162   0.202   0.219   0.357   0.384    23.7    23.8    23.5    22.7    20.4
53877 20110705  2.402  -82.61   35.49    26.8    15.8    21.3    20.5 -9999.0    15.65 R    36.7    16.3    22.4    96.3    63.4    86.8   0.165   0.200   0.213   0.356   0.385    23.3    23.3    23.1    22.5    20.4
53877 20110706  2.402  -82.61   35.49    28.5    17.6    23.0    21.3 -9999.0    14.11 R    38.9    17.7    23.6    96.6    54.0    85.8   0.164   0.199   0.208   0.355   0.384    23.6    23.6    23.2    22.4    20.4
53877 20110707  2.402  -82.61   35.49    29.3    15.4    22.4    21.0 -9999.0    19.34 R    44.6    15.5    24.3    96.2    50.6    85.6   0.160   0.193   0.203   0.354   0.384    24.2    24.0    23.4    22.5    20.5
53877 20110708  2.402  -82.61   35.49 -9999.0 -9999.0 -9999.0 -9999.0 -9999.0 -9999.00 U -9999.0 -9999.0 -9999.0 -9999.0 -9999.0 -9999.0 -99.000 -99.000 -99.000 -99.000 -99.000 -9999.0 -9999.0 -9999.0 -9999.0 -9999.0
53877 20110709  2.402  -82.61   35.49    30.5    17.7    24.1    23.4     2.9    22.27 R    42.6    17.9    26.6    96.4    48.1    81.3   0.187   0.203   0.199   0.352   0.384    25.4    25.1    24.2    22.9    20.6
53877 20110710  2.402  -82.61   35.49    28.6    20.5    24.5    23.9     0.0    18.46 R    41.2    20.6    26.5    96.1    63.5    84.8   0.187   0.200   0.198   0.350   0.384    25.9    25.7    24.8    23.3    20.7
53877 20110711  2.402  -82.61   35.49    31.6    19.5    25.5    25.0     0.0    25.14 R    44.7    19.7    28.3    95.7    50.0    79.9   0.176   0.192   0.195   0.349   0.383    26.6    26.2    25.2    23.6    20.8
53877 20110712  2.402  -82.61   35.49    31.0    20.4    25.7    24.6     0.0    17.07 R    41.7    20.5    26.3    95.2    53.1    77.2   0.164   0.182   0.191   0.347   0.383    26.2    26.1    25.3    24.0    21.0
53877 20110713  2.402  -82.61   35.49    31.4    18.8    25.1    23.6     6.0    19.70 R    44.0    18.7    25.9    95.5    49.0    83.3   0.162   0.179   0.186   0.345   0.382    26.0    25.9    25.3    24.0    21.1
53877 20110714  2.402  -82.61   35.49    26.5    18.6    22.5    22.1     0.0    10.45 R    36.2    19.0    23.7    95.5    66.8    81.7   0.169   0.183   0.185   0.344   0.381    25.1    25.2    24.9    24.0    21.3
53877 20110715  2.402  -82.61   35.49    21.0    16.2    18.6    17.8     2.7     3.70 R    22.3    17.6    19.8    95.8    79.2    90.0   0.176   0.183   0.184   0.343   0.381    23.5    23.9    24.0    23.7    21.3
53877 20110716  2.402  -82.61   35.49    22.1    14.6    18.3    18.2     0.0    10.02 R    30.6    14.8    20.5    95.0    63.1    85.5   0.180   0.186   0.184   0.342   0.381    22.7    23.0    23.0    23.0    21.3
53877 20110717  2.402  -82.61   35.49    26.8    14.0    20.4    20.3     0.0    20.61 R    42.5    14.4    24.0    95.5    51.2    79.4   0.176   0.183   0.184   0.342   0.381    23.6    23.5    23.1    22.6    21.3
53877 20110718  2.402  -82.61   35.49    29.8    17.9    23.9    22.9     0.0    21.48 R    43.7    17.9    26.0    94.8    44.9    76.2   0.166   0.174   0.182   0.341   0.381    25.1    24.9    24.0    22.9    21.3
53877 20110719  2.402  -82.61   35.49    30.3    16.7    23.5    23.4     0.0    19.24 R    43.2    16.5    25.9    95.1    51.6    79.2   0.155   0.164   0.178   0.339   0.381    25.2    25.1    24.3    23.2    21.3
53877 20110720  2.402  -82.61   35.49    32.0    19.2    25.6    24.9     0.0    23.41 R    46.0    18.9    27.9    95.6    44.4    76.1   0.142   0.154   0.172   0.338   0.381    26.2    25.9    24.9    23.5    21.3
53877 20110721  2.402  -82.61   35.49    31.7    18.3    25.0    24.6     0.0    20.15 R    44.9    18.2    27.4    95.0    44.3    77.5   0.131   0.145   0.164   0.337   0.381    26.3    26.1    25.2    23.9    21.3
53877 20110722  2.402  -82.61   35.49    30.7    18.6    24.7    23.6     0.4    17.85 R    46.7    18.4    26.3    95.2    56.1    82.9   0.124   0.138   0.159   0.336   0.380    26.2    26.1    25.3    24.1    21.5
53877 20110723  2.402  -82.61   35.49    32.0    18.5    25.3    24.7     0.0    19.88 R    49.1    18.2    27.8    95.9    48.9    77.5   0.119   0.133   0.154   0.333   0.379    26.2    26.1    25.3    24.1    21.5
53877 20110724  2.402  -82.61   35.49    30.9    19.3    25.1    24.5     2.6    18.66 R    49.0    18.7    27.6    95.7    47.3    78.1   0.114   0.127   0.148   0.332   0.379    26.5    26.3    25.5    24.3    21.6
53877 20110725  2.402  -82.61   35.49    29.3    19.1    24.2    22.2    10.0    14.44 R    41.2    19.3    24.8    96.1    59.3    88.7   0.134   0.143   0.146   0.330   0.379    25.9    25.9    25.4    24.3    21.7
53877 20110726  2.402  -82.61   35.49    29.7    18.1    23.9    23.1     0.0    22.58 R    41.1    18.3    25.8    96.4    51.8    82.2   0.163   0.164   0.151   0.329   0.379    25.9    25.8    25.2    24.2    21.8
53877 20110727  2.402  -82.61   35.49    31.4    15.7    23.6    22.9     0.0    24.51 R    42.2    15.8    25.5    95.6    33.1    74.9   0.145   0.151   0.150   0.328   0.379    26.1    26.0    25.3    24.3    21.9
53877 20110728  2.402  -82.61   35.49    31.6    15.5    23.6    23.1     0.0    21.03 R    43.8    15.4    25.4    95.1    39.1    76.3   0.128   0.139   0.148   0.326   0.379    25.8    25.7    25.2    24.3    21.9
53877 20110729  2.402  -82.61   35.49    32.1    16.6    24.3    23.6     0.0    22.31 R    45.5    16.3    26.4    95.2    39.5    76.5   0.117   0.129   0.144   0.325   0.379    26.1    25.9    25.3    24.3    22.0
53877 20110730  2.402  -82.61   35.49    32.4    18.2    25.3    25.0     0.0    22.79 R    48.0    17.9    28.4    95.2    38.1    73.0   0.109   0.120   0.139   0.324   0.378    26.5    26.3    25.5    24.3    22.1
53877 20110731  2.402  -82.61   35.49    30.7    19.8    25.3    23.7     5.5    16.67 R    50.0    19.4    26.6    95.2    51.3    83.7   0.120   0.120   0.135   0.322   0.378    26.3    26.2    25.7    24.5    22.1
53877 20110801  2.402  -82.61   35.49    31.3    18.1    24.7    23.7     0.0    22.45 R    43.1    17.9    26.4    95.7    35.7    75.7   0.123   0.120   0.134   0.320   0.377    26.3    26.2    25.6    24.5    22.1
53877 20110802  2.402  -82.61   35.49    32.2    15.1    23.6    22.8     0.0    24.25 R    46.1    15.0    25.8    94.9    22.7    69.3   0.107   0.112   0.131   0.318   0.378    25.8    25.7    25.3    24.4    22.2
53877 20110803  2.402  -82.61   35.49    33.2    12.8    23.0    22.9     0.0    24.42 R    50.6    12.3    26.8    95.1    30.7    70.7   0.100   0.104   0.125   0.316   0.377    25.5    25.4    25.1    24.3    22.2
53877 20110804  2.402  -82.61   35.49    31.5    19.9    25.7    24.8     0.4    17.83 R    46.2    19.8    27.7    95.5    50.3    77.6   0.096   0.099   0.122   0.312   0.377    26.2    26.0    25.5    24.4    22.2
53877 20110805  2.402  -82.61   35.49    31.2    19.3    25.2    24.4     0.0    15.31 R    48.8    18.9    27.2    94.7    52.1    78.2   0.094   0.095   0.118   0.309   0.376    25.9    25.9    25.4    24.4    22.3
53877 20110806  2.402  -82.61   35.49    28.9    19.2    24.0    22.9     6.2    12.37 R    45.2    18.4    25.2    95.7    58.5    86.9   0.105   0.101   0.116   0.306   0.376    25.3    25.5    25.2    24.4    22.3
53877 20110807  2.402  -82.61   35.49    31.5    18.0    24.7    23.9     0.0    17.18 R    41.8    18.1    25.6    96.1    47.6    78.9   0.113   0.104   0.117   0.304   0.375    25.4    25.4    25.0    24.2    22.3
53877 20110808  2.402  -82.61   35.49    33.1    18.3    25.7    23.1     6.4    19.33 R    46.6    17.8    26.2    95.9    35.8    80.4   0.120   0.109   0.117   0.302   0.375    25.6    25.6    25.2    24.3    22.3
53877 20110809  2.402  -82.61   35.49    30.3    18.4    24.4    23.3     0.0    20.13 R    39.7    17.8    25.5    96.1    35.1    76.9   0.130   0.113   0.118   0.301   0.374    25.4    25.4    25.1    24.3    22.3
53877 20110810  2.402  -82.61   35.49    30.6    16.2    23.4    22.7     0.0    24.02 R    43.2    15.6    25.4    95.7    25.6    67.8   0.108   0.106   0.117   0.299   0.374    25.1    25.1    24.9    24.2    22.4
53877 20110811  2.402  -82.61   35.49    28.7    17.2    23.0    22.0     0.2    15.38 R    45.0    16.8    24.3    94.4    45.9    79.7   0.098   0.099   0.114   0.296   0.373    24.7    24.9    24.7    24.1    22.4
53877 20110812  2.402  -82.61   35.49    29.7    15.4    22.5    21.2     1.2    18.95 R    47.3    15.2    24.9    95.7    46.7    80.8   0.095   0.095   0.112   0.294   0.372    24.4    24.5    24.4    23.9    22.4
53877 20110813  2.402  -82.61   35.49    29.0    16.5    22.7    21.5     3.6    18.56 R    45.5    16.2    24.3    95.9    53.9    82.6   0.099   0.092   0.110   0.291   0.371    24.6    24.6    24.4    23.8    22.3
53877 20110814  2.402  -82.61   35.49    28.4    16.3    22.3    21.3     7.5    17.75 R    37.8    15.9    23.7    95.9    45.1    83.7   0.152   0.128   0.113   0.289   0.371    24.7    24.8    24.5    23.8    22.3
53877 20110815  2.402  -82.61   35.49    25.0    14.2    19.6    18.8     0.0    19.03 R    36.3    13.9    20.7    95.5    46.9    75.3   0.130   0.119   0.114   0.288   0.371    23.5    23.8    24.0    23.7    22.3
53877 20110816  2.402  -82.61   35.49    27.7    12.5    20.1    19.3     0.0    23.72 R    40.2    11.9    22.1    95.6    35.3    74.2   0.110   0.112   0.113   0.288   0.370    23.1    23.3    23.4    23.3    22.3
53877 20110817  2.402  -82.61   35.49    28.0    11.6    19.8    20.1     0.0    21.39 R    44.1    11.3    23.1    94.9    39.6    73.4   0.098   0.102   0.111   0.286   0.370    23.1    23.2    23.3    23.1    22.2
53877 20110818  2.402  -82.61   35.49    28.6    16.8    22.7    20.7     1.7    17.23 R    44.6    16.2    23.4    95.5    47.4    82.4   0.095   0.095   0.109   0.285   0.369    23.7    23.7    23.6    23.1    22.1
53877 20110819  2.402  -82.61   35.49    30.5    16.5    23.5    22.2     0.4    21.27 R    43.1    16.2    25.2    95.8    41.3    76.3   0.094   0.091   0.108   0.282   0.370    24.0    24.0    23.8    23.1    22.1
53877 20110820  2.402  -82.61   35.49    30.9    17.3    24.1    22.2     0.4    18.46 R    48.8    17.1    25.4    94.8    43.4    80.3   0.092   0.088   0.104   0.279   0.369    24.4    24.4    24.1    23.3    22.0
53877 20110821  2.402  -82.61   35.49    29.4    15.1    22.3    21.7     0.0    13.81 R    42.0    14.8    23.5    96.0    56.0    81.3   0.089   0.085   0.101   0.276   0.369    23.7    23.9    23.9    23.3    22.0
53877 20110822  2.402  -82.61   35.49    28.6    13.8    21.2    21.5     0.0    21.37 R    47.2    12.7    24.8    95.4    40.8    72.5   0.087   0.082   0.098   0.272   0.368    23.9    24.0    23.8    23.2    22.0
53877 20110823  2.402  -82.61   35.49    26.8     9.5    18.2    17.7     0.0    23.45 R    46.2     8.9    21.9    95.0    32.0    69.0   0.083   0.078   0.092   0.268   0.367    22.9    23.1    23.3    23.1    22.0
53877 20110824  2.402  -82.61   35.49    29.0     9.7    19.4    19.7     0.0    20.02 R    47.4     9.8    23.6    94.7    47.7    75.2   0.081   0.074   0.088   0.264   0.367    22.8    22.9    23.0    22.8    22.0
53877 20110825  2.402  -82.61   35.49    31.7    15.1    23.4    22.7     0.0    19.60 R    49.9    14.5    26.4    95.4    38.6    74.4   0.079   0.071   0.085   0.261   0.366    23.9    23.8    23.5    22.8    21.9
53877 20110826  2.402  -82.61   35.49    31.2    16.3    23.7    23.0     0.0    16.56 R    50.9    15.7    26.5    95.2    44.0    76.4   0.076   0.068   0.082   0.255   0.366    24.2    24.2    23.9    23.0    21.9
53877 20110827  2.402  -82.61   35.49    27.9    18.0    23.0    22.7     0.0    16.88 R    48.1    16.2    25.4    95.3    44.8    67.8   0.075   0.067   0.080   0.250   0.365    24.2    24.3    24.1    23.2    21.8
53877 20110828  2.402  -82.61   35.49    28.3    14.1    21.2    21.3     0.0    22.40 R    49.8    12.2    25.0    85.3    32.1    56.7   0.072   0.064   0.078   0.244   0.364    23.8    23.9    23.8    23.1    21.9
53877 20110829  2.402  -82.61   35.49    29.0    10.8    19.9    19.2     0.0    19.45 R    51.4    10.3    23.2    93.5    34.0    64.8   0.069   0.062   0.075   0.240   0.364    23.2    23.4    23.5    23.0    21.9
53877 20110830  2.402  -82.61   35.49    28.5    14.5    21.5    20.5     0.0    20.93 R    49.1    13.8    25.5    92.0    42.9    70.3   0.067   0.060   0.075   0.235   0.363    23.7    23.7    23.6    22.9    21.9
53877 20110831  2.402  -82.61   35.49    30.5    16.0    23.3    22.2     0.0    19.12 R    50.2    15.1    26.1    94.0    32.8    69.1   0.066   0.058   0.073   0.231   0.361    24.1    24.1    23.9    23.0    21.8
53877 20110901  2.402  -82.61   35.49    31.9    14.2    23.0    21.9     0.0    19.63 R    51.4    13.7    26.2    94.4    35.0    71.8   0.064   0.057   0.072   0.229   0.361    24.3    24.3    24.0    23.1    21.8
53877 20110902  2.402  -82.61   35.49    32.6    14.5    23.5    21.7     2.7    16.45 R    53.0    14.1    25.3    95.1    37.2    81.8   0.066   0.056   0.071   0.226   0.360    24.2    24.3    24.1    23.2    21.9
53877 20110903  2.402  -82.61   35.49    31.9    15.5    23.7    22.5     0.0    18.10 R    49.3    15.6    25.8    95.3    40.4    74.4   0.066   0.056   0.071   0.225   0.359    24.3    24.4    24.1    23.2    21.9
53877 20110904  2.402  -82.61   35.49    29.3    16.2    22.8    21.7     0.0    14.56 R    49.2    15.6    25.2    95.1    49.6    80.4   0.065   0.056   0.071   0.222   0.358    24.1    24.2    24.0    23.3    21.9
53877 20110905  2.402  -82.61   35.49    22.2    18.6    20.4    20.3    64.0     3.48 R    28.0    19.2    21.2    95.6    83.7    92.2   0.136   0.148   0.097   0.225   0.357    22.9    23.3    23.5    23.2    21.9
53877 20110906  2.402  -82.61   35.49    23.4    14.3    18.8    19.4    18.4    11.08 R    34.0    15.3    21.4    93.6    60.3    82.0   0.246   0.269   0.232   0.320   0.382    22.8    23.0    23.1    22.8    21.9
53877 20110907  2.402  -82.61   35.49    19.7    13.7    16.7    16.3     1.4    10.20 R    30.1    14.9    19.0    95.3    66.6    84.4   0.232   0.252   0.231   0.328   0.376    21.8    22.2    22.5    22.6    21.9
53877 20110908  2.402  -82.61   35.49    21.9    13.1    17.5    16.5     0.0    10.36 R    34.8    13.7    18.9    95.4    61.6    83.3   0.227   0.248   0.232   0.327   0.365    21.5    21.8    22.1    22.2    21.9
53877 20110909  2.402  -82.61   35.49    23.7    11.0    17.3    16.7     0.0    14.59 R    35.8    11.4    18.8    95.4    50.2    78.6   0.216   0.239   0.230   0.326   0.365    21.1    21.4    21.7    21.9    21.8
53877 20110910  2.402  -82.61   35.49    24.8     9.4    17.1    16.3     0.0    21.22 R    35.5     9.3    18.5    95.5    39.7    74.2   0.202   0.228   0.225   0.325   0.365    20.8    21.1    21.4    21.6    21.7
53877 20110911  2.402  -82.61   35.49    25.4     8.4    16.9    16.5     0.0    18.98 R    35.6     8.6    18.6    96.1    29.9    75.4   0.186   0.216   0.219   0.323   0.365    20.7    21.0    21.2    21.4    21.5
53877 20110912  2.402  -82.61   35.49    25.2    11.4    18.3    17.6     0.0    18.05 R    35.5    11.5    19.6    95.2    43.1    77.7   0.172   0.206   0.211   0.321   0.364    21.0    21.3    21.3    21.3    21.4
53877 20110913  2.402  -82.61   35.49    26.6     9.5    18.0    17.1     0.0    20.14 R    35.7     9.5    18.7    95.3    33.7    76.0   0.156   0.196   0.204   0.319   0.364    20.9    21.1    21.3    21.3    21.3
53877 20110914  2.402  -82.61   35.49    28.4     8.5    18.4    17.4     0.0    19.68 R    35.4     8.4    18.6    95.0    22.3    72.9   0.139   0.186   0.197   0.318   0.365    20.6    20.8    21.0    21.2    21.3
53877 20110915  2.402  -82.61   35.49    23.0    11.4    17.2    16.2     0.0    10.18 R    32.9    11.2    17.6    94.9    59.7    79.6   0.130   0.179   0.191   0.316   0.365    20.2    20.5    20.9    21.0    21.2
53877 20110916  2.402  -82.61   35.49    14.5     9.8    12.1    12.1     0.0     7.96 R    21.0     9.4    14.1    92.3    55.1    68.8   0.124   0.174   0.186   0.314   0.365    19.1    19.6    20.3    20.8    21.1
53877 20110917  2.402  -82.61   35.49    20.0     9.6    14.8    13.6     0.0    14.27 R    30.3    10.9    16.2    86.5    59.5    76.4   0.119   0.168   0.182   0.312   0.365    18.8    19.1    19.6    20.3    21.0
53877 20110918  2.402  -82.61   35.49    17.5    12.4    15.0    14.1     0.0     7.56 R    25.3    13.4    16.1    88.3    66.6    79.3   0.114   0.164   0.178   0.310   0.365    18.9    19.2    19.6    20.0    20.9
53877 20110919  2.402  -82.61   35.49    19.1    12.6    15.8    14.7     0.0    11.22 R    30.9    11.9    16.8    93.3    63.4    77.2   0.110   0.159   0.174   0.308   0.365    18.9    19.2    19.5    19.9    20.7
53877 20110920  2.402  -82.61   35.49    19.4    11.4    15.4    15.5     1.2     4.15 R    21.7    11.3    16.4    95.5    82.5    92.3   0.110   0.156   0.170   0.305   0.365    18.6    19.0    19.4    19.8    20.5
53877 20110921  2.402  -82.61   35.49    22.1    16.9    19.5    18.6    13.6     7.58 R    30.7    17.3    19.8    95.8    77.6    92.2   0.180   0.197   0.175   0.305   0.364    19.7    19.7    19.7    19.8    20.5
53877 20110922  2.402  -82.61   35.49    24.0    16.7    20.4    19.9     5.5     9.69 R    30.8    16.4    20.7    95.7    67.2    86.3   0.199   0.216   0.182   0.303   0.364    20.5    20.5    20.3    20.0    20.3
53877 20110923  2.402  -82.61   35.49    25.2    15.0    20.1    18.6    18.6    13.87 R    32.2    15.1    20.1    95.9    57.0    86.1   0.263   0.269   0.234   0.317   0.365    20.8    20.8    20.7    20.3    20.3
53877 20110924  2.402  -82.61   35.49    23.0    13.5    18.3    17.3     0.0    13.05 R    30.9    13.2    19.0    95.2    62.8    84.8   0.237   0.251   0.233   0.327   0.365    20.6    20.7    20.7    20.5    20.3
53877 20110925  2.402  -82.61   35.49    26.6    15.9    21.3    21.1     0.0    16.90 R    32.9    15.0    21.7    95.3    44.2    76.1   0.220   0.240   0.229   0.325   0.365    21.0    21.1    20.9    20.5    20.3
53877 20110926  2.402  -82.61   35.49    26.0    17.3    21.7    21.2     3.7    16.31 R    33.2    16.5    22.4    95.3    57.0    79.7   0.210   0.230   0.225   0.324   0.366    21.9    21.8    21.5    20.8    20.3
53877 20110927  2.402  -82.61   35.49    25.4    13.5    19.5    17.7     0.0    12.94 R    30.6    13.1    18.8    96.1    45.6    84.3   0.221   0.232   0.224   0.322   0.371    21.4    21.5    21.5    21.1    20.4
53877 20110928  2.402  -82.61   35.49    23.9     8.6    16.2    15.1     0.0    14.79 R    30.2     8.3    15.9    95.4    45.4    80.0   0.203   0.226   0.222   0.321   0.371    20.0    20.4    20.7    20.9    20.4
53877 20110929  2.402  -82.61   35.49    24.0     8.2    16.1    15.0     0.0    17.51 R    31.2     8.1    15.9    95.3    40.5    78.2   0.185   0.218   0.218   0.320   0.371    19.4    19.7    20.1    20.5    20.5
53877 20110930  2.402  -82.61   35.49    21.0     8.6    14.8    13.5     0.0    15.90 R    28.8     7.6    14.7    95.2    34.1    69.5   0.168   0.209   0.213   0.319   0.371    18.7    19.1    19.6    20.1    20.4
53877 20111001  2.402  -82.61   35.49    11.6     5.1     8.4     8.4     0.0    15.82 R    24.4     3.5    10.3    73.4    43.9    56.3   0.150   0.201   0.208   0.318   0.371    17.0    17.7    18.7    19.6    20.3
53877 20111002  2.402  -82.61   35.49    13.7     4.2     8.9     8.5     0.0    18.19 R    23.9     2.7    10.4    82.9    33.1    60.4   0.135   0.194   0.202   0.317   0.371    16.3    16.8    17.9    19.0    20.2
53877 20111003  2.402  -82.61   35.49    18.2     1.5     9.9     9.8     0.0    16.63 R    26.3     0.7    10.1    92.0    28.8    62.2   0.124   0.187   0.198   0.315   0.371    15.5    16.0    17.1    18.3    20.0
53877 20111004  2.402  -82.61   35.49    21.6     2.9    12.2    11.6     0.0    17.42 R    29.4     2.3    12.3    94.7    36.5    71.1   0.115   0.180   0.192   0.313   0.370    15.7    16.1    16.8    17.8    19.7
53877 20111005  2.402  -82.61   35.49    25.4     2.8    14.1    12.6     0.0    17.37 R    37.7     2.3    13.7    95.3    29.3    74.0   0.111   0.174   0.187   0.312   0.370    16.1    16.4    16.9    17.7    19.5
53877 20111006  2.402  -82.61   35.49    22.7     4.7    13.7    12.9     0.0    16.90 R    37.9     4.0    15.3    95.2    41.3    76.8   0.112   0.171   0.183   0.311   0.370    16.8    17.0    17.2    17.7    19.3
53877 20111007  2.402  -82.61   35.49    22.9     4.9    13.9    12.5     0.0    17.23 R    37.7     4.2    14.8    95.3    36.2    76.9   0.111   0.168   0.179   0.309   0.370    17.0    17.2    17.3    17.8    19.1
53877 20111008  2.402  -82.61   35.49    21.5     2.4    12.0    10.9     0.0    17.28 R    37.0     1.6    13.6    95.7    34.2    75.8   0.109   0.165   0.176   0.308   0.370    16.6    16.9    17.2    17.7    19.0
53877 20111009  2.402  -82.61   35.49    17.9     7.4    12.6    12.8     0.0     7.82 R    30.8     6.9    14.5    94.6    59.8    81.4   0.109   0.162   0.173   0.306   0.370    16.5    16.8    17.1    17.6    18.9
53877 20111010  2.402  -82.61   35.49    20.5    12.4    16.4    15.7     0.3     8.30 R    37.0    11.4    17.4    94.2    55.6    76.4   0.110   0.161   0.170   0.305   0.370    17.3    17.4    17.4    17.6    18.8
53877 20111011  2.402  -82.61   35.49    15.1    12.1    13.6    13.2    22.7     2.59 R    21.3    12.7    14.5    96.1    78.5    92.7   0.153   0.171   0.172   0.304   0.370    17.0    17.3    17.6    17.8    18.7
53877 20111012  2.402  -82.61   35.49    23.0    11.3    17.1    16.7     0.0    15.42 R    34.0    10.8    19.2    96.1    51.8    81.7   0.250   0.255   0.203   0.301   0.370    17.9    17.8    17.6    17.7    18.6
53877 20111013  2.402  -82.61   35.49    21.5    11.9    16.7    16.0     7.9    11.34 R    35.9    12.6    18.5    95.7    56.4    85.6   0.240   0.251   0.212   0.302   0.370    18.7    18.8    18.5    18.1    18.6
53877 20111014  2.402  -82.61   35.49    20.3     8.2    14.2    14.8     0.0    16.28 R    33.3     7.2    15.4    95.7    26.8    56.8   0.251   0.262   0.227   0.302   0.370    17.8    18.1    18.3    18.3    18.6
53877 20111015  2.402  -82.61   35.49    21.4     2.7    12.0    10.4     0.0    15.89 R    33.4     2.8    12.1    94.6    17.7    63.1   0.230   0.249   0.225   0.303   0.370    16.5    16.9    17.4    18.0    18.6
53877 20111016  2.402  -82.61   35.49    26.3     0.7    13.5    11.2     0.0    15.58 R    36.1     1.7    12.7    94.7    18.4    66.8   0.214   0.239   0.222   0.305   0.370    15.8    16.1    16.6    17.4    18.5
53877 20111017  2.402  -82.61   35.49    27.1     5.0    16.0    14.8     0.0    14.97 R    37.3     4.6    15.7    94.3    28.9    70.3   0.200   0.231   0.219   0.305   0.369    16.5    16.6    16.7    17.2    18.4
53877 20111018  2.402  -82.61   35.49    25.2     5.1    15.1    14.5     6.5    13.08 R    36.5     4.5    16.1    95.4    32.0    76.4   0.192   0.226   0.215   0.305   0.369    16.7    16.9    17.0    17.3    18.3
53877 20111019  2.402  -82.61   35.49    18.4     4.6    11.5    11.5    18.8     5.07 R    27.8     4.8    13.0    95.5    63.2    85.5   0.262   0.268   0.236   0.319   0.369    16.8    17.1    17.3    17.4    18.2
53877 20111020  2.402  -82.61   35.49    11.9     3.0     7.4     7.1     0.0    12.10 R    28.0     2.3     9.2    88.6    49.5    65.1   0.252   0.261   0.241   0.332   0.369    14.8    15.3    16.2    17.1    18.2
53877 20111021  2.402  -82.61   35.49    13.5     0.6     7.0     6.3     0.0    15.07 R    27.2     0.6     8.5    94.2    40.9    70.6   0.237   0.253   0.238   0.330   0.369    13.9    14.4    15.3    16.4    18.1
53877 20111022  2.402  -82.61   35.49    16.9    -2.0     7.4     5.9     0.0    14.64 R    28.9    -1.7     7.9    95.8    33.9    73.9   0.225   0.246   0.234   0.330   0.370    13.2    13.6    14.5    15.9    17.9
53877 20111023  2.402  -82.61   35.49    18.8    -1.8     8.5     7.8     0.0    14.36 R    30.1    -1.3     9.7    95.3    34.1    73.9   0.215   0.240   0.231   0.329   0.370    13.2    13.5    14.2    15.4    17.7
53877 20111024  2.402  -82.61   35.49    20.4     5.3    12.9    11.3     0.0    14.11 R    31.6     4.2    12.5    93.6    30.9    69.2   0.205   0.234   0.228   0.327   0.370    14.3    14.4    14.6    15.3    17.5
53877 20111025  2.402  -82.61   35.49    23.2     3.3    13.2    11.9     0.0    14.20 R    32.6     2.4    11.6    95.8    18.0    66.8   0.193   0.228   0.224   0.326   0.369    14.1    14.2    14.6    15.4    17.3
53877 20111026  2.402  -82.61   35.49    22.9     1.5    12.2    10.5     0.0    11.28 R    32.2     1.2    10.4    95.4    29.1    72.7   0.180   0.222   0.220   0.326   0.369    14.0    14.2    14.6    15.3    17.1
53877 20111027  2.402  -82.61   35.49    22.1     2.9    12.5    12.0     0.0     9.95 R    32.5     2.6    12.5    95.3    42.2    75.2   0.173   0.218   0.217   0.324   0.369    14.0    14.2    14.5    15.2    17.0
53877 20111028  2.402  -82.61   35.49    10.8     3.7     7.2     7.8     5.5     1.41 R    13.5     5.2     9.2    94.1    75.9    87.7   0.172   0.215   0.214   0.323   0.369    13.8    14.2    14.7    15.3    16.9
53877 20111029  2.402  -82.61   35.49     8.6     0.1     4.3     4.6     0.0    11.63 R    20.6    -0.7     6.6    95.7    46.1    73.1   0.211   0.235   0.216   0.322   0.370    12.6    13.0    13.9    14.9    16.8
53877 20111030  2.402  -82.61   35.49    13.0    -4.3     4.4     3.9     0.0    12.94 R    24.6    -3.9     5.0    93.6    20.8    64.4   0.204   0.233   0.218   0.321   0.370    11.2    11.7    12.8    14.3    16.6
53877 20111031  2.402  -82.61   35.49    12.7    -2.4     5.1     3.3     0.0     8.57 R    24.2    -2.2     4.5    94.1    39.6    74.7   0.195   0.229   0.217   0.321   0.370    10.8    11.3    12.3    13.8    16.5
53877 20111101  2.402  -82.61   35.49    16.5    -4.3     6.1     4.1     0.0    12.09 R    26.5    -4.5     4.6    94.1    20.5    68.5   0.188   0.225   0.216   0.320   0.370    10.3    10.7    11.7    13.3    16.2
53877 20111102  2.402  -82.61   35.49    17.2    -3.0     7.1     6.2     0.0    12.28 R    27.7    -3.2     6.3    94.0    32.6    67.3   0.180   0.221   0.214   0.319   0.370    10.4    10.7    11.5    12.9    16.0
53877 20111103  2.402  -82.61   35.49    16.2    -2.9     6.6     6.8    20.6    10.43 R    28.1    -3.6     8.1    96.2    46.5    82.0   0.196   0.228   0.218   0.319   0.369    10.6    10.9    11.5    12.8    15.7
53877 20111104  2.402  -82.61   35.49    12.0     4.2     8.1     8.5     9.4     8.15 R    22.9     1.9     9.1    96.2    61.3    81.4   0.287   0.277   0.249   0.339   0.372    11.5    11.7    12.1    12.8    15.5
53877 20111105  2.402  -82.61   35.49    13.1    -1.7     5.7     4.6     0.0    12.09 R    23.6    -2.0     5.1    96.0    25.2    71.7   0.264   0.262   0.242   0.339   0.376    10.6    10.9    11.7    12.8    15.3
53877 20111106  2.402  -82.61   35.49    16.3    -1.0     7.6     8.0     0.0    12.12 R    26.1    -1.4     9.2    94.4    44.0    65.8   0.254   0.254   0.238   0.339   0.374    10.8    11.0    11.5    12.5    15.2
53877 20111107  2.402  -82.61   35.49    19.2    -1.6     8.8     6.7     0.0    11.84 R    27.3    -1.8     7.2    97.3    28.0    77.3   0.245   0.248   0.235   0.335   0.374    10.8    11.0    11.6    12.5    15.0
53877 20111108  2.402  -82.61   35.49    18.8    -1.2     8.8     7.6     0.0    11.83 R    27.2    -1.0     7.9    96.4    40.3    77.7   0.235   0.243   0.233   0.333   0.374    10.8    11.0    11.5    12.4    14.9
53877 20111109  2.402  -82.61   35.49    16.9     1.2     9.1     9.0     0.3     6.54 R    26.9     0.7     9.9    96.9    59.1    84.6   0.229   0.239   0.230   0.333   0.374    11.1    11.3    11.6    12.4    14.8
53877 20111110  2.402  -82.61   35.49    10.6     2.5     6.6     6.8     0.0     6.72 R    17.2    -0.3     7.3    95.7    39.1    68.5   0.231   0.237   0.228   0.331   0.374    11.4    11.7    12.1    12.6    14.6
53877 20111111  2.402  -82.61   35.49     9.5    -3.9     2.8     2.5     0.0    11.25 R    20.6    -4.3     2.9    77.4    22.6    45.1   0.227   0.234   0.226   0.331   0.374     9.4     9.9    11.0    12.3    14.6
53877 20111112  2.402  -82.61   35.49    17.2    -6.6     5.3     3.8     0.0    11.20 R    24.8    -6.3     4.1    89.8    21.7    59.7   0.222   0.230   0.224   0.330   0.373     8.5     9.0    10.1    11.7    14.5
53877 20111113  2.402  -82.61   35.49    14.5     1.1     7.8     8.1     0.0     4.39 R    17.2     0.7     7.4    85.8    30.3    61.7   0.217   0.227   0.222   0.329   0.373     9.3     9.6    10.2    11.4    14.3
53877 20111114  2.402  -82.61   35.49    21.2     2.8    12.0    12.4     0.0     7.00 R    31.8     1.8    11.7    94.4    51.5    75.5   0.214   0.224   0.220   0.328   0.372    10.4    10.5    10.7    11.4    14.1
53877 20111115  2.402  -82.61   35.49    20.3     9.7    15.0    16.1     0.5     3.46 R    22.9     7.7    15.0    94.8    60.7    77.1   0.212   0.222   0.218   0.327   0.372    12.3    12.2    12.0    11.9    14.0
53877 20111116  2.402  -82.61   35.49    20.4    10.4    15.4    15.2    13.8     4.38 R    25.0    10.7    15.6    95.8    69.2    89.5   0.278   0.259   0.234   0.325   0.372    13.7    13.6    13.1    12.6    13.9
53877 20111117  2.402  -82.61   35.49    10.6    -0.7     4.9     5.3     0.7     7.00 R    18.5    -2.4     6.1    92.7    38.1    64.5   0.290   0.269   0.244   0.329   0.372    12.4    12.8    13.2    13.2    14.0
53877 20111118  2.402  -82.61   35.49     9.2    -5.7     1.8     1.9     0.0    10.91 R    18.8    -5.8     2.1    83.6    28.3    48.4   0.280   0.261   0.241   0.331   0.372     9.3     9.9    11.2    12.5    14.1
53877 20111119  2.402  -82.61   35.49    14.9    -3.8     5.5     4.8     0.0     9.39 R    22.8    -4.4     5.2    90.2    42.8    70.9   0.270   0.255   0.239   0.332   0.372     8.8     9.2    10.2    11.7    14.0
53877 20111120  2.402  -82.61   35.49    21.0     2.6    11.8    11.2     0.0     9.56 R    28.0     2.1    11.5    94.6    55.3    81.7   0.261   0.250   0.237   0.331   0.372    10.5    10.5    10.7    11.4    13.9
53877 20111121  2.402  -82.61   35.49    20.0     7.2    13.6    12.4     9.0     5.28 R    25.1     6.1    12.6    96.1    63.3    91.1   0.277   0.261   0.241   0.331   0.372    12.0    12.0    11.8    11.9    13.7
53877 20111122  2.402  -82.61   35.49    20.6    10.2    15.4    14.7    17.4     5.60 R    27.1     9.8    14.9   100.0    59.1    88.0   0.301   0.275   0.251   0.338   0.374    12.9    12.8    12.6    12.4    13.7
53877 20111123  2.402  -82.61   35.49    15.0     6.4    10.7    10.0     0.0     4.75 R    19.0     3.1     9.6    96.2    55.9    73.6   0.304   0.277   0.252   0.350   0.397    12.8    13.0    13.1    12.9    13.7
53877 20111124  2.402  -82.61   35.49    17.5    -1.5     8.0     6.3     0.0    10.56 R    21.7    -1.8     5.4    93.5    13.6    63.7   0.285   0.264   0.246   0.343   0.398    10.7    11.1    11.9    12.7    13.7
53877 20111125  2.402  -82.61   35.49    19.6    -4.5     7.5     4.0     0.0    10.50 R    22.9    -4.8     3.3    94.4    11.5    69.7   0.274   0.257   0.243   0.339   0.399     9.4     9.8    10.8    12.0    13.7
53877 20111126  2.402  -82.61   35.49    17.8    -3.3     7.2     7.3     0.0     6.78 R    24.9    -3.5     6.8    92.2    47.3    73.4   0.267   0.253   0.240   0.337   0.399     9.0     9.4    10.1    11.5    13.7
53877 20111127  2.402  -82.61   35.49    16.8    13.0    14.9    14.8     0.2     3.00 R    18.8    11.1    13.5    82.1    57.9    69.2   0.262   0.250   0.238   0.336   0.395    11.1    11.1    11.1    11.4    13.5
53877 20111128  2.402  -82.61   35.49    15.2     5.1    10.2    12.4    82.8     0.55 R    19.0     5.5    12.1    91.7    72.1    87.5   0.389   0.325   0.311   0.354   0.391    12.1    12.2    12.1    11.9    13.4
53877 20111129  2.402  -82.61   35.49     5.1    -1.0     2.1     1.9     1.1     2.41 R     9.0     0.1     3.4    96.6    70.6    86.9   0.362   0.313   0.300   0.367   0.398    10.2    10.7    11.3    12.0    13.4
53877 20111130  2.402  -82.61   35.49     6.8    -2.9     1.9     1.8     0.0     7.58 R    14.5    -3.7     2.4    94.2    53.4    75.4   0.314   0.283   0.255   0.365   0.399     8.6     9.2    10.1    11.4    13.4
53877 20111201  2.402  -82.61   35.49    13.5    -6.6     3.4     0.7     0.0     9.73 R    18.4    -6.5     0.9    94.4    16.9    74.7   0.299   0.271   0.249   0.356   0.400     7.2     7.7     9.0    10.7    13.3
53877 20111202  2.402  -82.61   35.49    13.8    -7.0     3.4     1.0     0.0     9.51 R    18.6    -7.1     0.9    92.9    20.2    72.7   0.290   0.265   0.247   0.345   0.400     6.6     7.0     8.2    10.0    13.0
53877 20111203  2.402  -82.61   35.49    12.3    -4.8     3.7     3.7     0.0     8.02 R    19.9    -4.9     2.9    92.9    28.6    61.8   0.281   0.261   0.245   0.342   0.400     6.5     6.9     7.8     9.5    12.8
53877 20111204  2.402  -82.61   35.49    11.7    -2.5     4.6     6.0     0.0     3.80 R    18.0    -3.0     5.4    91.9    51.6    70.3   0.277   0.258   0.243   0.340   0.400     6.8     7.1     7.9     9.2    12.5
53877 20111205  2.402  -82.61   35.49    13.2     9.7    11.5    11.1     3.3     1.83 R    14.9     8.1    10.6    94.9    62.2    81.0   0.280   0.259   0.240   0.339   0.386     8.7     8.8     8.9     9.4    12.3
53877 20111206  2.402  -82.61   35.49    17.5    12.8    15.1    14.3    12.7     3.89 R    23.4    11.4    14.0    96.0    75.8    90.4   0.306   0.276   0.248   0.337   0.380    10.7    10.6    10.2    10.0    12.1
53877 20111207  2.402  -82.61   35.49    14.8     0.1     7.5     7.5    27.1     1.08 R    18.6     1.1     8.3    96.0    65.2    87.3   0.398   0.331   0.321   0.365   0.396    10.9    11.0    11.0    10.8    12.1
53877 20111208  2.402  -82.61   35.49     9.4    -2.8     3.3     1.2     0.0     8.67 R    14.5    -3.5     2.0    91.3    24.7    61.2   0.363   0.308   0.296   0.371   0.400     8.3     8.8     9.7    10.6    12.1
53877 20111209  2.402  -82.61   35.49    10.2    -3.5     3.4     2.0     0.0     8.51 R    16.3    -3.6     3.0    92.5    30.6    72.0   0.320   0.286   0.260   0.370   0.401     7.4     7.8     8.7     9.9    12.1
53877 20111210  2.402  -82.61   35.49     6.2    -4.7     0.8     0.5     0.0     8.77 R    14.3    -5.2     0.8    94.5    47.7    72.6   0.300   0.275   0.252   0.358   0.402     6.8     7.2     8.2     9.5    12.0
53877 20111211  2.402  -82.61   35.49     6.3    -8.0    -0.9    -0.6     0.0     9.16 R    14.3    -7.7     0.0    92.5    30.8    64.1   0.297   0.268   0.250   0.352   0.402     5.5     5.9     7.1     8.9    11.9
53877 20111212  2.402  -82.61   35.49    11.1    -2.3     4.4     3.5     0.0     6.59 R    18.5    -2.4     4.1    92.8    42.5    66.4   0.291   0.264   0.248   0.344   0.402     6.3     6.5     7.2     8.5    11.7
53877 20111213  2.402  -82.61   35.49    15.8     0.0     7.9     5.9     0.0     8.83 R    21.1    -0.5     6.7   100.0    52.9    86.5   0.283   0.261   0.245   0.339   0.400     7.4     7.4     7.8     8.5    11.5
53877 20111214  2.402  -82.61   35.49    19.3     2.4    10.8    10.5     0.0     8.31 R    22.7     1.5     9.5    95.2    35.8    71.1   0.279   0.257   0.242   0.337   0.385     8.3     8.3     8.5     8.9    11.3
53877 20111215  2.402  -82.61   35.49    19.6     1.9    10.8    10.3     0.0     7.42 R    24.9     0.8     9.1    95.2    43.4    78.3   0.275   0.254   0.240   0.336   0.381     8.9     9.0     9.0     9.2    11.2
53877 20111216  2.402  -82.61   35.49    11.8     6.0     8.9     9.4     8.7     1.51 R    17.5     6.4     9.8    96.0    90.2    94.3   0.302   0.267   0.243   0.334   0.380     9.5     9.5     9.5     9.6    11.2
53877 20111217  2.402  -82.61   35.49     7.4    -3.4     2.0     2.6     0.0     7.85 R    15.0    -3.9     3.9    93.8    46.4    79.1   0.325   0.284   0.254   0.335   0.379     9.0     9.2     9.6     9.8    11.2
53877 20111218  2.402  -82.61   35.49     8.9    -4.4     2.3     0.5     0.0     8.98 R    15.2    -5.2     0.6    94.0    28.9    70.0   0.313   0.275   0.251   0.336   0.379     6.7     7.1     8.2     9.4    11.2
53877 20111219  2.402  -82.61   35.49    14.6    -6.0     4.3     2.2     0.0     8.17 R    18.0    -5.8     2.2    93.1    21.8    70.1   0.310   0.270   0.248   0.336   0.379     6.1     6.5     7.4     8.8    11.2
53877 20111220  2.402  -82.61   35.49    14.6    -2.3     6.1     6.5     0.0     4.30 R    17.6    -2.3     6.6    93.2    56.2    81.2   0.302   0.266   0.246   0.336   0.379     6.7     6.9     7.4     8.5    11.1
53877 20111221  2.402  -82.61   35.49    18.4     8.4    13.4    13.1     1.5     5.31 R    23.8     6.8    12.4    96.2    64.6    86.0   0.299   0.265   0.244   0.335   0.379     9.4     9.3     8.9     8.8    11.0
53877 20111222  2.402  -82.61   35.49    18.2     8.8    13.5    12.8    36.9     4.70 R    24.0     8.4    13.3   100.0    68.8    93.7   0.338   0.289   0.267   0.342   0.383    10.6    10.4    10.1     9.6    10.9
53877 20111223  2.402  -82.61   35.49    12.0     1.4     6.7     6.8     0.0     3.47 R    16.5     0.9     7.6    95.5    70.8    82.2   0.380   0.317   0.306   0.368   0.399    10.6    10.8    10.8    10.3    11.0
53877 20111224  2.402  -82.61   35.49    10.5    -0.4     5.1     4.8     0.0     7.31 R    15.4    -0.3     5.9    96.1    44.4    78.8   0.335   0.288   0.259   0.368   0.400     9.2     9.5     9.9    10.3    11.1
53877 20111225  2.402  -82.61   35.49     7.2    -2.1     2.5     1.3     0.0     2.03 R     9.2    -2.4     1.8    95.8    46.9    87.9   0.326   0.279   0.253   0.357   0.401     7.7     8.2     9.0     9.9    11.2
53877 20111226  2.402  -82.61   35.49    11.6     1.0     6.3     6.1     0.0     6.79 R    15.4    -1.1     4.2    69.0    18.4    41.9   0.322   0.274   0.251   0.352   0.401     6.8     7.2     8.1     9.3    11.2
53877 20111227  2.402  -82.61   35.49    10.7     2.0     6.4     5.0    24.2     5.97 R    18.2     1.4     5.6    93.4    45.8    73.3   0.387   0.318   0.313   0.364   0.402     7.3     7.5     8.0     8.9    11.1
53877 20111228  2.402  -82.61   35.49     6.6    -3.9     1.3     1.5     0.4     8.96 R    13.8    -4.4     1.9    89.9    39.6    63.9   0.366   0.303   0.277   0.373   0.403     6.7     7.0     7.8     8.7    10.9
53877 20111229  2.402  -82.61   35.49    10.8    -7.2     1.8    -0.5     0.0     9.00 R    15.9    -6.7     0.3    92.9    23.3    74.0   0.338   0.288   0.258   0.366   0.403     5.4     5.7     6.8     8.2    10.8
53877 20111230  2.402  -82.61   35.49    15.9    -4.2     5.8     4.3     0.0     7.35 R    21.5    -4.2     4.0    94.1    39.7    76.9   0.326   0.279   0.253   0.356   0.403     5.6     5.8     6.5     7.8    10.6
53877 20111231  2.402  -82.61   35.49    13.6    -1.8     5.9     4.4     0.0     8.81 R    18.6    -2.5     3.6    95.9    38.6    76.1   0.320   0.275   0.251   0.351   0.403     6.2     6.4     6.9     7.7    10.4
