53877 20130101  2.422  -82.61   35.49     5.2     0.3     2.7     3.3     8.1     1.04 C     7.1     1.3     4.3    95.9    72.7    87.2   0.321   0.306   0.286   0.392   0.396     4.9     5.3     5.8     6.7     9.5
53877 20130102  2.422  -82.61   35.49     6.2     2.2     4.2     3.6     0.3     2.29 C     7.7     2.5     4.7    96.0    73.0    86.2   0.330   0.314   0.293   0.396   0.396     5.6     5.9     6.3     6.9     9.3
53877 20130103  2.422  -82.61   35.49     4.2    -4.5    -0.2     1.1     0.0     2.74 C     8.2    -5.3     2.0    95.0    61.8    84.8   0.319   0.305   0.290   0.396   0.397     5.4     5.9     6.4     7.1     9.3
53877 20130104  2.422  -82.61   35.49     5.4    -6.5    -0.6    -1.6     0.0     8.52 C    13.5    -6.5    -1.5    92.7    35.8    69.8   0.318   0.300   0.285   0.393   0.397     3.5     4.4     5.4     6.8     9.3
53877 20130105  2.422  -82.61   35.49     9.4    -5.5     1.9     1.8     0.0     7.44 C    15.8    -6.3     1.8    85.0    27.6    56.6   0.315   0.297   0.277   0.392   0.397     3.4     4.1     4.8     6.3     9.2
53877 20130106  2.422  -82.61   35.49     8.3     0.2     4.3     3.8     0.0     5.53 C    14.9    -1.8     4.2    87.3    57.5    73.7   0.312   0.296   0.272   0.386   0.397     5.0     5.2     5.6     6.3     9.1
53877 20130107  2.422  -82.61   35.49    10.7    -1.9     4.4     3.1     0.0     9.47 C    18.8    -4.5     1.8    84.3    28.0    59.5   0.308   0.293   0.268   0.381   0.388     4.5     5.0     5.6     6.4     9.0
53877 20130108  2.422  -82.61   35.49    12.0    -5.2     3.4     1.7     0.0     8.63 C    18.2    -6.1     1.9    92.8    46.7    77.5   0.305   0.291   0.266   0.380   0.378     4.2     4.7     5.3     6.3     8.9
53877 20130109  2.422  -82.61   35.49     9.8     1.5     5.7     6.1     0.0     1.54 C    11.3     2.0     6.2    95.8    80.2    91.0   0.302   0.290   0.263   0.378   0.377     5.4     5.6     5.8     6.4     8.9
53877 20130110  2.422  -82.61   35.49    17.1     3.7    10.4    10.4     0.3     6.12 C    22.9     2.4     9.5    95.5    58.5    79.2   0.299   0.289   0.258   0.377   0.377     6.9     6.8     6.7     6.8     8.8
53877 20130111  2.422  -82.61   35.49    12.6     8.8    10.7    10.7     8.7     5.19 C    17.5     8.4    11.0    95.5    86.7    91.7   0.330   0.308   0.275   0.378   0.376     8.8     8.5     8.1     7.5     8.8
53877 20130112  2.422  -82.61   35.49    20.8    10.2    15.5    14.0     0.0     4.17 C    21.6     8.3    12.7    95.7    65.4    87.1   0.328   0.308   0.285   0.384   0.376     9.9     9.5     9.1     8.3     8.9
53877 20130113  2.422  -82.61   35.49    20.7     8.9    14.8    15.4     0.7     6.51 C    25.4     6.5    13.2    95.4    50.4    76.8   0.324   0.303   0.276   0.385   0.376    10.4    10.2     9.8     9.0     9.1
53877 20130114  2.422  -82.61   35.49    16.3     7.1    11.7    11.7    38.7     0.71 C    14.2     7.7    11.7    95.1    86.0    93.6   0.398   0.347   0.300   0.403   0.387    11.0    10.9    10.5     9.7     9.3
53877 20130115  2.422  -82.61   35.49    12.0     6.9     9.5     9.1    23.7     2.15 C    14.0     8.1    10.1    95.3    89.6    92.8   0.464   0.382   0.324   0.415   0.397    10.1    10.3    10.3    10.0     9.5
53877 20130116  2.422  -82.61   35.49    14.5     8.3    11.4    10.6     7.1     2.86 C    19.8     8.9    11.1    95.5    82.9    93.1   0.437   0.371   0.327   0.416   0.398    10.3    10.4    10.3    10.0     9.7
53877 20130117  2.422  -82.61   35.49    10.7     0.4     5.5     5.7    59.1     0.60 C    10.7     0.8     7.0    95.5    75.2    91.8   0.464   0.378   0.330   0.418   0.399     9.4     9.7    10.1    10.1     9.9
53877 20130118  2.422  -82.61   35.49     8.3    -3.6     2.4     0.9     0.0    10.61 C    15.3    -2.9     1.9    93.0    26.7    64.6   0.407   0.357   0.323   0.419   0.400     6.9     7.6     8.4     9.4    10.0
53877 20130119  2.422  -82.61   35.49    12.6    -6.4     3.1     0.5     0.0    10.62 C    17.8    -5.3     1.3    93.0    22.1    74.2   0.354   0.318   0.310   0.414   0.400     5.5     6.3     7.2     8.6    10.0
53877 20130120  2.422  -82.61   35.49    13.9    -4.6     4.6     2.4     0.0    10.47 C    20.0    -4.2     2.3    93.3    28.5    72.4   0.345   0.312   0.307   0.401   0.400     5.3     6.0     6.7     8.0     9.8
53877 20130121  2.422  -82.61   35.49    10.5    -5.6     2.5     1.7     0.0    10.44 C    18.1    -5.4     1.3    92.8    25.7    59.3   0.341   0.306   0.298   0.397   0.400     4.9     5.6     6.3     7.6     9.7
53877 20130122  2.422  -82.61   35.49     0.0    -7.2    -3.6    -3.7     0.0    10.77 C    11.3    -6.8    -2.2    53.9    18.4    35.8   0.336   0.303   0.283   0.388   0.401     3.6     4.5     5.6     7.2     9.6
53877 20130123  2.422  -82.61   35.49     5.7    -7.4    -0.8    -2.3     0.0    10.59 C    16.0    -7.0    -0.6    82.8    32.9    52.6   0.331   0.300   0.279   0.384   0.400     3.0     3.8     4.7     6.5     9.4
53877 20130124  2.422  -82.61   35.49     5.5    -5.3     0.1    -0.3     0.0    10.41 C    15.1    -6.6    -0.3    85.2    23.7    46.3   0.327   0.298   0.277   0.382   0.390     3.1     3.8     4.6     6.1     9.2
53877 20130125  2.422  -82.61   35.49     0.4    -5.5    -2.6    -2.8     0.7     2.33 C     5.8    -6.5    -0.9    94.2    36.4    66.6   0.324   0.296   0.275   0.381   0.380     2.3     3.1     4.1     5.8     9.0
53877 20130126  2.422  -82.61   35.49     8.1    -4.0     2.0     1.3     0.0     7.29 C    14.9    -4.9     1.9    94.3    36.1    74.8   0.327   0.297   0.272   0.380   0.378     3.7     4.1     4.5     5.6     8.7
53877 20130127  2.422  -82.61   35.49     6.3    -6.1     0.1     0.4     0.7     8.06 C    16.0    -6.0     2.2    91.8    50.9    72.8   0.326   0.295   0.270   0.379   0.378     3.5     4.0     4.5     5.6     8.5
53877 20130128  2.422  -82.61   35.49    18.5    -1.5     8.5     6.3     0.0    11.25 C    24.5    -1.6     6.9    95.3    42.2    77.6   0.325   0.295   0.267   0.379   0.377     5.5     5.4     5.4     5.8     8.4
53877 20130129  2.422  -82.61   35.49    20.7     0.3    10.5    10.4     4.0     8.72 C    27.8    -0.1     9.8    94.3    40.0    76.7   0.324   0.293   0.263   0.378   0.377     6.8     6.6     6.4     6.4     8.3
53877 20130130  2.422  -82.61   35.49    17.0     6.3    11.7    14.0    69.8     1.49 C    16.5     6.0    12.8    95.5    72.4    87.0   0.407   0.343   0.295   0.391   0.384     9.9     9.6     8.8     7.6     8.3
53877 20130131  2.422  -82.61   35.49     7.0    -2.7     2.1     2.0     0.6    12.07 C    18.1    -1.7     3.8    88.5    32.3    56.0   0.414   0.358   0.317   0.413   0.396     8.1     8.5     8.8     8.5     8.4
53877 20130201  2.422  -82.61   35.49     5.5    -8.2    -1.4    -2.5     0.2    12.04 C    10.4    -6.4    -0.4    80.4    35.3    49.2   0.363   0.318   0.309   0.411   0.397     5.3     6.2     7.1     8.0     8.6
53877 20130202  2.422  -82.61   35.49     5.6    -9.5    -1.9    -2.1     0.0     5.82 C    13.9    -6.7     0.2    89.9    27.0    65.8   0.352   0.313   0.308   0.400   0.399     3.6     4.4     5.4     7.0     8.7
53877 20130203  2.422  -82.61   35.49     8.1    -2.2     3.0     2.1     0.2    10.23 C    16.5    -3.4     2.5    90.5    32.5    60.5   0.349   0.309   0.307   0.393   0.399     4.7     5.1     5.6     6.5     8.6
53877 20130204  2.422  -82.61   35.49    11.4    -5.3     3.0     1.2     0.0     8.71 C    16.6    -5.5     2.1    79.4    26.2    57.8   0.343   0.305   0.299   0.388   0.398     4.3     4.8     5.4     6.3     8.5
53877 20130205  2.422  -82.61   35.49    13.7    -3.0     5.4     3.4     0.0    10.93 C    23.3    -3.3     4.1    89.9    34.4    68.4   0.336   0.302   0.283   0.388   0.399     5.2     5.4     5.6     6.3     8.4
53877 20130206  2.422  -82.61   35.49    14.1    -3.6     5.2     2.8     0.0    10.74 C    23.2    -4.4     2.7    92.8    21.5    67.2   0.332   0.299   0.278   0.385   0.387     5.1     5.4     5.8     6.4     8.3
53877 20130207  2.422  -82.61   35.49     7.1    -1.5     2.8     3.2     8.9     1.94 C     7.9    -1.5     3.7    95.9    42.4    81.1   0.345   0.306   0.279   0.383   0.381     5.0     5.4     5.8     6.5     8.3
53877 20130208  2.422  -82.61   35.49    10.4     0.4     5.4     5.1     0.0     6.10 C    16.7    -1.4     5.0    96.0    45.4    79.0   0.363   0.320   0.306   0.387   0.379     5.9     6.1     6.2     6.5     8.3
53877 20130209  2.422  -82.61   35.49    13.6    -1.6     6.0     3.4     0.0    13.26 C    22.0    -3.7     3.0    79.8     9.9    50.4   0.352   0.312   0.301   0.392   0.379     5.3     5.6     6.0     6.6     8.2
53877 20130210  2.422  -82.61   35.49    10.1    -1.1     4.5     5.4     8.3     7.44 C    19.0    -1.7     5.6    94.2    32.0    57.3   0.352   0.311   0.288   0.387   0.378     5.5     5.8     6.0     6.6     8.2
53877 20130211  2.422  -82.61   35.49    14.4     4.6     9.5     9.6     0.5     3.76 C    14.9     2.7     8.6    95.5    43.5    82.5   0.366   0.321   0.309   0.397   0.381     7.2     7.1     6.9     6.8     8.2
53877 20130212  2.422  -82.61   35.49    11.0     3.7     7.3     6.7     5.1     6.71 C    19.5     0.7     6.1    94.8    30.7    54.2   0.356   0.315   0.306   0.398   0.395     6.8     7.0     7.2     7.2     8.2
53877 20130213  2.422  -82.61   35.49    12.4     1.5     7.0     4.9     5.1     6.45 C    16.7     0.0     5.8    95.3    50.4    80.2   0.369   0.329   0.313   0.409   0.398     6.9     7.2     7.3     7.4     8.2
53877 20130214  2.422  -82.61   35.49    11.7    -2.6     4.5     3.0     0.0    14.45 C    21.1    -2.6     4.0    89.3    31.3    66.7   0.352   0.315   0.309   0.402   0.399     6.4     6.7     7.0     7.3     8.3
53877 20130215  2.422  -82.61   35.49    14.9    -5.4     4.7     3.1     0.2    11.39 C    24.0    -4.8     4.0    92.4    27.2    69.8   0.343   0.308   0.301   0.396   0.399     6.0     6.3     6.6     7.2     8.3
53877 20130216  2.422  -82.61   35.49     1.2    -5.2    -2.0    -1.1     0.4     5.16 C     7.4    -7.3     0.1    83.5    40.5    60.7   0.339   0.305   0.283   0.388   0.399     5.3     5.9     6.5     7.2     8.3
53877 20130217  2.422  -82.61   35.49     2.4    -6.4    -2.0    -2.9     0.0    15.63 C    16.5    -8.8    -1.5    64.2    24.0    39.9   0.336   0.302   0.281   0.385   0.400     4.1     4.7     5.4     6.6     8.3
53877 20130218  2.422  -82.61   35.49    11.8    -9.6     1.1     1.0     0.0    14.01 C    21.4    -7.4     2.1    84.2    27.0    52.5   0.332   0.299   0.277   0.384   0.390     4.0     4.4     5.0     6.1     8.3
53877 20130219  2.422  -82.61   35.49    11.7     0.7     6.2     5.3     2.4    12.80 C    23.4    -2.9     5.3    93.8    26.9    53.0   0.332   0.299   0.274   0.382   0.381     5.6     5.7     5.8     6.1     8.1
53877 20130220  2.422  -82.61   35.49     7.8    -2.6     2.6     1.5     0.0    12.93 C    20.4    -4.9     1.9    48.1    16.3    31.4   0.331   0.298   0.271   0.381   0.380     4.8     5.2     5.7     6.3     8.0
53877 20130221  2.422  -82.61   35.49    15.1    -6.9     4.1     3.8     6.7    14.72 C    25.2    -6.2     5.4    93.7    10.0    44.9   0.328   0.296   0.271   0.380   0.380     5.1     5.3     5.5     6.2     8.0
53877 20130222  2.422  -82.61   35.49     4.5     1.4     2.9     3.1     8.7     6.13 C    13.5     2.5     5.5    93.5    74.5    87.0   0.371   0.324   0.306   0.395   0.384     6.0     6.2     6.3     6.4     7.9
53877 20130223  2.422  -82.61   35.49    12.3     3.2     7.8     7.5     5.0     4.59 C    16.1     4.4     8.3    95.8    72.6    90.0   0.369   0.324   0.310   0.399   0.398     6.9     6.8     6.8     6.7     7.9
53877 20130224  2.422  -82.61   35.49    12.6    -2.6     5.0     4.8     0.0    16.34 C    23.6    -2.8     5.8    97.1    27.3    68.1   0.354   0.315   0.309   0.400   0.399     7.4     7.4     7.4     7.1     7.9
53877 20130225  2.422  -82.61   35.49     7.2    -3.3     2.0     1.9     0.3     6.88 C    14.5    -3.0     3.2    89.9    38.8    65.4   0.345   0.308   0.305   0.397   0.400     5.8     6.3     6.8     7.2     8.0
53877 20130226  2.422  -82.61   35.49     4.2     0.4     2.3     2.0    38.8     3.08 C     8.4     1.1     3.6    96.4    87.3    92.2   0.432   0.364   0.337   0.412   0.400     5.3     5.6     6.1     6.9     8.1
53877 20130227  2.422  -82.61   35.49    13.6     0.1     6.9     5.6     0.0    17.01 C    22.3    -0.3     6.9    96.7    29.2    64.5   0.380   0.335   0.322   0.418   0.401     6.6     6.5     6.5     6.7     8.0
53877 20130228  2.422  -82.61   35.49     6.4     0.1     3.2     2.0     0.0     8.70 C    19.8     0.6     4.3    87.0    40.9    60.8   0.356   0.317   0.315   0.413   0.401     6.5     6.8     7.0     7.1     8.0
53877 20130301  2.422  -82.61   35.49     3.3    -0.5     1.4     1.1     0.0     4.44 C     9.2     0.4     3.0    79.4    54.4    68.2   0.349   0.311   0.311   0.402   0.401     5.4     5.9     6.4     7.0     8.0
53877 20130302  2.422  -82.61   35.49     5.6    -3.0     1.3     0.3     0.3     9.76 C    21.9    -1.6     3.3    90.8    39.5    69.8   0.344   0.308   0.300   0.399   0.402     5.6     5.9     6.2     6.7     8.0
53877 20130303  2.422  -82.61   35.49     0.4    -5.3    -2.5    -3.2     0.3    12.95 C    14.6    -6.3    -0.6    81.4    42.3    58.8   0.340   0.305   0.285   0.391   0.402     4.8     5.4     5.9     6.6     8.0
53877 20130304  2.422  -82.61   35.49    10.7    -5.5     2.6     1.6     0.0    18.48 C    22.7    -6.6     4.0    71.5    19.0    45.6   0.335   0.302   0.281   0.385   0.401     4.7     5.0     5.4     6.2     8.0
53877 20130305  2.422  -82.61   35.49    10.8    -1.3     4.7     4.0    17.1     3.98 C    17.1    -1.4     4.9    95.8    52.8    77.8   0.347   0.313   0.285   0.390   0.390     5.6     5.9     6.0     6.3     7.9
53877 20130306  2.422  -82.61   35.49     2.3    -2.6    -0.1    -0.6     0.0    10.31 C    14.5    -2.3     2.1    78.8    49.5    66.6   0.363   0.320   0.308   0.408   0.399     5.2     5.7     6.1     6.5     7.8
53877 20130307  2.422  -82.61   35.49     5.4    -2.7     1.3     0.0     0.0    17.19 C    20.6    -3.0     3.9    83.0    51.4    69.5   0.351   0.313   0.306   0.399   0.400     5.5     5.7     5.9     6.3     7.7
53877 20130308  2.422  -82.61   35.49    10.9    -5.3     2.8     1.6     0.0    18.94 C    23.6    -5.4     3.7    91.6    19.9    57.6   0.342   0.306   0.291   0.392   0.401     5.5     5.7     6.0     6.3     7.7
53877 20130309  2.422  -82.61   35.49    16.8    -6.2     5.3     5.8     0.0    18.49 C    27.4    -5.3     7.5    89.3    20.3    51.2   0.335   0.302   0.280   0.387   0.401     6.3     6.2     6.2     6.4     7.7
53877 20130310  2.422  -82.61   35.49    17.8     2.9    10.4    10.6     0.0    14.54 C    27.8     1.4    10.1    69.9    25.4    43.7   0.329   0.297   0.273   0.385   0.394     8.0     7.8     7.5     7.0     7.7
53877 20130311  2.422  -82.61   35.49    12.6     8.8    10.7    10.4    28.4     1.32 C    12.7     7.5     9.7    95.3    45.6    83.2   0.348   0.310   0.279   0.390   0.386     8.3     8.3     8.1     7.6     7.7
53877 20130312  2.422  -82.61   35.49    11.0    -1.9     4.6     5.6     4.4    13.72 C    19.7    -0.7     7.7    95.4    47.7    78.2   0.410   0.351   0.325   0.416   0.400     9.0     8.9     8.6     8.0     7.9
53877 20130313  2.422  -82.61   35.49     9.0    -3.5     2.7     1.7     0.0    17.98 C    23.9    -3.1     4.8    93.8    29.3    58.9   0.363   0.318   0.306   0.413   0.400     7.6     7.9     8.1     8.1     8.1
53877 20130314  2.422  -82.61   35.49     7.6    -4.3     1.6     0.2     0.0    18.23 C    21.4    -4.5     3.6    70.1    23.6    44.4   0.351   0.311   0.300   0.401   0.401     6.6     7.1     7.5     7.8     8.2
53877 20130315  2.422  -82.61   35.49    20.3    -4.6     7.9     7.8     0.0    18.34 C    28.7    -3.7     8.5    82.1    20.0    52.8   0.342   0.304   0.283   0.391   0.401     7.4     7.4     7.4     7.6     8.3
53877 20130316  2.422  -82.61   35.49    24.1     7.8    15.9    17.2     0.0    16.13 C    31.7     4.8    14.0    70.1    24.9    42.8   0.332   0.299   0.273   0.387   0.400    10.1     9.6     9.0     8.1     8.3
53877 20130317  2.422  -82.61   35.49    22.2     8.2    15.2    15.0     0.0    12.52 C    31.4     6.2    13.9    80.2    30.1    55.4   0.322   0.294   0.264   0.385   0.398    11.3    10.9    10.2     9.0     8.3
53877 20130318  2.422  -82.61   35.49     8.4     3.5     6.0     5.2    11.3     4.48 C    15.0     4.0     7.5    95.9    77.4    89.4   0.335   0.301   0.266   0.384   0.386     9.7    10.1    10.1     9.5     8.5
53877 20130319  2.422  -82.61   35.49    14.1    -0.7     6.7     6.8     0.0    20.50 C    25.3    -0.5     9.2   100.0    18.8    57.9   0.361   0.319   0.295   0.385   0.383     9.9     9.9     9.7     9.3     8.8
53877 20130320  2.422  -82.61   35.49    12.5    -2.6     4.9     3.5     1.7    18.63 C    24.9    -2.6     6.2    91.3    12.2    45.7   0.347   0.309   0.279   0.385   0.382     8.9     9.2     9.4     9.3     8.9
53877 20130321  2.422  -82.61   35.49     3.0    -6.4    -1.7    -1.9     0.0    19.26 C    20.0    -7.4     1.6    86.2    29.1    51.6   0.341   0.304   0.272   0.384   0.382     8.0     8.6     8.9     9.1     9.0
53877 20130322  2.422  -82.61   35.49     9.1    -6.7     1.2     1.3     0.0    15.21 C    25.3    -5.2     5.0    73.6    23.2    46.0   0.335   0.301   0.271   0.382   0.381     7.2     7.6     8.0     8.6     9.1
53877 20130323  2.422  -82.61   35.49    12.6     1.0     6.8     5.9     1.1     7.64 C    22.1     0.9     7.4    93.9    55.3    71.0   0.331   0.298   0.267   0.382   0.380     8.0     8.2     8.4     8.5     9.0
53877 20130324  2.422  -82.61   35.49     8.0     3.2     5.6     5.2    18.3     6.04 C    15.4     4.1     7.5    95.7    73.9    88.1   0.375   0.323   0.291   0.393   0.387     8.3     8.5     8.6     8.6     9.0
53877 20130325  2.422  -82.61   35.49     3.8    -1.5     1.1     1.0     0.5     8.60 C    14.1    -0.6     3.6    95.9    42.1    61.5   0.373   0.325   0.304   0.402   0.399     7.4     7.9     8.3     8.6     9.0
53877 20130326  2.422  -82.61   35.49     4.5    -2.1     1.2     0.1     0.0    12.24 C    19.2    -1.9     3.3    72.3    44.7    62.3   0.362   0.316   0.303   0.399   0.400     6.6     7.1     7.6     8.2     9.0
53877 20130327  2.422  -82.61   35.49     6.4    -1.9     2.3     1.3     0.0    20.31 C    20.7    -2.5     4.8    77.1    41.4    56.0   0.354   0.310   0.289   0.393   0.400     7.0     7.3     7.5     8.0     9.0
53877 20130328  2.422  -82.61   35.49    10.9    -4.5     3.2     2.4     0.0    21.71 C    24.5    -4.7     4.9    84.6    22.7    52.1   0.346   0.305   0.280   0.388   0.400     7.2     7.5     7.7     7.9     8.9
53877 20130329  2.422  -82.61   35.49    14.0    -6.5     3.8     2.8     2.3    14.08 C    28.4    -5.4     5.7    94.8    21.3    68.8   0.340   0.300   0.274   0.386   0.396     7.1     7.4     7.6     8.0     8.9
53877 20130330  2.422  -82.61   35.49    16.4     3.6    10.0     8.9     4.8    16.70 C    26.2     4.9    11.3    95.9    37.5    73.3   0.367   0.314   0.272   0.384   0.384     9.3     9.0     8.6     8.2     8.9
53877 20130331  2.422  -82.61   35.49    18.4     7.9    13.1    11.3     8.4     9.42 C    24.4     8.5    12.7    95.5    46.4    84.5   0.379   0.326   0.290   0.384   0.382    10.7    10.4     9.9     8.9     8.9
53877 20130401  2.422  -82.61   35.49    17.9     2.2    10.0    10.4     0.4    16.95 C    29.3     2.0    11.4    96.2    33.2    65.9   0.377   0.325   0.298   0.390   0.381    11.3    11.1    10.5     9.6     8.9
53877 20130402  2.422  -82.61   35.49    12.5     1.7     7.1     7.2     0.0    22.08 C    25.6     0.3     9.6    67.2    21.1    40.1   0.359   0.313   0.288   0.390   0.382    10.9    10.9    10.6     9.9     9.1
53877 20130403  2.422  -82.61   35.49    14.5     1.8     8.1     8.1     0.0    19.14 C    26.0     0.4    10.4    54.5    15.1    30.5   0.346   0.304   0.273   0.388   0.381    11.0    11.0    10.7    10.1     9.3
53877 20130404  2.422  -82.61   35.49     8.9     1.1     5.0     3.6    14.6     2.79 C     9.6     3.9     5.8    95.4    30.4    79.7   0.368   0.316   0.283   0.389   0.381     9.3     9.9    10.2    10.2     9.4
53877 20130405  2.422  -82.61   35.49    13.6     0.4     7.0     6.7     0.0    17.97 C    24.5     0.7     9.1    95.5    28.7    72.9   0.373   0.323   0.303   0.401   0.395     9.9     9.9     9.8     9.7     9.6
53877 20130406  2.422  -82.61   35.49    18.8    -2.2     8.3     9.3     0.0    21.96 C    29.0    -1.4    10.7    94.3    25.3    54.8   0.357   0.311   0.293   0.394   0.399    10.5    10.4    10.2     9.9     9.6
53877 20130407  2.422  -82.61   35.49    20.3     2.2    11.2    12.4     0.0    20.16 C    29.4     1.9    12.9    84.7    33.7    54.3   0.342   0.302   0.275   0.390   0.398    11.8    11.5    11.0    10.2     9.7
53877 20130408  2.422  -82.61   35.49    23.2     4.2    13.7    14.4     0.0    18.56 C    30.2     4.2    14.4    90.5    38.3    61.2   0.330   0.296   0.265   0.387   0.386    12.6    12.4    11.8    10.8     9.8
53877 20130409  2.422  -82.61   35.49    26.8     5.6    16.2    16.8     0.0    21.06 C    34.4     5.0    16.7    92.0    36.3    61.8   0.313   0.289   0.255   0.385   0.383    13.9    13.5    12.7    11.3     9.9
53877 20130410  2.422  -82.61   35.49    28.5     6.7    17.6    18.4     0.0    22.54 C    34.5     6.0    17.9    92.2    32.1    59.4   0.290   0.280   0.240   0.384   0.382    15.1    14.6    13.7    12.0    10.1
53877 20130411  2.422  -82.61   35.49    24.2    10.1    17.2    17.6    30.6    16.03 C    32.6     8.9    18.0    94.6    40.3    69.8   0.283   0.276   0.225   0.383   0.382    15.7    15.3    14.4    12.7    10.4
53877 20130412  2.422  -82.61   35.49    20.1     6.9    13.5    14.9    11.6    24.11 C    29.2     6.7    16.8    95.8    39.7    69.0   0.383   0.337   0.287   0.416   0.399    16.7    16.3    15.4    13.5    10.8
53877 20130413  2.422  -82.61   35.49    21.4     5.1    13.3    12.6     0.0    22.55 C    28.8     4.2    13.0    80.3    16.3    48.3   0.348   0.308   0.280   0.407   0.399    15.1    15.2    14.9    13.8    11.2
53877 20130414  2.422  -82.61   35.49    20.3     0.9    10.6    11.5     0.8    10.63 C    22.3     2.3    11.6    92.0    26.0    60.9   0.332   0.300   0.262   0.396   0.400    13.6    14.0    14.0    13.6    11.4
53877 20130415  2.422  -82.61   35.49    18.8    10.4    14.6    13.9     4.4    12.05 C    30.2    11.4    15.8    95.7    60.4    82.7   0.355   0.307   0.255   0.389   0.400    14.7    14.6    14.2    13.3    11.6
53877 20130416  2.422  -82.61   35.49    24.6    13.0    18.8    18.4     0.0    20.35 C    32.1    11.4    19.0    89.4    44.0    67.7   0.341   0.303   0.246   0.387   0.395    16.4    15.9    15.1    13.7    11.7
53877 20130417  2.422  -82.61   35.49    24.0    10.8    17.4    16.3     0.6    13.87 C    31.2    10.4    17.2    92.6    52.9    79.6   0.327   0.296   0.236   0.385   0.384    16.5    16.4    15.8    14.3    11.8
53877 20130418  2.422  -82.61   35.49    23.9    12.4    18.2    18.0     0.3    15.33 C    29.9    11.4    18.3    92.2    42.6    71.4   0.317   0.291   0.228   0.384   0.381    16.7    16.5    16.0    14.6    12.0
53877 20130419  2.422  -82.61   35.49    19.1     5.5    12.3    14.6    19.4     3.23 C    20.1     4.9    14.8    94.6    57.4    81.5   0.346   0.309   0.247   0.390   0.382    16.5    16.5    16.2    14.9    12.3
53877 20130420  2.422  -82.61   35.49    13.8     0.9     7.3     7.3     0.0    25.22 C    24.4     1.8     9.7    83.5    29.1    48.3   0.355   0.316   0.275   0.400   0.398    14.7    15.0    15.1    14.7    12.5
53877 20130421  2.422  -82.61   35.49    15.9    -1.9     7.0     7.3     0.0    23.02 C    25.7    -0.2     9.6    92.9    29.1    58.8   0.342   0.304   0.269   0.392   0.396    13.7    14.1    14.3    14.2    12.7
53877 20130422  2.422  -82.61   35.49    17.9     1.1     9.5     9.3     0.0    24.95 C    26.5     1.8    11.4    91.3    29.9    58.7   0.324   0.296   0.264   0.389   0.385    14.0    14.2    14.1    13.9    12.7
53877 20130423  2.422  -82.61   35.49    21.6    -1.1    10.2    11.3     0.0    25.60 C    29.0     0.4    12.8    89.3    28.6    56.0   0.304   0.288   0.258   0.386   0.383    14.2    14.3    14.2    13.8    12.7
53877 20130424  2.422  -82.61   35.49    22.4     3.8    13.1    13.3     0.9    13.70 C    27.2     3.7    13.8    93.4    38.7    73.8   0.286   0.280   0.252   0.384   0.381    14.5    14.7    14.5    13.9    12.7
53877 20130425  2.422  -82.61   35.49    18.7     2.4    10.5    10.3     0.0    26.32 C    27.8     1.7    12.3    82.3    15.9    49.8   0.270   0.272   0.245   0.383   0.381    15.0    15.1    14.8    14.0    12.7
53877 20130426  2.422  -82.61   35.49    19.0    -0.6     9.2    10.5     0.0    23.36 C    27.2     0.1    12.2    90.8    27.1    52.4   0.246   0.261   0.237   0.381   0.381    14.1    14.3    14.3    14.0    12.8
53877 20130427  2.422  -82.61   35.49    12.4     8.8    10.6    10.4    20.1     2.35 C    14.3     9.9    11.4    94.1    62.8    86.5   0.282   0.274   0.235   0.380   0.380    13.7    14.1    14.2    13.9    12.9
53877 20130428  2.422  -82.61   35.49    11.3     7.9     9.6    10.0    41.1     2.24 C    13.8     8.4    10.8    95.6    81.5    91.6   0.408   0.349   0.300   0.400   0.391    12.8    13.2    13.4    13.6    12.9
53877 20130429  2.422  -82.61   35.49    21.8     9.9    15.9    14.5     0.2    18.11 C    29.1     8.9    15.8    95.7    45.8    80.3   0.389   0.344   0.297   0.416   0.399    14.3    14.1    13.8    13.4    12.9
53877 20130430  2.422  -82.61   35.49    23.0     6.3    14.7    15.0     0.0    24.62 C    30.2     5.9    16.3    95.3    37.8    73.5   0.352   0.317   0.274   0.409   0.399    15.4    15.2    14.7    13.8    12.9
53877 20130501  2.422  -82.61   35.49    18.4    13.2    15.8    14.9     0.0    10.03 C    26.4    11.9    15.7    84.1    53.3    70.6   0.336   0.307   0.267   0.397   0.400    15.7    15.7    15.3    14.3    12.9
53877 20130502  2.422  -82.61   35.49    17.9    11.7    14.8    13.4     0.9     8.72 C    25.4    12.7    15.0    94.2    66.9    83.1   0.329   0.302   0.264   0.392   0.401    15.4    15.5    15.3    14.5    13.0
53877 20130503  2.422  -82.61   35.49    15.1    11.3    13.2    12.8     0.0     7.80 C    19.6    11.9    13.9    93.3    62.2    76.4   0.325   0.300   0.261   0.388   0.399    15.1    15.2    15.1    14.6    13.2
53877 20130504  2.422  -82.61   35.49    12.8     8.1    10.4     9.6    14.7     2.53 C    12.1     9.0    10.5    94.1    61.5    80.4   0.332   0.304   0.261   0.386   0.385    13.9    14.3    14.5    14.4    13.3
53877 20130505  2.422  -82.61   35.49    10.9     7.0     9.0     8.5   105.1     1.77 C    11.0     7.8     9.4    95.8    88.5    92.3   0.449   0.369   0.320   0.416   0.398    12.2    12.5    13.1    13.7    13.3
53877 20130506  2.422  -82.61   35.49    17.8     4.3    11.1    12.2     4.0    21.77 C    26.2     4.6    13.7    95.0    39.1    72.2   0.421   0.361   0.319   0.420   0.401    13.3    13.3    13.2    13.2    13.3
53877 20130507  2.422  -82.61   35.49    20.2     2.5    11.3    10.3     1.2    19.89 C    28.7     3.4    12.6    94.6    32.5    78.5   0.365   0.327   0.285   0.418   0.402    13.6    13.8    13.7    13.5    13.2
53877 20130508  2.422  -82.61   35.49    20.6     7.6    14.1    13.1     0.3    11.37 C    24.1     7.5    14.0    95.9    48.3    83.4   0.353   0.321   0.276   0.404   0.402    14.2    14.3    14.1    13.7    13.2
53877 20130509  2.422  -82.61   35.49    23.8     8.3    16.1    15.2     0.0    19.80 C    30.7     7.4    16.1   100.0    44.2    78.4   0.343   0.313   0.272   0.394   0.402    15.2    15.0    14.6    13.9    13.2
53877 20130510  2.422  -82.61   35.49    25.7     7.8    16.8    16.9     0.0    16.81 C    29.6     7.5    17.0    94.7    42.8    72.3   0.327   0.305   0.267   0.391   0.401    15.7    15.6    15.2    14.4    13.2
53877 20130511  2.422  -82.61   35.49    23.9    11.4    17.7    16.6     2.0    13.53 C    27.8    10.8    17.1    94.5    43.5    78.4   0.313   0.298   0.262   0.388   0.392    16.3    16.2    15.8    14.8    13.4
53877 20130512  2.422  -82.61   35.49    17.1     5.3    11.2    12.2     0.0    26.91 C    25.3     4.8    13.2    90.4    29.3    55.9   0.301   0.292   0.258   0.386   0.383    16.1    16.2    16.0    15.1    13.5
53877 20130513  2.422  -82.61   35.49    16.7     2.5     9.6     9.5     0.0    26.93 C    24.7     2.8    10.8    85.7    22.6    49.8   0.277   0.283   0.252   0.384   0.382    14.9    15.3    15.4    15.0    13.6
53877 20130514  2.422  -82.61   35.49    22.3    -0.9    10.7    11.5     0.0    26.26 C    27.9     0.2    12.5    93.0    30.0    63.1   0.247   0.272   0.245   0.383   0.381    14.5    14.8    14.8    14.8    13.7
53877 20130515  2.422  -82.61   35.49    28.7     6.7    17.7    17.8     0.0    23.10 C    32.3     6.5    17.0    94.4    29.0    64.2   0.217   0.258   0.235   0.382   0.382    16.0    15.8    15.5    14.8    13.7
53877 20130516  2.422  -82.61   35.49    24.6     9.0    16.8    16.7     0.0    15.68 C    28.4     8.2    16.1    93.5    35.5    70.4   0.197   0.246   0.226   0.381   0.381    16.2    16.2    15.9    15.2    13.8
53877 20130517  2.422  -82.61   35.49    27.2     9.3    18.2    17.8     0.0    19.75 C    32.9     8.8    17.6    94.0    36.3    69.4   0.184   0.235   0.216   0.379   0.380    16.7    16.5    16.1    15.4    13.9
53877 20130518  2.422  -82.61   35.49    20.1    14.0    17.1    17.0    19.8     6.96 C    23.3    13.3    17.4    95.2    74.9    87.4   0.291   0.267   0.211   0.377   0.380    16.8    16.8    16.5    15.7    14.0
53877 20130519  2.422  -82.61   35.49    24.0    14.3    19.1    18.5     4.0    13.60 C    29.6    13.5    19.2    95.0    64.8    87.7   0.330   0.289   0.224   0.374   0.380    17.7    17.5    16.9    15.9    14.2
53877 20130520  2.422  -82.61   35.49    26.9    14.0    20.5    19.4     0.0    20.58 C    31.2    13.5    19.9    94.9    51.9    79.9   0.311   0.285   0.232   0.372   0.379    18.4    18.1    17.4    16.3    14.3
53877 20130521  2.422  -82.61   35.49    27.2    11.6    19.4    18.9     0.0    18.90 C    30.8    11.3    19.3    95.4    48.6    80.4   0.284   0.275   0.232   0.372   0.379    18.7    18.4    17.9    16.7    14.5
53877 20130522  2.422  -82.61   35.49    24.6    12.6    18.6    17.4    65.3    14.80 C    28.6    12.2    17.9    95.1    63.4    89.2   0.351   0.324   0.267   0.369   0.389    17.2    17.5    17.4    16.9    14.7
53877 20130523  2.422  -82.61   35.49    24.7    14.5    19.6    18.5     0.2    20.51 C    29.9    13.5    19.2    95.4    44.0    77.5   0.364   0.332   0.281   0.374   0.399    18.1    17.9    17.5    16.8    14.9
53877 20130524  2.422  -82.61   35.49    18.0     6.7    12.4    14.2     0.0    24.39 C    24.0     6.4    14.7    84.8    33.9    58.6   0.330   0.309   0.268   0.350   0.399    18.0    18.1    17.8    17.1    15.1
53877 20130525  2.422  -82.61   35.49    22.9     3.8    13.4    13.2     0.0    26.97 C    27.6     4.3    13.6    93.2    22.6    55.2   0.301   0.296   0.262   0.334   0.401    16.9    17.1    17.2    16.9    15.2
53877 20130526  2.422  -82.61   35.49    22.6     8.4    15.5    13.9     1.4    18.37 C    27.0     8.4    14.5    93.8    33.1    71.4   0.279   0.287   0.257   0.326   0.401    16.6    16.8    16.9    16.7    15.3
53877 20130527  2.422  -82.61   35.49    25.6     6.4    16.0    16.8     0.0    24.56 C    29.6     6.7    17.1    94.0    43.6    69.5   0.258   0.278   0.252   0.327   0.388    17.1    17.1    16.9    16.6    15.3
53877 20130528  2.422  -82.61   35.49    27.1    10.8    18.9    19.0     0.0    23.52 C    31.4    10.6    18.9    94.0    40.6    69.9   0.231   0.268   0.244   0.323   0.382    18.2    18.0    17.5    16.8    15.3
53877 20130529  2.422  -82.61   35.49    27.4    11.3    19.3    19.5     0.0    26.02 C    32.0    10.8    19.3    94.2    39.4    71.2   0.204   0.256   0.235   0.319   0.381    18.8    18.5    18.0    17.2    15.4
53877 20130530  2.422  -82.61   35.49    26.5    10.8    18.6    19.0     0.0    26.24 C    31.2    10.5    19.4    94.0    47.4    72.7   0.182   0.242   0.225   0.317   0.382    19.1    18.8    18.4    17.5    15.5
53877 20130531  2.422  -82.61   35.49    27.2    14.1    20.6    20.3     0.0    25.75 C    31.2    13.5    20.5    92.8    43.0    69.1   0.165   0.229   0.213   0.314   0.381    19.8    19.4    18.9    17.8    15.7
53877 20130601  2.422  -82.61   35.49    26.4    14.9    20.7    21.3     1.5    26.06 C    32.2    14.7    21.9    94.3    45.1    69.2   0.152   0.217   0.199   0.310   0.380    20.3    19.9    19.3    18.1    15.8
53877 20130602  2.422  -82.61   35.49    21.0    16.3    18.7    18.3    42.6     4.64 C    23.1    15.7    18.7    95.1    84.9    92.7   0.231   0.255   0.219   0.330   0.387    19.5    19.6    19.4    18.5    16.0
53877 20130603  2.422  -82.61   35.49    25.0    14.9    20.0    19.5     0.0    18.37 C    29.6    14.5    20.0    95.1    53.5    80.6   0.318   0.302   0.256   0.352   0.398    19.8    19.7    19.3    18.5    16.2
53877 20130604  2.422  -82.61   35.49    26.0    12.3    19.1    19.3     0.0    22.73 C    30.7    12.2    19.8    94.5    42.9    75.2   0.293   0.291   0.254   0.342   0.399    19.8    19.7    19.3    18.6    16.4
53877 20130605  2.422  -82.61   35.49    26.0    16.0    21.0    20.4    14.3    18.68 C    31.7    15.4    21.4    94.5    60.5    80.6   0.286   0.287   0.251   0.334   0.397    20.4    20.2    19.7    18.7    16.5
53877 20130606  2.422  -82.61   35.49    25.0    16.9    21.0    20.3     0.3    14.77 C    36.6    16.8    22.3    95.0    66.6    83.3   0.339   0.317   0.271   0.335   0.384    21.0    20.8    20.1    19.0    16.6
53877 20130607  2.422  -82.61   35.49    26.9    17.1    22.0    20.1    24.9    17.22 C    38.2    17.5    22.5    94.8    46.2    84.6   0.358   0.334   0.285   0.347   0.385    21.7    21.5    20.7    19.5    16.8
53877 20130608  2.422  -82.61   35.49    25.8    14.5    20.2    19.5     8.2    22.18 C    38.4    13.8    22.6    95.0    50.2    80.5   0.382   0.350   0.302   0.385   0.400    22.4    22.0    21.1    20.0    17.1
53877 20130609  2.422  -82.61   35.49    26.0    14.0    20.0    18.6    36.8    12.28 C    38.5    13.2    20.6    94.4    62.6    89.1   0.376   0.340   0.296   0.382   0.401    22.0    21.9    21.2    20.3    17.3
53877 20130610  2.422  -82.61   35.49    24.4    15.2    19.8    19.3    17.0    16.76 C    32.5    14.5    21.1    94.8    47.5    85.0   0.429   0.372   0.329   0.394   0.403    22.0    21.9    21.2    20.5    17.6
53877 20130611  2.422  -82.61   35.49    26.9    15.3    21.1    20.5     1.9    25.35 C    38.0    14.5    22.8    95.0    42.8    76.7   0.357   0.330   0.293   0.389   0.403    23.1    22.6    21.6    20.6    17.8
53877 20130612  2.422  -82.61   35.49    31.0    14.1    22.5    22.2     0.0    22.79 C    41.6    13.7    24.2    94.2    41.3    75.6   0.332   0.315   0.277   0.357   0.403    23.7    23.2    22.1    20.9    17.9
53877 20130613  2.422  -82.61   35.49    30.8    16.2    23.5    21.7     4.1    18.19 C    41.0    15.5    23.2    94.2    37.9    76.3   0.324   0.309   0.271   0.345   0.403    23.9    23.6    22.6    21.3    18.1
53877 20130614  2.422  -82.61   35.49    24.4    11.7    18.1    18.5     0.0    26.81 C    35.9    11.3    20.4    93.4    40.6    66.7   0.323   0.307   0.270   0.340   0.402    23.4    23.2    22.5    21.4    18.2
53877 20130615  2.422  -82.61   35.49    26.5     8.8    17.6    18.2     0.0    24.34 C    39.3     9.0    20.8    93.8    40.5    71.1   0.309   0.299   0.265   0.340   0.391    22.6    22.6    22.0    21.3    18.4
53877 20130616  2.422  -82.61   35.49    27.3    12.3    19.8    20.4     0.0    24.61 C    39.2    12.1    23.1    93.7    48.5    74.4   0.293   0.290   0.260   0.341   0.384    23.3    23.1    22.2    21.3    18.5
53877 20130617  2.422  -82.61   35.49    25.4    17.7    21.5    20.7    28.9    13.28 C    33.6    17.4    22.4    94.8    63.8    84.0   0.301   0.299   0.263   0.352   0.387    23.1    23.1    22.5    21.5    18.7
53877 20130618  2.422  -82.61   35.49    24.2    15.5    19.9    19.5     1.2     9.73 C    32.8    14.6    20.9    95.0    70.8    88.7   0.342   0.318   0.278   0.373   0.400    22.5    22.6    22.1    21.5    18.8
53877 20130619  2.422  -82.61   35.49    25.5    13.0    19.3    19.2     0.0    20.35 C    33.4    12.9    21.2    95.2    50.2    78.5   0.329   0.310   0.273   0.357   0.401    22.5    22.5    22.0    21.3    18.9
53877 20130620  2.422  -82.61   35.49    25.9    14.1    20.0    19.7     0.0    22.41 C    36.9    13.9    22.0    94.0    54.7    77.9   0.315   0.302   0.267   0.350   0.400    23.1    22.9    22.2    21.4    18.9
53877 20130621  2.422  -82.61   35.49    26.8    14.2    20.5    19.8     0.0    22.54 C    36.2    13.7    21.5    93.9    37.2    74.2   0.301   0.294   0.261   0.346   0.387    23.1    23.0    22.4    21.5    18.9
53877 20130622  2.422  -82.61   35.49    26.7    12.5    19.6    19.6     0.0    26.56 C    35.4    12.1    21.4    93.9    39.1    70.3   0.281   0.286   0.255   0.345   0.383    23.0    22.9    22.3    21.5    19.0
53877 20130623  2.422  -82.61   35.49    25.9    12.5    19.2    19.1    14.0    16.44 C    37.4    12.5    20.8    94.7    58.5    85.8   0.291   0.288   0.249   0.342   0.383    22.5    22.6    22.2    21.5    19.1
53877 20130624  2.422  -82.61   35.49    27.5    16.7    22.1    21.0     2.5    19.61 C    34.7    16.3    23.1    95.2    56.2    84.9   0.336   0.310   0.255   0.341   0.383    23.3    23.1    22.4    21.5    19.1
53877 20130625  2.422  -82.61   35.49    27.7    15.7    21.7    20.4     0.0    16.79 C    34.9    15.4    22.0    95.1    46.8    85.6   0.330   0.308   0.258   0.339   0.382    23.4    23.4    22.7    21.8    19.2
53877 20130626  2.422  -82.61   35.49    28.3    15.1    21.7    21.2     0.7    18.80 C    35.4    14.8    22.6    94.9    51.9    84.5   0.318   0.302   0.256   0.346   0.382    23.4    23.3    22.7    21.8    19.3
53877 20130627  2.422  -82.61   35.49    28.9    17.3    23.1    21.6     3.0    18.31 C    34.8    17.4    23.1    94.6    57.0    83.7   0.321   0.299   0.254   0.360   0.381    23.7    23.6    23.0    22.0    19.4
53877 20130628  2.422  -82.61   35.49    29.4    15.8    22.6    22.0     0.7    18.63 C    35.5    15.3    22.9    94.7    42.6    78.4   0.310   0.298   0.252   0.359   0.380    23.7    23.7    23.1    22.1    19.5
53877 20130629  2.422  -82.61   35.49    26.8    14.5    20.7    20.1     0.0    21.25 C    35.2    14.0    21.1    94.9    43.6    76.7   0.297   0.291   0.248   0.359   0.380    23.5    23.5    23.1    22.2    19.5
53877 20130630  2.422  -82.61   35.49    27.5    12.2    19.9    19.3     5.2    18.04 C    34.1    12.0    20.6    94.7    46.1    80.0   0.289   0.284   0.243   0.357   0.380    22.7    22.9    22.6    22.1    19.6
53877 20130701  2.422  -82.61   35.49    25.1    17.5    21.3    20.1    25.6    12.83 C    32.2    17.5    21.4    94.9    62.8    86.7   0.351   0.324   0.264   0.361   0.382    22.6    22.8    22.5    22.0    19.7
53877 20130702  2.422  -82.61   35.49    27.4    17.5    22.4    21.3     1.1    20.69 C    33.1    17.7    22.9    94.8    51.1    81.8   0.345   0.324   0.276   0.382   0.397    23.2    23.1    22.6    21.9    19.8
53877 20130703  2.422  -82.61   35.49    24.2    15.9    20.0    19.3   110.1     8.43 C    31.0    16.3    20.4    95.0    77.1    91.8   0.428   0.369   0.322   0.401   0.401    22.3    22.6    22.6    22.1    19.9
53877 20130704  2.422  -82.61   35.49    22.8    15.9    19.3    18.8    44.2     6.35 C    26.4    16.6    19.8    95.1    83.4    92.8   0.455   0.383   0.342   0.410   0.403    21.3    21.6    21.6    21.7    20.0
53877 20130705  2.422  -82.61   35.49    26.3    18.8    22.5    21.0     5.1    15.47 C    31.3    18.0    22.0    94.6    57.6    84.0   0.386   0.355   0.307   0.411   0.403    22.1    22.2    21.8    21.5    20.1
53877 20130706  2.422  -82.61   35.49    26.1    18.6    22.4    21.4    37.5    18.24 C    32.4    18.0    22.9    94.8    62.7    86.1   0.406   0.365   0.321   0.411   0.404    22.7    22.7    22.3    21.6    20.1
53877 20130707  2.422  -82.61   35.49    26.4    19.2    22.8    21.7    12.5    14.36 C    31.6    19.1    22.9    94.8    66.8    86.7   0.394   0.359   0.317   0.413   0.404    23.2    23.2    22.8    22.0    20.1
53877 20130708  2.422  -82.61   35.49    27.7    18.2    22.9    21.9     0.0    22.42 C    33.9    17.6    23.5    95.0    50.1    83.8   0.365   0.341   0.296   0.409   0.404    23.7    23.6    23.1    22.2    20.2
53877 20130709  2.422  -82.61   35.49    29.6    17.2    23.4    22.8     0.3    25.87 C    33.9    16.7    24.3    94.8    43.4    77.4   0.337   0.322   0.276   0.387   0.404    24.2    24.1    23.5    22.5    20.3
53877 20130710  2.422  -82.61   35.49    29.0    18.2    23.6    21.9    38.9    20.78 C    35.0    18.0    23.6    94.9    52.5    85.3   0.361   0.338   0.288   0.389   0.404    24.4    24.5    24.0    22.9    20.3
53877 20130711  2.422  -82.61   35.49    25.0    17.8    21.4    21.0     0.0    11.35 C    30.6    17.8    21.9    95.0    69.9    88.7   0.375   0.352   0.305   0.410   0.405    23.6    23.8    23.5    23.0    20.6
53877 20130712  2.422  -82.61   35.49    26.7    17.3    22.0    20.9     0.0    19.52 C    33.0    16.8    21.9    95.0    52.1    79.3   0.345   0.325   0.281   0.390   0.404    23.6    23.7    23.4    22.9    20.7
53877 20130713  2.422  -82.61   35.49    23.5    16.6    20.1    19.8     1.7     8.95 C    28.0    16.6    20.6    93.5    68.8    83.7   0.337   0.319   0.273   0.379   0.404    22.9    23.2    23.1    22.7    20.7
53877 20130714  2.422  -82.61   35.49    23.4    17.2    20.3    20.1    34.6     9.78 C    29.2    16.8    21.1    95.1    82.1    91.3   0.403   0.365   0.309   0.402   0.404    22.7    23.0    22.8    22.5    20.8
53877 20130715  2.422  -82.61   35.49    27.5    18.4    22.9    22.0     0.0    17.13 C    32.3    17.5    22.4    94.0    53.5    81.9   0.386   0.356   0.309   0.412   0.405    22.9    23.0    22.8    22.4    20.9
53877 20130716  2.422  -82.61   35.49    30.0    16.3    23.1    22.3     0.0    23.02 C    34.1    15.7    23.0    94.8    47.6    80.7   0.345   0.325   0.282   0.390   0.405    23.4    23.5    23.1    22.5    20.9
53877 20130717  2.422  -82.61   35.49    29.2    16.6    22.9    21.7     5.2    15.45 C    34.2    15.9    22.3    94.8    53.6    87.4   0.336   0.318   0.273   0.380   0.405    23.4    23.5    23.3    22.6    20.8
53877 20130718  2.422  -82.61   35.49    28.7    17.0    22.8    22.5     0.0    21.24 C    33.1    16.5    23.2    95.0    54.9    82.2   0.340   0.319   0.273   0.373   0.400    23.7    23.7    23.4    22.7    20.9
53877 20130719  2.422  -82.61   35.49    29.2    18.0    23.6    23.0     0.0    21.70 C    33.3    17.2    23.7    94.7    51.0    79.4   0.324   0.313   0.269   0.371   0.387    23.9    24.0    23.6    22.9    20.9
53877 20130720  2.422  -82.61   35.49    28.1    17.7    22.9    21.6     5.5    13.64 C    33.0    17.1    22.1    94.6    56.9    88.2   0.321   0.311   0.265   0.369   0.384    23.7    23.9    23.6    23.0    21.0
53877 20130721  2.422  -82.61   35.49    27.3    18.4    22.9    21.4     4.5    13.93 C    32.5    17.7    22.4    95.0    61.6    88.4   0.327   0.314   0.266   0.366   0.385    23.6    23.7    23.5    23.0    21.0
53877 20130722  2.422  -82.61   35.49    27.6    17.8    22.7    22.0     1.7    18.08 C    32.5    17.1    22.8    94.8    59.6    84.0   0.325   0.315   0.267   0.366   0.383    23.5    23.7    23.5    23.0    21.1
53877 20130723  2.422  -82.61   35.49    27.7    16.6    22.2    21.5     2.6    20.86 C    31.8    16.2    22.3    94.9    48.7    81.8   0.318   0.312   0.265   0.365   0.383    23.5    23.7    23.5    22.9    21.1
53877 20130724  2.422  -82.61   35.49    28.1    17.5    22.8    21.6     0.0    18.74 C    32.6    16.5    21.8    95.0    49.7    80.0   0.309   0.309   0.264   0.364   0.382    23.3    23.6    23.4    23.0    21.2
53877 20130725  2.422  -82.61   35.49    27.6    14.8    21.2    20.3     0.0    23.17 C    31.8    14.1    20.7    94.2    37.9    76.5   0.294   0.303   0.261   0.362   0.382    22.9    23.3    23.2    22.9    21.2
53877 20130726  2.422  -82.61   35.49    27.5    13.8    20.6    20.3     0.3    20.92 C    32.5    13.2    21.1    94.0    53.9    79.9   0.275   0.294   0.255   0.362   0.382    22.5    22.9    22.9    22.7    21.2
53877 20130727  2.422  -82.61   35.49    26.2    18.4    22.3    21.1    10.6    14.35 C    30.3    17.8    21.8    94.9    55.4    85.2   0.306   0.309   0.255   0.361   0.382    22.8    23.0    22.9    22.6    21.2
53877 20130728  2.422  -82.61   35.49    26.4    15.8    21.1    20.6     0.0    17.58 C    31.4    14.5    21.0    94.4    56.7    81.0   0.292   0.305   0.257   0.359   0.381    22.7    22.9    22.9    22.6    21.2
53877 20130729  2.422  -82.61   35.49    26.3    13.2    19.8    19.0     0.0    25.03 C    31.0    12.4    19.7    94.4    42.2    75.1   0.276   0.296   0.254   0.358   0.381    22.1    22.5    22.5    22.5    21.2
53877 20130730  2.422  -82.61   35.49    26.0    12.2    19.1    19.4     0.0    17.01 C    30.6    11.7    20.0    93.9    58.8    80.8   0.261   0.288   0.251   0.357   0.381    21.7    22.1    22.2    22.3    21.2
53877 20130731  2.422  -82.61   35.49    24.1    17.8    20.9    20.2    19.0     7.42 C    27.1    17.9    20.8    94.9    72.0    90.0   0.311   0.325   0.267   0.355   0.380    21.8    22.1    22.2    22.2    21.2
53877 20130801  2.422  -82.61   35.49    26.2    16.4    21.3    21.0     8.8    18.49 C    31.1    15.1    21.4    94.7    60.0    84.8   0.321   0.327   0.277   0.358   0.381    22.2    22.4    22.3    22.1    21.1
53877 20130802  2.422  -82.61   35.49    27.6    14.0    20.8    20.4     0.0    17.98 C    40.2    13.3    22.1    94.7    55.9    81.7   0.322   0.325   0.278   0.369   0.379    22.4    22.5    22.2    22.1    21.1
53877 20130803  2.422  -82.61   35.49    26.8    15.5    21.1    20.8     0.0    19.03 C    37.2    14.1    23.0    94.0    54.2    80.1   0.314   0.319   0.274   0.367   0.379    23.0    23.0    22.6    22.3    21.1
53877 20130804  2.422  -82.61   35.49    26.4    15.5    20.9    20.3     0.0    20.37 C    37.9    14.2    22.2    94.3    57.5    79.1   0.308   0.313   0.269   0.364   0.379    23.1    23.1    22.8    22.4    21.1
53877 20130805  2.422  -82.61   35.49    27.4    14.3    20.8    20.4     0.0    19.65 C    39.3    13.6    22.5    94.1    56.6    78.7   0.301   0.308   0.265   0.364   0.379    22.9    23.0    22.7    22.5    21.1
53877 20130806  2.422  -82.61   35.49    27.6    17.7    22.6    21.9     0.0    18.20 C    39.5    16.9    24.4    93.2    52.1    78.5   0.294   0.301   0.260   0.363   0.379    23.5    23.5    22.9    22.5    21.2
53877 20130807  2.422  -82.61   35.49    22.9    18.4    20.6    20.8    21.1     5.83 C    27.0    17.5    21.6    94.8    81.6    90.7   0.324   0.320   0.269   0.370   0.380    23.3    23.4    23.1    22.8    21.2
53877 20130808  2.422  -82.61   35.49    25.4    18.0    21.7    21.2     2.5    10.79 C    32.2    17.4    22.7    94.9    74.3    90.4   0.344   0.330   0.281   0.381   0.387    23.2    23.3    22.9    22.7    21.2
53877 20130809  2.422  -82.61   35.49    28.4    18.2    23.3    22.0     7.0    15.69 C    38.7    17.5    23.9    95.0    64.1    87.7   0.349   0.334   0.282   0.379   0.381    23.7    23.6    23.2    22.7    21.2
53877 20130810  2.422  -82.61   35.49    26.7    18.5    22.6    21.3    18.5    11.19 C    34.1    18.2    22.9    95.2    69.4    91.9   0.369   0.353   0.291   0.393   0.390    23.8    23.8    23.4    23.0    21.3
53877 20130811  2.422  -82.61   35.49    28.3    18.6    23.5    21.8     2.8    17.18 C    39.2    19.1    24.2    95.2    59.1    88.6   0.358   0.340   0.289   0.405   0.401    24.2    24.0    23.5    23.1    21.4
53877 20130812  2.422  -82.61   35.49    29.0    17.4    23.2    21.3    30.8    16.56 C    39.7    17.0    23.2    94.9    59.4    88.8   0.375   0.350   0.302   0.403   0.402    24.0    24.1    23.7    23.3    21.5
53877 20130813  2.422  -82.61   35.49    27.5    17.8    22.6    21.3     0.9    11.37 C    34.4    17.1    22.7    95.0    60.8    88.1   0.354   0.338   0.294   0.417   0.403    23.9    24.1    23.7    23.3    21.6
53877 20130814  2.422  -82.61   35.49    23.5    15.4    19.4    18.8     0.0    18.01 C    34.3    14.4    20.9    94.5    48.6    78.9   0.339   0.327   0.282   0.399   0.404    23.4    23.6    23.4    23.2    21.7
53877 20130815  2.422  -82.61   35.49    20.0    12.7    16.4    16.4     0.0    10.64 C    29.7    12.1    18.1    94.3    63.6    80.9   0.331   0.321   0.274   0.390   0.403    22.2    22.6    22.7    23.0    21.7
53877 20130816  2.422  -82.61   35.49    22.0    11.7    16.9    16.6     0.0    17.05 C    31.9    11.4    18.8    94.1    59.0    80.1   0.325   0.316   0.270   0.385   0.402    21.6    22.0    22.0    22.5    21.7
53877 20130817  2.422  -82.61   35.49    20.3    15.0    17.7    17.0     4.9     8.67 C    29.3    15.6    18.8    94.7    64.8    83.2   0.324   0.312   0.266   0.384   0.387    21.4    21.8    21.8    22.2    21.6
53877 20130818  2.422  -82.61   35.49    23.5    16.1    19.8    18.7     3.2     9.02 C    31.0    16.7    20.2    94.7    72.9    90.9   0.347   0.318   0.266   0.381   0.383    21.5    21.7    21.7    21.9    21.5
53877 20130819  2.422  -82.61   35.49    22.2    17.3    19.8    19.1    44.8     8.84 C    26.4    17.4    20.5    95.0    72.3    90.5   0.413   0.372   0.321   0.410   0.399    21.5    21.7    21.7    21.8    21.3
53877 20130820  2.422  -82.61   35.49    25.3    17.1    21.2    20.3     0.3    13.12 C    32.2    16.5    21.8    95.1    64.8    87.8   0.373   0.348   0.306   0.418   0.404    22.0    22.1    21.8    21.8    21.3
53877 20130821  2.422  -82.61   35.49    23.5    17.8    20.6    20.4     0.6     7.91 C    26.2    16.4    20.9    94.8    77.3    89.9   0.354   0.332   0.287   0.402   0.405    22.2    22.4    22.2    22.0    21.3
53877 20130822  2.422  -82.61   35.49    27.7    15.4    21.5    20.7     0.0    18.14 C    35.4    14.7    21.8    95.0    56.5    83.7   0.350   0.327   0.280   0.392   0.405    22.4    22.5    22.2    22.0    21.3
53877 20130823  2.422  -82.61   35.49    27.3    15.2    21.2    20.4     0.0    17.27 C    34.2    14.7    21.5    95.2    51.8    82.6   0.342   0.321   0.274   0.387   0.405    22.4    22.6    22.3    22.1    21.3
53877 20130824  2.422  -82.61   35.49    25.4    13.3    19.3    19.3     0.0    20.06 C    34.3    12.5    20.7    94.2    48.9    77.6   0.330   0.314   0.269   0.384   0.391    22.5    22.7    22.4    22.2    21.3
53877 20130825  2.422  -82.61   35.49    24.5     9.7    17.1    16.7     0.0    22.59 C    34.4     9.4    18.3    94.2    47.0    77.9   0.318   0.308   0.264   0.382   0.384    21.5    21.8    21.8    22.1    21.3
53877 20130826  2.422  -82.61   35.49    25.6     9.9    17.7    17.2     0.0    21.80 C    34.0     9.5    18.9    95.2    47.4    80.4   0.304   0.300   0.258   0.381   0.384    21.1    21.5    21.5    21.8    21.3
53877 20130827  2.422  -82.61   35.49    26.8    11.8    19.3    19.2     0.0    19.10 C    39.0    11.4    21.3    94.2    54.8    81.0   0.293   0.295   0.252   0.378   0.383    21.4    21.7    21.5    21.7    21.2
53877 20130828  2.422  -82.61   35.49    28.2    16.2    22.2    21.4     0.0    17.23 C    41.4    15.0    23.7    94.1    54.9    81.7   0.287   0.292   0.248   0.378   0.383    22.5    22.5    22.1    21.8    21.1
53877 20130829  2.422  -82.61   35.49    29.2    17.9    23.5    22.9     0.0    16.33 C    40.9    16.7    24.8    94.0    53.7    80.6   0.278   0.287   0.243   0.377   0.383    23.2    23.2    22.7    22.2    21.1
53877 20130830  2.422  -82.61   35.49    26.8    19.1    22.9    21.8     0.7    11.38 C    38.4    17.9    23.4    94.1    66.3    87.1   0.272   0.284   0.239   0.377   0.382    23.5    23.5    23.1    22.5    21.1
53877 20130831  2.422  -82.61   35.49    28.4    17.6    23.0    21.2    10.7    15.01 C    43.5    16.2    23.6    94.9    57.9    87.2   0.292   0.292   0.239   0.375   0.382    23.4    23.5    23.1    22.7    21.2
53877 20130901  2.422  -82.61   35.49    28.9    17.6    23.2    21.3    19.6    16.73 C    41.6    17.0    24.1    95.1    53.0    86.6   0.324   0.310   0.253   0.377   0.385    23.7    23.8    23.3    22.8    21.3
53877 20130902  2.422  -82.61   35.49    27.0    16.4    21.7    20.7     0.0    13.49 C    39.8    15.9    22.9    95.3    64.9    87.8   0.343   0.327   0.277   0.393   0.400    23.6    23.7    23.3    23.0    21.4
53877 20130903  2.422  -82.61   35.49    26.1    15.4    20.8    19.9     6.9    19.98 C    38.8    14.4    22.5    94.8    55.7    82.9   0.349   0.332   0.281   0.393   0.402    23.5    23.7    23.3    23.0    21.5
53877 20130904  2.422  -82.61   35.49    27.1    13.0    20.1    19.3     0.0    20.72 C    41.1    12.7    22.4    95.0    51.0    82.3   0.336   0.321   0.275   0.390   0.400    23.2    23.4    23.1    22.9    21.5
53877 20130905  2.422  -82.61   35.49    26.9    13.3    20.1    18.7     0.0    18.80 C    39.2    12.7    21.5    96.3    32.4    80.0   0.323   0.313   0.269   0.386   0.386    23.2    23.5    23.1    22.9    21.5
53877 20130906  2.422  -82.61   35.49    25.6    11.2    18.4    17.7     0.0    21.29 C    38.8    10.6    20.4    94.4    50.1    80.1   0.311   0.306   0.265   0.384   0.383    22.5    22.8    22.6    22.8    21.6
53877 20130907  2.422  -82.61   35.49    26.2    12.8    19.5    18.3     0.0    17.83 C    38.8    12.2    21.1    95.2    54.5    83.9   0.298   0.299   0.259   0.384   0.383    22.6    22.8    22.5    22.6    21.6
53877 20130908  2.422  -82.61   35.49    26.8    13.2    20.0    18.9     0.0    15.33 C    40.3    12.9    20.9    95.0    52.6    84.4   0.290   0.293   0.254   0.386   0.382    22.4    22.6    22.4    22.5    21.5
53877 20130909  2.422  -82.61   35.49    27.7    15.1    21.4    20.6     0.0    18.54 C    39.1    14.2    22.6    94.9    52.8    80.7   0.281   0.287   0.248   0.384   0.382    22.9    23.0    22.6    22.5    21.5
53877 20130910  2.422  -82.61   35.49    28.2    14.9    21.5    20.5     0.0    19.45 C    38.4    14.1    22.6    95.0    40.6    80.4   0.268   0.279   0.241   0.382   0.382    23.1    23.2    22.8    22.6    21.5
53877 20130911  2.422  -82.61   35.49    28.8    14.2    21.5    20.1     0.0    15.16 C    39.6    13.3    21.8    95.2    57.4    83.7   0.257   0.272   0.234   0.381   0.382    22.8    23.0    22.8    22.7    21.5
53877 20130912  2.422  -82.61   35.49    26.3    15.3    20.8    20.0     1.7    11.29 C    36.2    14.7    21.1    95.1    64.7    86.1   0.248   0.266   0.228   0.379   0.381    22.7    22.9    22.7    22.6    21.5
53877 20130913  2.422  -82.61   35.49    24.0    12.7    18.3    18.1     0.0    15.85 C    34.1    10.6    18.8    94.7    43.1    74.5   0.245   0.263   0.224   0.379   0.381    22.0    22.5    22.4    22.5    21.5
53877 20130914  2.422  -82.61   35.49    22.4     8.6    15.5    14.5     0.0    20.41 C    34.1     7.9    17.0    93.8    45.9    77.2   0.235   0.257   0.218   0.378   0.381    20.7    21.3    21.5    22.1    21.5
53877 20130915  2.422  -82.61   35.49    24.0     8.4    16.2    15.3     0.0    15.15 C    34.0     8.0    16.9    94.3    50.6    81.5   0.226   0.249   0.212   0.376   0.380    20.1    20.7    20.9    21.6    21.4
53877 20130916  2.422  -82.61   35.49    24.9    10.1    17.5    17.0     0.0    16.30 C    36.5     9.4    19.4    95.5    46.3    80.8   0.217   0.242   0.206   0.375   0.380    20.4    20.7    20.7    21.3    21.3
53877 20130917  2.422  -82.61   35.49    20.6    15.1    17.9    16.9     0.0    11.26 C    31.2    14.9    18.9    92.6    54.4    73.6   0.209   0.236   0.201   0.373   0.380    20.7    21.1    21.1    21.3    21.2
53877 20130918  2.422  -82.61   35.49    19.2    12.8    16.0    15.8     0.3     7.13 C    30.6    12.1    17.5    94.2    65.6    82.9   0.203   0.231   0.196   0.372   0.380    20.1    20.6    20.7    21.1    21.1
53877 20130919  2.422  -82.61   35.49    24.8    14.2    19.5    18.2     0.0    14.68 C    35.7    13.0    20.2    94.3    58.7    83.9   0.198   0.228   0.192   0.370   0.380    20.6    20.9    20.8    21.0    21.0
53877 20130920  2.422  -82.61   35.49    25.5    14.2    19.9    19.0     0.0    15.60 C    36.1    13.2    20.8    95.8    53.4    82.6   0.191   0.221   0.188   0.367   0.380    21.1    21.3    21.1    21.1    20.9
53877 20130921  2.422  -82.61   35.49    20.0    14.1    17.0    16.3    33.7     2.39 C    22.5    13.0    16.4    94.7    80.7    91.8   0.245   0.257   0.213   0.371   0.379    19.8    20.5    20.7    21.1    20.9
53877 20130922  2.422  -82.61   35.49    21.1    10.1    15.6    15.3     0.0    19.09 C    30.2     9.3    16.7    94.8    45.0    78.0   0.308   0.305   0.255   0.382   0.380    19.5    20.0    20.2    20.7    20.8
53877 20130923  2.422  -82.61   35.49    22.5     7.0    14.7    14.2     0.0    18.11 C    32.3     6.6    15.8    95.2    53.4    82.2   0.292   0.296   0.254   0.376   0.380    19.0    19.5    19.7    20.4    20.7
53877 20130924  2.422  -82.61   35.49    22.8     9.4    16.1    15.8     0.0    17.17 C    32.9     8.1    18.0    95.4    54.4    83.6   0.278   0.289   0.251   0.374   0.380    19.3    19.6    19.7    20.2    20.6
53877 20130925  2.422  -82.61   35.49    16.6    14.1    15.4    15.6    43.8     2.95 C    19.6    15.0    16.7    94.9    90.0    93.0   0.361   0.344   0.283   0.404   0.393    19.0    19.4    19.7    20.2    20.5
53877 20130926  2.422  -82.61   35.49    20.9    10.4    15.6    15.4     0.0     8.38 C    29.3     9.3    16.2    94.9    67.2    88.7   0.347   0.325   0.278   0.414   0.400    19.0    19.3    19.5    19.9    20.4
53877 20130927  2.422  -82.61   35.49    22.5     8.8    15.7    14.6     0.0    17.33 C    30.7     8.0    16.8    95.6    49.4    84.5   0.332   0.313   0.270   0.401   0.401    18.6    19.1    19.2    19.8    20.3
53877 20130928  2.422  -82.61   35.49    20.4     9.9    15.2    15.0     0.0    14.24 C    30.8     8.7    16.4    94.2    57.7    80.5   0.321   0.306   0.266   0.391   0.401    18.9    19.3    19.4    19.7    20.2
53877 20130929  2.422  -82.61   35.49    20.7     9.9    15.3    14.9     0.0    15.40 C    32.0     8.5    17.0    94.0    52.3    79.7   0.307   0.300   0.262   0.388   0.397    18.9    19.3    19.3    19.7    20.1
53877 20130930  2.422  -82.61   35.49    22.1     9.6    15.9    15.1     0.0    17.32 C    30.9     8.8    16.9    94.4    48.9    81.9   0.298   0.294   0.258   0.385   0.384    19.0    19.3    19.3    19.7    20.0
53877 20131001  2.422  -82.61   35.49    23.8    10.0    16.9    15.5     0.0    16.68 C    31.6     9.1    17.5    95.4    51.8    84.3   0.287   0.287   0.254   0.383   0.383    19.1    19.4    19.3    19.7    20.0
53877 20131002  2.422  -82.61   35.49    24.6    11.1    17.8    16.1     0.0    17.62 C    32.6    10.1    18.1   100.0    46.0    83.8   0.273   0.279   0.249   0.382   0.382    19.4    19.6    19.5    19.7    19.9
53877 20131003  2.422  -82.61   35.49    24.2    11.6    17.9    16.8     0.0    11.08 C    32.3    10.6    17.8    94.9    57.6    85.5   0.260   0.273   0.243   0.380   0.382    19.3    19.6    19.5    19.8    19.8
53877 20131004  2.422  -82.61   35.49    25.4    11.3    18.3    17.2     0.0    16.59 C    32.7    10.6    18.0    95.0    46.6    81.8   0.248   0.267   0.238   0.380   0.381    19.5    19.7    19.6    19.8    19.8
53877 20131005  2.422  -82.61   35.49    26.5    12.3    19.4    17.5     0.0    16.71 C    33.2    11.1    18.7   100.0    46.5    83.5   0.234   0.259   0.232   0.379   0.380    19.7    19.8    19.7    19.8    19.8
53877 20131006  2.422  -82.61   35.49    25.1    13.4    19.3    18.4     9.0    13.56 C    32.2    11.9    19.7   100.0    52.5    82.0   0.225   0.251   0.227   0.378   0.380    20.0    20.1    19.9    20.0    19.8
53877 20131007  2.422  -82.61   35.49    17.5     9.5    13.5    13.9    20.8     7.04 C    22.3     7.6    14.4    94.8    53.5    85.2   0.348   0.316   0.265   0.393   0.386    19.0    19.6    19.8    20.0    19.8
53877 20131008  2.422  -82.61   35.49    18.8     6.7    12.8    11.9     0.0    15.74 C    26.1     6.2    12.7    94.9    46.3    78.0   0.327   0.309   0.267   0.397   0.381    17.4    18.1    18.6    19.5    19.8
53877 20131009  2.422  -82.61   35.49    21.4     5.3    13.3    11.9     0.0    16.44 C    28.0     4.8    12.6    94.8    44.8    79.2   0.312   0.302   0.264   0.390   0.381    16.9    17.5    17.9    18.9    19.7
53877 20131010  2.422  -82.61   35.49    21.2     5.8    13.5    12.5     0.0    16.34 C    28.4     5.1    13.5   100.0    44.7    79.8   0.297   0.296   0.260   0.387   0.380    16.8    17.3    17.6    18.6    19.6
53877 20131011  2.422  -82.61   35.49    22.4     6.2    14.3    13.4     0.0    15.93 C    29.4     5.4    13.5    94.7    41.0    78.3   0.286   0.290   0.257   0.385   0.381    16.6    17.1    17.4    18.3    19.4
53877 20131012  2.422  -82.61   35.49    21.8     8.5    15.1    14.9     0.0     9.71 C    29.8     7.3    15.4    94.6    56.2    83.0   0.273   0.285   0.253   0.384   0.380    16.8    17.2    17.4    18.1    19.3
53877 20131013  2.422  -82.61   35.49    21.7    13.9    17.8    16.8     4.2     6.89 C    26.1    12.4    17.6    94.9    62.9    87.5   0.269   0.282   0.250   0.383   0.380    17.8    18.0    18.0    18.3    19.1
53877 20131014  2.422  -82.61   35.49    19.8    11.7    15.8    15.6     0.7     8.71 C    26.6    10.2    16.3    95.1    69.0    88.3   0.279   0.283   0.249   0.381   0.380    18.1    18.3    18.3    18.5    19.1
53877 20131015  2.422  -82.61   35.49    19.1    11.9    15.5    14.7     0.2     8.57 C    25.0    10.9    15.8    94.4    66.8    86.2   0.276   0.284   0.249   0.380   0.380    17.9    18.2    18.3    18.6    19.0
53877 20131016  2.422  -82.61   35.49    19.9     8.7    14.3    14.0     0.3     7.47 C    25.4     8.5    14.7    95.3    60.1    85.9   0.273   0.283   0.247   0.379   0.380    17.3    17.7    17.9    18.5    19.0
53877 20131017  2.422  -82.61   35.49    20.1    11.8    16.0    15.9     1.2     4.75 C    24.7    12.4    16.2    94.7    79.1    90.5   0.274   0.282   0.246   0.379   0.380    17.8    18.0    18.1    18.4    18.9
53877 20131018  2.422  -82.61   35.49    20.4     8.1    14.2    13.3     0.0    13.21 C    26.4     7.0    13.8    93.6    51.9    76.3   0.275   0.281   0.245   0.378   0.380    17.3    17.8    18.0    18.4    18.9
53877 20131019  2.422  -82.61   35.49    17.0     5.7    11.4    11.9     0.0     5.02 C    21.8     4.3    12.0    94.3    57.8    85.4   0.272   0.279   0.243   0.378   0.380    16.6    17.2    17.5    18.2    18.9
53877 20131020  2.422  -82.61   35.49    17.5     1.7     9.6     8.5     0.0    14.71 C    22.8     0.7     8.4    94.8    31.7    75.2   0.267   0.277   0.242   0.377   0.379    14.9    15.7    16.4    17.7    18.8
53877 20131021  2.422  -82.61   35.49    18.7     1.2     9.9     9.1     0.0    12.74 C    25.4     1.2     9.6    96.0    50.4    82.0   0.258   0.272   0.239   0.375   0.379    14.2    15.0    15.6    17.0    18.7
53877 20131022  2.422  -82.61   35.49    18.4     6.5    12.5    11.9     0.0     8.10 C    25.5     4.6    12.3    94.2    48.0    80.2   0.251   0.269   0.268   0.375   0.379    15.0    15.5    15.8    16.8    18.5
53877 20131023  2.422  -82.61   35.49 -9999.0 -9999.0 -9999.0 -9999.0 -9999.0 -9999.00 U -9999.0 -9999.0 -9999.0 -9999.0 -9999.0 -9999.0 -99.000 -99.000 -99.000 -99.000 -99.000 -9999.0 -9999.0 -9999.0 -9999.0 -9999.0
53877 20131024  2.422  -82.61   35.49    11.5    -2.4     4.5     4.4     0.0     9.74 C    23.1    -2.7     5.9    92.3    43.0    71.2   0.239   0.263   0.231   0.373   0.379    12.3    13.3    15.1    16.0    18.1
53877 20131025  2.422  -82.61   35.49     7.8    -3.5     2.2     2.1     0.0    14.69 C    19.4    -4.3     3.4    90.2    34.1    62.9   0.234   0.261   0.229   0.372   0.378    11.8    12.8    14.5    15.4    17.9
53877 20131026  2.422  -82.61   35.49    13.9    -6.3     3.8     2.8     0.0    13.54 C    23.6    -6.5     3.9    90.7    31.7    71.3   0.227   0.258   0.228   0.371   0.378    10.6    11.6    13.4    14.6    17.7
53877 20131027  2.422  -82.61   35.49    17.1     4.3    10.7    10.5     0.0     7.97 C    28.6     1.5    10.2    89.2    44.4    69.5   0.222   0.255   0.226   0.369   0.378    12.1    12.6    13.9    14.3    17.3
53877 20131028  2.422  -82.61   35.49    14.8     5.9    10.4    10.2     1.7     3.06 C    18.6     3.8    10.8    88.4    72.7    83.5   0.222   0.254   0.224   0.368   0.378    12.7    13.1    14.3    14.5    17.1
53877 20131029  2.422  -82.61   35.49    19.4     6.0    12.7    11.7     0.0     9.56 C    25.6     4.2    11.6    91.2    34.3    72.0   0.226   0.254   0.223   0.367   0.378    13.4    13.7    14.7    14.6    16.9
53877 20131030  2.422  -82.61   35.49    22.4     8.9    15.7    14.0     0.0     8.37 C    31.1     8.1    14.1    89.6    37.7    71.7   0.225   0.253   0.222   0.366   0.377    14.4    14.5    15.4    14.9    16.7
53877 20131031  2.422  -82.61   35.49    18.0     9.1    13.6    14.7     1.5     2.39 C    18.0     7.6    13.8    88.7    56.1    75.8   0.223   0.251   0.221   0.365   0.377    14.2    14.5    15.6    15.2    16.6
53877 20131101  2.422  -82.61   35.49    24.2     6.5    15.4    16.7     0.0    12.10 C    29.7     4.2    15.4    83.1    15.6    60.8   0.222   0.251   0.220   0.365   0.377    15.8    15.8    16.4    15.5    16.6
53877 20131102  2.422  -82.61   35.49    14.6     3.1     8.8     7.7     0.4     8.41 C    23.0     1.6     7.2    90.5    35.9    67.7   0.226   0.249   0.219   0.364   0.377    13.4    14.2    15.6    15.6    16.6
53877 20131103  2.422  -82.61   35.49    13.2    -0.3     6.4     6.9     0.0    12.38 C    20.7    -1.2     6.7    80.3    28.6    57.2   0.225   0.247   0.217   0.362   0.377    12.3    13.1    14.6    15.0    16.6
53877 20131104  2.422  -82.61   35.49    12.8    -2.6     5.1     4.9     0.0    11.21 C    20.8    -3.2     4.8    88.5    26.1    58.8   0.221   0.245   0.216   0.362   0.377    10.9    11.8    13.6    14.4    16.5
53877 20131105  2.422  -82.61   35.49    13.7    -0.5     6.6     6.1     0.0    11.04 C    23.9    -1.2     6.4    82.5    21.1    57.0   0.216   0.241   0.214   0.361   0.377    11.0    11.7    13.2    13.9    16.4
53877 20131106  2.422  -82.61   35.49    18.7     5.9    12.3    12.0     0.6     8.47 C    22.8     7.0    12.2    87.3    39.2    70.6   0.215   0.239   0.212   0.360   0.377    12.3    12.6    13.7    13.7    16.1
53877 20131107  2.422  -82.61   35.49    12.9     4.1     8.5     8.9     0.6     5.96 C    18.2     0.9     8.1    88.2    44.0    68.5   0.216   0.238   0.211   0.359   0.377    12.3    12.9    14.1    14.0    16.0
53877 20131108  2.422  -82.61   35.49    11.1    -2.7     4.2     4.3     0.0    11.70 C    20.2    -3.6     3.4    72.3    16.7    44.9   0.214   0.236   0.209   0.357   0.376    10.4    11.3    13.0    13.7    15.9
53877 20131109  2.422  -82.61   35.49    12.9    -5.2     3.8     3.5     0.0     5.88 C    20.1    -5.4     3.4    85.9    25.3    60.8   0.209   0.233   0.207   0.356   0.376     9.0    10.0    11.9    13.0    15.7
53877 20131110  2.422  -82.61   35.49    18.6    -1.6     8.5     7.4     0.0    11.01 C    25.4    -2.3     5.8    88.8    14.5    54.7   0.206   0.231   0.205   0.355   0.376     9.6    10.3    11.8    12.5    15.5
53877 20131111  2.422  -82.61   35.49    16.5    -2.8     6.8     5.5     0.0    11.01 C    24.0    -4.4     4.2    82.7    19.3    53.8   0.201   0.227   0.204   0.354   0.376     9.3    10.0    11.6    12.3    15.3
53877 20131112  2.422  -82.61   35.49    11.3    -4.4     3.5     2.1     0.0     3.59 C    14.1    -6.4     2.0    82.9    36.1    61.0   0.197   0.225   0.202   0.353   0.375     8.5     9.5    11.2    12.0    15.1
53877 20131113  2.422  -82.61   35.49     6.2    -6.5    -0.2    -1.7     0.0    11.29 C    17.1    -8.0    -1.6    70.2    16.7    46.4   0.195   0.223   0.201   0.351   0.375     6.7     7.9    10.0    11.4    14.8
53877 20131114  2.422  -82.61   35.49    13.7    -9.2     2.2     0.1     0.0     9.44 C    22.3    -9.5    -0.3    84.9    11.3    56.8   0.192   0.221   0.199   0.351   0.374     6.0     7.1     9.2    10.6    14.6
53877 20131115  2.422  -82.61   35.49    10.4    -4.7     2.8     3.5     1.9     2.96 C    12.8    -6.3     3.9    95.1    44.2    80.4   0.191   0.220   0.197   0.350   0.374     6.7     7.4     9.1    10.2    14.3
53877 20131116  2.422  -82.61   35.49    15.8     7.0    11.4    10.9     0.0     4.38 C    19.4     5.8    11.1    95.4    70.2    87.9   0.195   0.221   0.197   0.349   0.374     9.5     9.6    10.5    10.4    14.0
53877 20131117  2.422  -82.61   35.49    14.8    11.3    13.0    13.3     8.5     1.02 C    16.4     8.9    12.6    95.2    80.2    88.7   0.234   0.224   0.197   0.348   0.374    11.1    11.1    11.9    11.2    13.8
53877 20131118  2.422  -82.61   35.49    17.2     7.3    12.2    11.9     2.2    10.81 C    21.7     3.2     9.9    95.5    19.5    61.1   0.310   0.242   0.208   0.348   0.374    11.5    11.7    12.5    11.8    13.7
53877 20131119  2.422  -82.61   35.49    10.8     1.5     6.2     5.6     0.0    10.14 C    19.6     0.1     4.9    75.2    21.7    47.7   0.292   0.248   0.212   0.347   0.374     9.6    10.3    11.7    11.9    13.7
53877 20131120  2.422  -82.61   35.49     9.3    -2.7     3.3     3.8     0.0    10.39 C    18.3    -4.1     2.9    86.0    33.0    57.0   0.279   0.247   0.210   0.346   0.374     8.4     9.2    10.8    11.4    13.7
53877 20131121  2.422  -82.61   35.49     9.7     4.8     7.2     7.3     3.0     2.67 C    14.4     3.5     8.2    95.0    55.7    78.9   0.274   0.246   0.210   0.346   0.372     9.0     9.4    10.7    11.1    13.7
53877 20131122  2.422  -82.61   35.49    18.1     8.0    13.0    12.7     0.2     5.44 C    23.4     7.1    13.0    95.2    71.1    89.4   0.283   0.248   0.211   0.346   0.372    11.0    11.0    11.8    11.3    13.6
53877 20131123  2.422  -82.61   35.49    13.1     0.3     6.7     7.5     0.0     2.70 C    11.8    -1.5     6.7    92.2    44.1    71.7   0.282   0.249   0.212   0.346   0.372    10.9    11.3    12.4    11.9    13.5
53877 20131124  2.422  -82.61   35.49     1.5    -7.6    -3.1    -3.1     0.0    10.47 C    12.8    -8.0    -2.2    69.5    21.8    44.7   0.280   0.248   0.212   0.346   0.372     7.3     8.5    10.4    11.4    13.5
53877 20131125  2.422  -82.61   35.49     4.3    -8.6    -2.1    -1.8     0.0     4.38 C    13.6    -8.4    -0.5    71.9    21.7    43.0   0.279   0.247   0.211   0.346   0.372     5.5     6.6     8.7    10.3    13.4
53877 20131126  2.422  -82.61   35.49     6.2    -1.2     2.5     2.7    65.2     0.60 C     7.3    -0.1     3.7    96.2    58.5    92.1   0.380   0.324   0.317   0.377   0.383     5.8     6.5     8.3     9.4    13.2
53877 20131127  2.422  -82.61   35.49     6.1    -5.4     0.4    -1.0     5.0     3.78 C     6.0    -8.1    -1.0    93.4    56.7    74.3   0.419   0.370   0.370   0.409   0.396     5.9     6.4     8.2     8.9    12.8
53877 20131128  2.422  -82.61   35.49     7.3    -8.5    -0.6    -2.5     0.0     9.87 C    12.6   -10.3    -3.3    90.5    19.5    65.2   0.373   0.326   0.353   0.412   0.396     4.4     5.2     7.2     8.5    12.4
53877 20131129  2.422  -82.61   35.49    11.0    -6.4     2.3    -0.2     0.0     9.68 C    16.4    -7.1    -0.8    91.4    24.2    72.3   0.358   0.316   0.350   0.411   0.397     4.2     5.0     6.8     8.1    12.1
53877 20131130  2.422  -82.61   35.49     7.7    -4.6     1.5     0.2     0.0     9.53 C    15.1    -6.2    -0.4    91.0    36.6    67.0   0.350   0.313   0.348   0.399   0.398     4.4     5.0     6.7     7.8    11.9
53877 20131201  2.422  -82.61   35.49    13.3    -6.1     3.6     1.0     0.0     9.20 C    19.3    -6.7     0.6    93.0    39.2    75.6   0.348   0.308   0.345   0.397   0.399     4.5     5.1     6.7     7.6    11.6
53877 20131202  2.422  -82.61   35.49    12.6    -3.3     4.7     4.7     0.0     7.10 C    19.1    -4.7     5.1    93.1    45.4    74.7   0.345   0.305   0.328   0.396   0.398     5.5     5.8     7.1     7.6    11.4
53877 20131203  2.422  -82.61   35.49    14.3     1.5     7.9     8.3     0.0     5.82 C    20.0    -0.5     8.3    94.0    59.6    82.8   0.341   0.303   0.317   0.388   0.399     7.2     7.3     8.2     8.0    11.2
53877 20131204  2.422  -82.61   35.49    18.8     7.9    13.3    11.5     0.0     6.34 C    24.2     4.6    10.6    93.6    59.8    84.3   0.337   0.301   0.307   0.382   0.390     9.0     9.0     9.6     8.7    11.1
53877 20131205  2.422  -82.61   35.49    21.1     7.5    14.3    14.5     6.3     6.38 C    26.8     4.9    14.0    94.9    62.4    85.1   0.337   0.300   0.300   0.381   0.380    10.2    10.0    10.5     9.4    11.2
53877 20131206  2.422  -82.61   35.49    22.0     9.8    15.9    17.2     8.6     4.66 C    22.9     9.8    15.6    95.1    60.5    80.9   0.372   0.322   0.342   0.382   0.379    12.3    11.9    12.1    10.4    11.2
53877 20131207  2.422  -82.61   35.49    10.0     3.7     6.9     6.3     0.2     6.38 C    15.9     3.4     8.3    94.9    65.4    82.8   0.373   0.324   0.348   0.399   0.389    11.2    11.5    12.3    11.2    11.4
53877 20131208  2.422  -82.61   35.49     5.9     1.4     3.7     2.8     5.4     1.15 C     6.5     2.9     4.4    94.2    83.1    89.8   0.378   0.327   0.350   0.399   0.398     9.1     9.8    11.2    11.0    11.6
53877 20131209  2.422  -82.61   35.49    10.5     1.9     6.2     6.8     7.7     1.90 C    13.0     3.1     7.9    95.4    84.6    92.1   0.391   0.344   0.356   0.413   0.400     8.8     9.2    10.4    10.4    11.7
53877 20131210  2.422  -82.61   35.49     7.7    -3.3     2.2     3.6     7.3     6.63 C    12.6    -4.9     4.2    95.0    53.2    79.3   0.392   0.345   0.359   0.419   0.400     8.9     9.4    10.6    10.3    11.7
53877 20131211  2.422  -82.61   35.49     8.8    -7.2     0.8    -1.3     0.0     9.07 C    14.2    -7.4    -1.3    92.0    26.5    74.7   0.374   0.326   0.353   0.418   0.401     6.2     7.1     8.9     9.8    11.7
53877 20131212  2.422  -82.61   35.49     3.3    -6.5    -1.6    -1.5     0.0     9.09 C    11.5    -7.1    -2.0    83.9    25.8    58.0   0.364   0.319   0.344   0.403   0.401     5.1     6.0     7.8     9.0    11.6
53877 20131213  2.422  -82.61   35.49     9.1    -9.2     0.0    -1.2     0.0     7.68 C    15.4    -8.7    -0.7    88.5    25.0    67.2   0.359   0.315   0.320   0.393   0.402     4.1     4.9     6.8     8.2    11.4
53877 20131214  2.422  -82.61   35.49     5.8     2.0     3.9     4.3    20.0     1.60 C    10.4     1.6     4.4    95.5    37.0    77.3   0.401   0.348   0.349   0.405   0.402     5.3     5.7     7.1     7.8    11.2
53877 20131215  2.422  -82.61   35.49     5.3    -3.7     0.8     1.3     0.2     4.55 C     9.7    -5.4     1.5    95.6    63.9    83.8   0.387   0.348   0.362   0.420   0.403     5.7     6.2     7.6     7.9    10.8
53877 20131216  2.422  -82.61   35.49    11.3    -6.3     2.5     0.5     0.0     8.87 C    15.9    -6.7     0.1    92.9    31.8    76.3   0.371   0.325   0.354   0.410   0.403     4.5     5.2     6.8     7.6    10.6
53877 20131217  2.422  -82.61   35.49    14.6    -4.8     4.9     4.3     0.0     8.71 C    19.2    -5.8     2.5    93.0    28.4    62.2   0.364   0.320   0.344   0.401   0.403     4.7     5.2     6.6     7.3    10.5
53877 20131218  2.422  -82.61   35.49     7.6    -4.5     1.5     0.7     0.0     8.97 C    14.3    -6.0    -0.4    73.7    17.6    50.2   0.357   0.316   0.318   0.391   0.403     4.5     5.1     6.7     7.2    10.3
53877 20131219  2.422  -82.61   35.49    15.2    -6.7     4.2     2.6     0.0     5.82 C    19.6    -7.0     1.3    85.1    24.8    61.6   0.351   0.313   0.306   0.392   0.403     4.0     4.5     6.1     6.9    10.2
53877 20131220  2.422  -82.61   35.49    17.6    -1.6     8.0     6.5     0.0     7.17 C    20.1    -2.6     4.9    85.3    25.6    61.6   0.347   0.310   0.301   0.389   0.398     5.4     5.6     6.7     6.9    10.1
53877 20131221  2.422  -82.61   35.49    17.6     3.8    10.7    13.7    16.3     2.58 C    17.8     2.0    12.1    93.7    67.5    84.4   0.362   0.321   0.313   0.389   0.385     7.7     7.5     8.1     7.4     9.9
53877 20131222  2.422  -82.61   35.49    19.0    12.7    15.8    14.7    57.1     0.14 C    15.6    11.6    13.2    95.1    65.6    89.3   0.444   0.375   0.370   0.419   0.400    10.4    10.3    10.3     8.6     9.8
53877 20131223  2.422  -82.61   35.49    12.9     0.8     6.9     7.6     6.7     1.73 C    12.2    -0.4     7.7    95.2    71.2    85.3   0.433   0.371   0.378   0.423   0.402    10.0    10.2    10.8     9.6     9.9
53877 20131224  2.422  -82.61   35.49     1.7    -7.0    -2.6    -1.4     0.0     8.51 C    10.6    -7.2    -0.1    79.6    46.1    65.9   0.384   0.338   0.360   0.424   0.402     7.0     7.8     9.3     9.4    10.2
53877 20131225  2.422  -82.61   35.49     3.1   -10.2    -3.5    -4.2     0.0     9.05 C    10.8    -8.9    -3.4    88.8    32.5    65.1   0.369   0.326   0.355   0.414   0.402     4.3     5.3     7.2     8.4    10.3
53877 20131226  2.422  -82.61   35.49     8.1    -8.2    -0.1    -1.8     0.0     8.96 C    14.0    -7.6    -1.7    90.8    34.0    71.5   0.362   0.322   0.340   0.405   0.402     3.6     4.4     6.2     7.4    10.2
53877 20131227  2.422  -82.61   35.49     9.2    -7.3     1.0    -1.3     0.0     8.50 C    15.2    -7.6    -1.7    91.6    31.0    75.0   0.358   0.319   0.319   0.401   0.403     3.3     4.1     5.7     6.8    10.0
53877 20131228  2.422  -82.61   35.49     6.3    -7.2    -0.5    -0.6     7.4     2.93 C     7.9    -8.1    -0.2    95.4    49.9    85.1   0.360   0.318   0.309   0.394   0.403     3.0     3.7     5.3     6.4     9.8
53877 20131229  2.422  -82.61   35.49    11.8     0.5     6.1     4.9    16.6     6.33 C    17.1    -1.3     4.6    95.5    65.1    88.1   0.419   0.374   0.369   0.419   0.404     4.9     5.1     6.2     6.2     9.5
53877 20131230  2.422  -82.61   35.49     5.7     0.7     3.2     3.0     0.0     2.68 C     8.0    -0.8     3.5    94.3    76.8    84.5   0.383   0.341   0.356   0.423   0.404     5.0     5.4     6.6     6.5     9.2
53877 20131231  2.422  -82.61   35.49     4.2    -4.7    -0.3    -0.6     0.0     6.92 C     8.5    -5.5    -0.9    94.2    40.5    75.1   0.371   0.328   0.351   0.411   0.404     4.3     4.9     6.4     6.6     9.1
