53877 20140101  2.422  -82.61   35.49     7.4    -6.0     0.7    -0.6     0.0     6.64 C    13.6    -6.1    -0.6    91.9    36.0    74.1   0.365   0.323   0.340   0.403   0.404     3.4     4.1     5.6     6.3     9.1
53877 20140102  2.422  -82.61   35.49     7.4    -6.7     0.4     0.4     1.6     3.41 C    13.8    -5.7     1.2    92.6    52.7    81.6   0.363   0.322   0.325   0.401   0.404     3.8     4.3     5.6     6.0     9.0
53877 20140103  2.422  -82.61   35.49    -3.0   -11.1    -7.0    -7.8     0.6     9.45 C     5.1   -13.5    -6.8    82.7    28.5    57.8   0.364   0.322   0.314   0.397   0.404     2.5     3.4     5.2     5.9     8.9
53877 20140104  2.422  -82.61   35.49     7.1   -10.8    -1.9    -1.2     0.0     9.38 C    12.4    -9.6    -1.5    87.1    32.7    55.7   0.364   0.320   0.307   0.392   0.399     1.7     2.4     4.2     5.3     8.8
53877 20140105  2.422  -82.61   35.49     9.9     2.1     6.0     5.8     0.4     3.46 C    13.1     2.1     5.9    95.6    76.5    87.3   0.363   0.319   0.306   0.389   0.386     3.8     3.9     4.9     5.1     8.5
53877 20140106  2.422  -82.61   35.49     9.9   -16.6    -3.3    -5.6     1.1     4.58 C     7.5   -14.3    -3.9    93.4    39.3    60.4   0.365   0.321   0.307   0.388   0.383     3.6     4.2     5.6     5.6     8.4
53877 20140107  2.422  -82.61   35.49    -7.5   -19.2   -13.3   -14.1     0.0     9.54 C     2.9   -15.9   -10.2    78.8    31.2    54.3   0.336   0.317   0.305   0.385   0.383     0.7     1.7     3.8     5.1     8.4
53877 20140108  2.422  -82.61   35.49     7.1   -16.1    -4.5    -6.7     0.0     9.08 C    12.7   -13.2    -5.4    83.0    22.3    65.4 -99.000   0.310   0.300   0.384   0.383     0.1     1.0     2.9     4.3     8.2
53877 20140109  2.422  -82.61   35.49     8.1    -8.8    -0.4     0.1     0.4     8.26 C    16.6    -8.8     0.1    92.7    21.2    61.3 -99.000   0.308   0.297   0.384   0.382     0.1     0.9     2.6     3.9     8.0
53877 20140110  2.422  -82.61   35.49     9.9     1.2     5.5     5.5     8.1     4.56 C    15.7     0.6     5.9    95.5    85.1    92.5   0.356   0.324   0.317   0.383   0.382     1.7     1.9     3.1     3.7     7.7
53877 20140111  2.422  -82.61   35.49    14.3     3.4     8.8     8.9    31.5     2.50 C    17.3    -0.1     7.1    95.0    50.0    87.2   0.433   0.368   0.366   0.413   0.395     5.0     4.8     5.3     4.4     7.5
53877 20140112  2.422  -82.61   35.49    11.3    -2.5     4.4     4.0     0.0     9.81 C    16.7    -3.7     2.3    93.7    35.6    67.0   0.402   0.369   0.364   0.422   0.401     4.6     4.8     5.7     5.2     7.3
53877 20140113  2.422  -82.61   35.49    12.4    -3.8     4.3     3.4     0.0     4.92 C    14.3    -4.9     2.8    93.8    40.6    75.1   0.378   0.334   0.355   0.421   0.402     3.9     4.2     5.4     5.3     7.4
53877 20140114  2.422  -82.61   35.49    11.5    -2.9     4.3     4.8     0.9    10.20 C    18.1    -4.3     4.5    94.9    32.4    76.4   0.375   0.331   0.353   0.415   0.402     5.4     5.5     6.2     5.5     7.4
53877 20140115  2.422  -82.61   35.49     2.3    -4.8    -1.2    -1.4     0.8     3.83 C     6.6    -5.5    -1.2    92.5    60.2    83.2   0.371   0.326   0.351   0.405   0.402     3.6     4.2     5.6     5.7     7.5
53877 20140116  2.422  -82.61   35.49     4.8    -9.2    -2.2    -2.6     0.0    10.43 C    11.9    -9.7    -2.7    87.8    24.6    60.7   0.367   0.323   0.350   0.403   0.402     2.5     3.2     4.7     5.3     7.5
53877 20140117  2.422  -82.61   35.49    10.0    -7.8     1.1    -0.3     0.0    10.17 C    18.1    -7.9    -0.7    89.7    15.3    58.1   0.365   0.320   0.344   0.401   0.402     2.3     2.8     4.3     4.9     7.5
53877 20140118  2.422  -82.61   35.49     1.2    -8.3    -3.5    -4.1     0.0    10.82 C    11.3    -9.3    -3.2    74.6    36.0    56.0   0.361   0.318   0.328   0.396   0.403     2.0     2.6     4.1     4.6     7.4
53877 20140119  2.422  -82.61   35.49     8.5    -7.8     0.4    -1.1     0.0    10.58 C    18.7    -8.0    -1.0    85.7    33.3    66.1   0.358   0.316   0.315   0.390   0.398     2.1     2.5     3.9     4.3     7.3
53877 20140120  2.422  -82.61   35.49    15.4    -7.3     4.1     1.3     0.0    10.71 C    21.1    -8.4    -0.2    89.3    20.0    64.8   0.355   0.314   0.307   0.388   0.386     2.3     2.6     3.9     4.3     7.2
53877 20140121  2.422  -82.61   35.49     7.5    -8.9    -0.7    -1.6     0.8     4.81 C    17.5    -9.3    -2.0    88.5    38.3    71.4   0.353   0.313   0.303   0.387   0.384     2.1     2.6     4.0     4.3     7.1
53877 20140122  2.422  -82.61   35.49    -3.4   -13.3    -8.4    -8.4     0.2    11.16 C     5.8   -13.7    -6.8    75.3    28.4    53.8   0.335   0.312   0.300   0.385   0.383     1.0     1.8     3.4     4.1     7.1
53877 20140123  2.422  -82.61   35.49    -1.1   -13.3    -7.2    -6.7     0.0     8.77 C     9.1   -12.0    -5.8    66.8    29.9    46.2   0.320   0.309   0.297   0.384   0.383     0.4     1.1     2.8     3.7     6.9
53877 20140124  2.422  -82.61   35.49    -3.4   -17.2   -10.3   -11.5     0.0    11.52 C     7.9   -15.2    -8.6    75.1    18.4    47.5 -99.000   0.310   0.295   0.383   0.383     0.0     0.7     2.4     3.3     6.7
53877 20140125  2.422  -82.61   35.49     2.5   -16.5    -7.0    -5.7     0.0     3.25 C     6.7   -14.3    -5.3    81.0    26.0    59.0 -99.000   0.307   0.292   0.382   0.382    -0.2     0.5     2.0     3.0     6.6
53877 20140126  2.422  -82.61   35.49    11.6    -6.5     2.5     1.4     0.0    10.61 C    19.1    -8.9    -0.2    76.2    15.7    47.0 -99.000   0.284   0.288   0.382   0.382    -0.2     0.4     1.9     2.7     6.4
53877 20140127  2.422  -82.61   35.49    10.5    -6.0     2.2     1.6     0.0     9.24 C    19.4    -6.3     1.0    79.3    29.2    56.8 -99.000   0.291   0.285   0.381   0.381     0.0     0.5     1.9     2.6     6.2
53877 20140128  2.422  -82.61   35.49    -5.0    -9.4    -7.2    -7.4     3.5     2.40 C    -1.2   -10.8    -5.3    84.1    32.8    62.5 -99.000   0.303   0.284   0.380   0.382     0.1     0.6     2.0     2.6     6.1
53877 20140129  2.422  -82.61   35.49    -3.2   -16.1    -9.6    -9.7     0.0    12.25 C     1.8   -19.0   -10.1    78.8    20.5    54.7 -99.000   0.303   0.283   0.380   0.382     0.1     0.6     2.0     2.5     5.9
53877 20140130  2.422  -82.61   35.49     3.5   -20.3    -8.4    -8.6     0.0    12.33 C    11.6   -17.7    -7.3    82.0    25.0    57.8 -99.000   0.288   0.282   0.380   0.381    -0.1     0.5     2.0     2.5     5.8
53877 20140131  2.422  -82.61   35.49    10.4   -11.7    -0.6    -2.6     0.0    10.43 C    16.6    -9.9    -2.3    86.3    16.4    61.3 -99.000   0.275   0.280   0.379   0.381    -0.2     0.4     1.8     2.4     5.7
53877 20140201  2.422  -82.61   35.49    16.4    -7.6     4.4     2.4     0.0    11.90 C    21.6    -8.1     1.5    88.9    14.0    58.7 -99.000   0.273   0.278   0.378   0.380     0.0     0.4     1.8     2.3     5.6
53877 20140202  2.422  -82.61   35.49    18.3    -4.3     7.0     6.2     0.6     5.37 C    21.3    -5.9     4.4    91.3    41.4    72.6 -99.000   0.285   0.277   0.377   0.380     1.0     1.0     2.1     2.3     5.5
53877 20140203  2.422  -82.61   35.49    14.8     1.2     8.0     7.3    15.5     6.96 C    16.4    -1.1     7.3    95.2    67.9    86.8   0.373   0.340   0.337   0.393   0.380     4.6     4.0     4.2     3.1     5.5
53877 20140204  2.422  -82.61   35.49     5.7    -0.3     2.7     3.5     4.0     3.14 C     9.6    -1.6     4.2    95.2    71.1    83.3   0.368   0.329   0.344   0.400   0.379     4.1     4.1     4.8     4.0     5.4
53877 20140205  2.422  -82.61   35.49    13.7    -2.4     5.7     5.2     4.1    12.40 C    22.2    -0.9     6.3    95.4    52.4    77.3   0.388   0.359   0.349   0.405   0.391     5.2     5.1     5.5     4.3     5.6
53877 20140206  2.422  -82.61   35.49     1.0    -4.7    -1.8    -2.1     0.0     7.23 C    10.9    -4.4     0.4    82.0    52.9    66.8   0.369   0.327   0.346   0.402   0.398     3.7     4.1     5.2     4.8     5.7
53877 20140207  2.422  -82.61   35.49     7.1    -4.0     1.5    -0.1     0.0    10.79 C    19.5    -5.3     2.5    82.4    39.3    66.2   0.363   0.322   0.344   0.400   0.399     3.7     3.9     4.9     4.5     5.8
53877 20140208  2.422  -82.61   35.49    11.1    -3.0     4.0     2.2     0.0     8.15 C    22.7    -4.5     3.6    91.1    40.7    67.9   0.358   0.318   0.343   0.399   0.399     4.3     4.4     5.3     4.7     5.9
53877 20140209  2.422  -82.61   35.49    12.4    -4.4     4.0     2.8     0.0    11.72 C    22.7    -5.6     3.2    92.2    40.3    73.6   0.352   0.315   0.342   0.398   0.399     4.3     4.5     5.4     4.8     6.0
53877 20140210  2.422  -82.61   35.49     2.6    -0.9     0.9     0.6     6.7     1.39 C     3.0    -1.0     0.7    94.1    79.1    87.8   0.355   0.317   0.334   0.391   0.399     3.9     4.3     5.4     5.0     6.1
53877 20140211  2.422  -82.61   35.49     0.5    -2.7    -1.1    -0.9     0.0     2.12 C     2.1    -4.1    -0.6    94.0    81.5    88.5   0.370   0.330   0.344   0.390   0.390     3.3     3.7     4.9     4.8     6.2
53877 20140212  2.422  -82.61   35.49    -1.2    -5.4    -3.3    -3.7    20.6     1.38 C    -1.0    -4.1    -2.7    92.3    56.1    80.8   0.369   0.330   0.346   0.398   0.383     2.2     2.8     4.3     4.5     6.2
53877 20140213  2.422  -82.61   35.49     2.8    -3.8    -0.5    -1.2     1.7     4.51 C     0.8   -11.0    -3.0    92.8    67.9    83.9   0.371   0.332   0.347   0.398   0.382     2.2     2.6     4.0     4.2     6.2
53877 20140214  2.422  -82.61   35.49    12.1    -6.2     2.9     2.9     0.0    13.74 C     0.2   -13.1    -4.6    90.5    24.0    60.8   0.381   0.348   0.352   0.404   0.386     2.2     2.5     3.9     4.0     6.1
53877 20140215  2.422  -82.61   35.49     3.6    -4.1    -0.2    -0.1     0.2    15.33 C     1.9    -7.4    -1.9    89.3    38.3    62.8   0.397   0.368   0.355   0.414   0.398     2.3     2.5     3.8     3.9     6.0
53877 20140216  2.422  -82.61   35.49    12.1    -6.9     2.6     1.3     0.0    15.10 C    16.8    -8.9    -0.3    88.7    29.4    63.7   0.387   0.366   0.356   0.420   0.399     2.7     2.9     3.9     3.8     5.9
53877 20140217  2.422  -82.61   35.49     9.3    -4.2     2.5     2.5     0.0    10.55 C    19.1    -6.1     2.7    92.1    41.2    67.3   0.377   0.334   0.353   0.420   0.400     3.2     3.3     4.2     4.0     5.8
53877 20140218  2.422  -82.61   35.49    16.4    -2.7     6.9     6.0     0.0    15.56 C    25.6    -5.2     5.3    93.3    20.8    61.1   0.370   0.327   0.350   0.411   0.400     4.7     4.5     5.1     4.2     5.8
53877 20140219  2.422  -82.61   35.49    20.5     4.7    12.6    10.0     7.1    10.85 C    27.4     3.2     9.5    95.2    34.5    78.0   0.383   0.347   0.353   0.407   0.400     6.9     6.4     6.6     5.0     5.8
53877 20140220  2.422  -82.61   35.49    20.9     4.7    12.8    12.7     0.0     7.80 C    27.7     2.7    11.6    92.7    45.3    74.8   0.374   0.331   0.351   0.408   0.401     8.0     7.7     7.8     5.9     5.9
53877 20140221  2.422  -82.61   35.49    17.2    -2.3     7.4     9.7    19.2    13.32 C    22.6    -2.6     9.5    94.6    10.9    62.8   0.413   0.366   0.367   0.419   0.401     9.6     9.3     9.3     6.9     6.2
53877 20140222  2.422  -82.61   35.49    16.6    -1.7     7.5     6.5     0.0    16.40 C    26.5    -1.8     7.0    88.4    13.8    49.9   0.382   0.345   0.356   0.422   0.401     8.0     8.1     8.6     7.3     6.5
53877 20140223  2.422  -82.61   35.49    20.0    -2.5     8.7     7.0     0.0    14.37 C    29.2    -3.0     6.9    83.1    18.5    54.9   0.369   0.326   0.351   0.410   0.401     7.7     7.8     8.4     7.3     6.8
53877 20140224  2.422  -82.61   35.49    10.8    -2.6     4.1     4.9     0.0    16.57 C    23.7    -3.5     5.4    82.8    25.3    54.2   0.362   0.319   0.344   0.398   0.401     7.6     7.8     8.4     7.4     7.0
53877 20140225  2.422  -82.61   35.49    11.1    -3.3     3.9     3.5     0.0    14.52 C    23.6    -3.9     5.2    73.2    26.9    49.5   0.358   0.315   0.325   0.392   0.401     6.9     7.1     7.9     7.3     7.2
53877 20140226  2.422  -82.61   35.49     5.1    -4.2     0.5     0.4     0.0    14.02 C    20.4    -6.5     2.4    67.0    35.8    51.0   0.347   0.312   0.312   0.391   0.400     6.3     6.7     7.6     7.2     7.3
53877 20140227  2.422  -82.61   35.49     7.9    -8.7    -0.4    -2.2     0.0    17.86 C    21.4    -9.2    -0.6    78.5    12.3    42.8   0.340   0.308   0.304   0.389   0.400     4.6     5.3     6.6     6.7     7.4
53877 20140228  2.422  -82.61   35.49     7.1    -9.7    -1.3    -0.4     0.0    15.93 C    21.3    -9.6     1.0    78.5    22.2    44.4   0.334   0.306   0.300   0.386   0.390     4.2     4.7     5.9     6.1     7.3
53877 20140301  2.422  -82.61   35.49    14.0    -1.1     6.5     5.2     0.0    14.74 C    26.3    -3.3     6.4    83.9    31.8    46.1   0.328   0.304   0.297   0.386   0.383     5.8     5.8     6.5     5.9     7.3
53877 20140302  2.422  -82.61   35.49    20.8    -2.6     9.1     8.4     0.0     8.78 C    29.5    -3.3     7.7    89.7    37.5    65.5   0.324   0.301   0.294   0.385   0.382     6.5     6.5     7.1     6.3     7.2
53877 20140303  2.422  -82.61   35.49    10.5    -1.6     4.5     4.9     4.5     2.62 C    11.5     0.1     5.5    93.8    73.8    84.6   0.327   0.301   0.291   0.384   0.382     7.1     7.3     8.0     6.8     7.2
53877 20140304  2.422  -82.61   35.49     6.6    -3.0     1.8     0.8     0.0    15.77 C    20.8    -3.0     4.9    89.4    40.1    63.1   0.335   0.303   0.290   0.383   0.382     6.4     6.7     7.5     6.8     7.3
53877 20140305  2.422  -82.61   35.49    14.5    -3.6     5.5     3.8     0.0    13.99 C    28.1    -3.7     4.9    85.6    13.9    58.5   0.340   0.302   0.289   0.383   0.382     6.6     6.8     7.6     6.9     7.3
53877 20140306  2.422  -82.61   35.49     4.7    -2.4     1.2     1.3     4.9     6.53 C    10.5    -3.8     2.1    95.0    33.4    62.3   0.341   0.301   0.288   0.382   0.381     5.6     6.1     7.3     6.9     7.4
53877 20140307  2.422  -82.61   35.49    11.3    -1.0     5.1     4.0     8.1     9.60 C    21.4    -1.9     5.3    95.5    55.8    85.4   0.395   0.332   0.339   0.382   0.381     6.1     6.2     7.1     6.6     7.4
53877 20140308  2.422  -82.61   35.49    18.2    -2.4     7.9     6.5     0.0    18.29 C    28.4    -3.2     7.1    94.9    25.9    67.9   0.382   0.327   0.348   0.388   0.381     7.1     7.1     7.6     6.7     7.4
53877 20140309  2.422  -82.61   35.49    16.5    -0.6     7.9     7.7     0.0    17.95 C    26.5    -2.2     7.7    89.5    23.8    59.8   0.371   0.320   0.345   0.388   0.381     8.1     8.0     8.5     7.2     7.4
53877 20140310  2.422  -82.61   35.49    19.4    -2.9     8.2     7.2     0.0    18.98 C    29.3    -3.8     7.7    87.2    27.9    63.4   0.360   0.315   0.341   0.388   0.381     8.1     8.1     8.7     7.5     7.5
53877 20140311  2.422  -82.61   35.49    23.1    -1.0    11.1    10.2     0.0    19.01 C    31.6    -2.1    10.5    92.6    19.9    59.7   0.351   0.310   0.322   0.387   0.380     9.2     9.0     9.3     7.8     7.6
53877 20140312  2.422  -82.61   35.49    21.5    -0.7    10.4    10.5     1.6    10.66 C    30.3    -1.5    11.1    94.2    37.1    66.6   0.341   0.306   0.312   0.386   0.380    10.4    10.3    10.4     8.5     7.7
53877 20140313  2.422  -82.61   35.49     5.1    -5.1     0.0    -0.2     0.5    20.56 C    19.9    -5.7     2.5    85.9    18.8    44.4   0.337   0.304   0.302   0.384   0.380     8.0     8.5     9.5     8.7     8.0
53877 20140314  2.422  -82.61   35.49    15.2    -7.8     3.7     4.1     0.0    19.17 C    28.2    -7.0     5.9    77.4    17.3    43.7   0.331   0.299   0.297   0.384   0.381     7.2     7.6     8.5     8.1     8.1
53877 20140315  2.422  -82.61   35.49    18.8    -0.4     9.2     8.7     0.0    17.34 C    29.4    -1.7     9.0    82.4    22.9    52.1   0.322   0.295   0.292   0.383   0.380     8.7     8.7     9.2     8.1     8.2
53877 20140316  2.422  -82.61   35.49     8.1     3.8     6.0     5.7    15.9     1.32 C    10.1     3.0     6.6    94.5    68.6    86.4   0.361   0.317   0.318   0.382   0.379     8.2     8.5     9.4     8.4     8.2
53877 20140317  2.422  -82.61   35.49     4.2    -0.2     2.0     1.6     5.4     3.18 C     7.5     1.8     4.0    94.0    85.8    90.4   0.397   0.339   0.351   0.392   0.380     7.1     7.6     8.7     8.3     8.3
53877 20140318  2.422  -82.61   35.49     8.9    -0.2     4.4     3.9     0.0     8.04 C    14.8     1.8     6.6    93.5    69.7    84.0   0.387   0.333   0.350   0.401   0.389     7.1     7.3     8.3     7.9     8.3
53877 20140319  2.422  -82.61   35.49    12.9     2.2     7.5     6.8     0.0    15.80 C    26.3     0.9     8.9    93.4    59.1    81.3   0.379   0.328   0.348   0.401   0.386     8.7     8.6     9.2     8.0     8.3
53877 20140320  2.422  -82.61   35.49    15.1    -1.8     6.6     7.0     0.0    21.22 C    26.8    -2.5     8.2    93.7    17.8    57.7   0.373   0.321   0.346   0.400   0.382     9.2     9.2     9.8     8.4     8.3
53877 20140321  2.422  -82.61   35.49    17.8    -4.7     6.6     7.3     0.0    19.74 C    29.1    -4.8     7.9    88.6    14.8    47.1   0.361   0.316   0.328   0.398   0.382     8.7     8.9     9.6     8.6     8.4
53877 20140322  2.422  -82.61   35.49    19.4     3.2    11.3    10.7     0.0    12.06 C    26.2     2.4    10.0    84.3    27.5    53.5   0.348   0.310   0.311   0.391   0.382     9.7     9.7    10.2     8.8     8.5
53877 20140323  2.422  -82.61   35.49     8.8     1.8     5.3     5.1     5.7     4.13 C    14.4    -1.3     4.7    93.7    45.9    75.1   0.365   0.311   0.304   0.389   0.381     8.3     8.8     9.9     9.0     8.6
53877 20140324  2.422  -82.61   35.49    11.2    -3.2     4.0     3.9     0.0    21.35 C    24.3    -4.7     6.0    80.9    23.4    49.6   0.370   0.314   0.303   0.387   0.381     8.0     8.2     9.1     8.6     8.7
53877 20140325  2.422  -82.61   35.49     5.1    -3.4     0.8     0.6     3.2     8.42 C    15.9    -7.9     2.1    94.1    41.7    69.9   0.362   0.312   0.301   0.386   0.380     7.6     8.0     9.1     8.6     8.7
53877 20140326  2.422  -82.61   35.49     6.0    -5.6     0.2    -1.0     0.0    22.03 C    20.1   -10.8     0.1    70.3    22.8    44.0   0.359   0.312   0.298   0.385   0.380     6.9     7.4     8.5     8.2     8.7
53877 20140327  2.422  -82.61   35.49    14.5    -6.6     4.0     5.0     0.0    19.87 C    26.6    -6.1     6.6    79.8    17.8    41.6   0.355   0.310   0.296   0.384   0.380     7.1     7.4     8.3     7.9     8.7
53877 20140328  2.422  -82.61   35.49    16.0     8.5    12.2    12.3     0.0     6.26 C    21.3     6.0    11.8    89.1    40.4    73.1   0.348   0.308   0.294   0.384   0.380     9.0     8.9     9.4     8.2     8.6
53877 20140329  2.422  -82.61   35.49    16.5     3.6    10.1    11.2    15.4     7.46 C    25.4     3.2    11.8    94.5    65.4    84.6   0.389   0.329   0.332   0.385   0.380    10.6    10.4    10.6     8.9     8.6
53877 20140330  2.422  -82.61   35.49    11.5     1.5     6.5     6.5     0.3    23.05 C    24.9    -0.3     8.5    82.6    31.4    50.6   0.391   0.333   0.351   0.399   0.380    10.1    10.2    10.8     9.4     8.8
53877 20140331  2.422  -82.61   35.49    22.5    -2.1    10.2    10.5     0.0    23.44 C    31.0    -2.2    10.7    81.0     9.6    41.6   0.376   0.322   0.348   0.400   0.379    10.5    10.4    10.8     9.5     8.9
53877 20140401  2.422  -82.61   35.49    26.2     3.3    14.7    13.4     0.0    18.40 C    33.5     2.3    13.0    79.2    19.2    51.1   0.360   0.315   0.337   0.398   0.380    11.8    11.6    11.8     9.9     9.0
53877 20140402  2.422  -82.61   35.49    27.0     1.3    14.1    14.4     0.0    20.56 C    32.7     0.7    13.2    91.5    13.8    49.6   0.341   0.308   0.315   0.391   0.380    12.5    12.3    12.4    10.5     9.2
53877 20140403  2.422  -82.61   35.49    27.1     8.2    17.6    16.9     0.0    17.90 C    34.0     5.6    16.1    78.0    21.9    52.4   0.317   0.300   0.304   0.389   0.380    13.6    13.2    13.3    11.1     9.4
53877 20140404  2.422  -82.61   35.49    23.0     6.9    14.9    14.8     0.0     6.85 C    23.2     5.2    12.7    91.4    30.4    65.7   0.301   0.295   0.296   0.387   0.379    13.0    13.1    13.5    11.6     9.6
53877 20140405  2.422  -82.61   35.49    16.1     5.0    10.5     9.9     0.0    22.51 C    27.7     3.6    11.6    73.5    28.1    53.6   0.289   0.289   0.290   0.386   0.380    12.9    12.9    13.3    11.6     9.9
53877 20140406  2.422  -82.61   35.49    14.0     3.2     8.6     8.7     1.0    12.37 C    23.1     1.8    10.1    90.5    42.1    59.3   0.274   0.281   0.284   0.385   0.380    11.9    12.2    12.9    11.6    10.1
53877 20140407  2.422  -82.61   35.49    13.4     6.0     9.7     8.8    44.6     3.59 C    14.1     6.3     9.5    94.9    87.0    92.1   0.387   0.353   0.354   0.411   0.393    10.7    11.0    12.1    11.4    10.3
53877 20140408  2.422  -82.61   35.49    11.6     2.8     7.2     8.0     0.0     9.54 C    18.4     1.5     8.9    94.9    48.2    72.6   0.388   0.338   0.353   0.420   0.397    10.9    11.2    12.0    11.0    10.3
53877 20140409  2.422  -82.61   35.49    15.7     0.5     8.1     7.9     0.0    15.97 C    26.1     0.5     8.6    94.4    23.6    62.8   0.385   0.323   0.350   0.409   0.398    10.8    11.0    11.8    10.9    10.4
53877 20140410  2.422  -82.61   35.49    21.4    -2.1     9.7    10.2     0.0    24.33 C    30.3    -1.9    10.9    92.4    24.2    54.0   0.371   0.315   0.337   0.399   0.398    11.4    11.4    12.0    10.9    10.4
53877 20140411  2.422  -82.61   35.49    23.3     1.2    12.2    12.6     0.0    21.18 C    31.0     0.7    12.3    88.3    21.9    53.5   0.353   0.308   0.312   0.394   0.398    12.5    12.4    12.8    11.2    10.4
53877 20140412  2.422  -82.61   35.49    24.6     4.2    14.4    15.0     0.0    23.60 C    32.5     3.3    14.8    88.2    23.2    52.7   0.328   0.299   0.302   0.390   0.398    13.6    13.4    13.5    11.6    10.5
53877 20140413  2.422  -82.61   35.49    25.1     6.3    15.7    17.0     0.0    23.29 C    33.5     4.8    16.7    89.6    34.0    58.5   0.296   0.290   0.295   0.389   0.389    14.7    14.4    14.5    12.2    10.6
53877 20140414  2.422  -82.61   35.49    18.9    14.1    16.5    16.3     1.8     5.55 C    20.0    12.8    15.8    92.0    57.6    74.0   0.278   0.282   0.289   0.388   0.382    14.7    14.6    15.0    12.9    10.8
53877 20140415  2.422  -82.61   35.49    15.0    -0.1     7.4     7.2     9.5     8.31 C    16.7    -0.3     9.1    94.8    54.8    80.4   0.337   0.287   0.288   0.387   0.381    13.4    13.8    14.6    13.0    11.1
53877 20140416  2.422  -82.61   35.49    13.5    -1.9     5.8     5.2     0.0    25.96 C    25.1    -2.2     7.6    70.2    16.0    41.5   0.344   0.295   0.291   0.386   0.381    11.7    12.1    13.1    12.4    11.2
53877 20140417  2.422  -82.61   35.49    15.6    -2.1     6.8     6.7     0.0    25.37 C    26.2    -1.9     8.7    83.3    20.6    50.6   0.328   0.292   0.287   0.385   0.381    11.9    12.1    13.0    12.0    11.3
53877 20140418  2.422  -82.61   35.49    11.8     1.8     6.8     6.7     7.3     4.70 C    13.5     1.8     7.7    95.0    45.5    73.0   0.322   0.288   0.284   0.383   0.381    10.9    11.4    12.5    11.9    11.3
53877 20140419  2.422  -82.61   35.49    12.7     7.1     9.9     9.0    19.0     4.89 C    16.8     7.1    10.4    95.1    71.3    92.4   0.402   0.326   0.331   0.386   0.382    11.3    11.4    12.3    11.6    11.3
53877 20140420  2.422  -82.61   35.49    20.5     4.1    12.3    11.3     0.0    25.60 C    28.4     3.0    12.3    95.5    13.9    62.6   0.399   0.333   0.354   0.409   0.396    12.7    12.6    13.0    11.6    11.3
53877 20140421  2.422  -82.61   35.49    23.9    -0.1    11.9    12.8     0.0    22.05 C    31.2     0.3    13.3    93.2    25.8    58.4   0.380   0.316   0.350   0.405   0.397    13.3    13.2    13.6    12.1    11.3
53877 20140422  2.422  -82.61   35.49    19.0     7.7    13.3    12.9     4.3     6.39 C    22.0     6.1    12.6    94.3    56.7    81.3   0.378   0.314   0.348   0.400   0.397    13.5    13.5    14.1    12.5    11.3
53877 20140423  2.422  -82.61   35.49    19.6     4.3    12.0    12.5     0.0    26.33 C    28.1     3.0    12.4    94.5    19.6    48.5   0.376   0.314   0.333   0.392   0.397    14.0    13.9    14.3    12.6    11.4
53877 20140424  2.422  -82.61   35.49    22.2     0.1    11.2    12.1     0.0    25.38 C    29.7     0.5    12.4    89.3    23.3    49.7   0.352   0.307   0.313   0.389   0.392    13.8    13.8    14.4    12.8    11.6
53877 20140425  2.422  -82.61   35.49    24.8     8.5    16.7    16.3     0.0    13.74 C    31.6     6.8    15.0    82.1    29.5    57.4   0.331   0.299   0.304   0.388   0.383    14.4    14.4    14.9    13.1    11.6
53877 20140426  2.422  -82.61   35.49    25.3     4.8    15.1    14.9     0.0    25.77 C    31.7     3.4    14.6    92.8    21.2    54.3   0.307   0.290   0.297   0.387   0.382    14.9    14.7    15.1    13.3    11.8
53877 20140427  2.422  -82.61   35.49    27.2     4.3    15.8    17.1     0.3    22.90 C    33.3     3.7    16.6    90.3    18.1    53.7   0.274   0.279   0.289   0.386   0.381    15.5    15.3    15.6    13.6    11.9
53877 20140428  2.422  -82.61   35.49    25.3    12.9    19.1    19.5    33.9    20.46 C    31.9    11.5    19.6    94.9    42.5    70.6   0.283   0.276   0.286   0.386   0.382    17.1    16.7    16.7    14.2    12.1
53877 20140429  2.422  -82.61   35.49    22.5    15.8    19.1    18.4    41.1    13.36 C    27.8    15.7    18.9    93.9    56.7    78.5   0.416   0.367   0.369   0.420   0.398    17.5    17.4    17.5    15.1    12.3
53877 20140430  2.422  -82.61   35.49    21.4    14.2    17.8    17.2     0.8     9.96 C    24.3    14.1    17.5    91.7    53.9    78.1   0.389   0.333   0.359   0.420   0.398    17.4    17.3    17.7    15.4    12.7
53877 20140501  2.422  -82.61   35.49    18.9     8.7    13.8    13.6     0.0    26.43 C    27.5     7.6    15.1    94.1    42.2    65.6   0.375   0.319   0.342   0.406   0.398    17.2    17.2    17.6    15.5    13.0
53877 20140502  2.422  -82.61   35.49    19.3     5.2    12.3    12.4     0.0    25.96 C    28.0     5.3    14.0    83.4    29.1    52.4   0.355   0.309   0.312   0.399   0.398    16.5    16.6    17.2    15.5    13.2
53877 20140503  2.422  -82.61   35.49    22.3     3.6    13.0    13.3     0.0    25.65 C    29.8     3.3    13.8    92.6    25.2    55.5   0.332   0.301   0.304   0.393   0.399    16.2    16.3    16.9    15.4    13.3
53877 20140504  2.422  -82.61   35.49    27.8     5.4    16.6    17.2     0.0    26.24 C    33.3     4.8    16.3    90.4    19.2    51.2   0.300   0.291   0.297   0.390   0.394    16.7    16.6    17.1    15.4    13.4
53877 20140505  2.422  -82.61   35.49    30.1     7.9    19.0    18.5     0.0    23.69 C    33.8     7.1    17.2    91.5    16.0    54.1   0.265   0.278   0.289   0.388   0.384    17.3    17.2    17.5    15.6    13.5
53877 20140506  2.422  -82.61   35.49    29.0     8.5    18.7    18.5     0.0    26.03 C    33.4     7.0    17.6    91.3    23.3    55.2   0.235   0.264   0.278   0.386   0.383    17.7    17.5    17.8    15.9    13.6
53877 20140507  2.422  -82.61   35.49    27.9     6.0    16.9    17.5     0.0    25.72 C    34.0     5.4    17.3    92.7    28.6    61.4   0.211   0.247   0.266   0.385   0.382    17.7    17.6    18.0    16.1    13.7
53877 20140508  2.422  -82.61   35.49    28.5     6.2    17.4    18.2     0.0    24.76 C    34.5     5.5    17.9    93.3    25.5    62.0   0.194   0.231   0.252   0.382   0.383    18.0    17.8    18.1    16.3    13.9
53877 20140509  2.422  -82.61   35.49    24.1    11.3    17.7    17.2     4.2     8.56 C    28.2    10.1    17.0    94.4    47.7    77.9   0.193   0.223   0.242   0.381   0.382    17.5    17.6    18.1    16.4    14.0
53877 20140510  2.422  -82.61   35.49    19.8    12.9    16.4    16.3     7.6     9.04 C    22.8    11.4    17.0    95.0    76.8    91.7   0.253   0.227   0.239   0.380   0.381    17.5    17.4    17.9    16.4    14.2
53877 20140511  2.422  -82.61   35.49    27.4     9.7    18.6    18.2     0.0    26.38 C    31.1     9.1    18.5    95.1    32.5    71.9   0.271   0.237   0.240   0.379   0.381    18.3    18.0    18.2    16.4    14.3
53877 20140512  2.422  -82.61   35.49    27.1    11.2    19.1    18.5     0.0    15.50 C    32.7    10.3    18.8    94.2    44.0    80.9   0.245   0.235   0.237   0.378   0.381    18.6    18.4    18.8    16.8    14.4
53877 20140513  2.422  -82.61   35.49    28.8    12.2    20.5    20.0     0.0    24.69 C    33.7    11.6    20.2    94.2    36.2    73.1   0.224   0.231   0.234   0.377   0.381    19.3    19.0    19.2    17.0    14.6
53877 20140514  2.422  -82.61   35.49    26.0    11.6    18.8    19.7    14.1    26.67 C    33.2    10.9    20.6    94.0    44.6    70.0   0.211   0.223   0.228   0.375   0.380    19.8    19.5    19.6    17.4    14.7
53877 20140515  2.422  -82.61   35.49    21.1     7.6    14.4    14.5    58.4     7.88 C    27.3     7.4    15.6    93.9    79.7    89.5   0.410   0.351   0.347   0.416   0.397    18.6    18.8    19.5    17.7    14.9
53877 20140516  2.422  -82.61   35.49    17.0     2.3     9.6     9.7     0.0    17.17 C    25.2     2.8    11.0    93.4    43.5    66.4   0.382   0.332   0.351   0.421   0.398    16.9    17.3    18.4    17.4    15.2
53877 20140517  2.422  -82.61   35.49    16.8    -0.6     8.1     8.8     0.0    16.30 C    22.9     0.4    10.1    94.4    44.3    72.8   0.362   0.315   0.348   0.408   0.399    15.2    15.7    17.0    16.7    15.3
53877 20140518  2.422  -82.61   35.49    15.3     5.3    10.3     9.8     1.5    11.04 C    21.6     4.9    10.8    94.3    67.9    86.6   0.359   0.314   0.338   0.395   0.400    14.9    15.4    16.5    16.1    15.3
53877 20140519  2.422  -82.61   35.49    20.4     4.6    12.5    12.5     0.0    26.90 C    27.3     4.5    14.4    95.2    44.8    74.4   0.348   0.309   0.317   0.392   0.400    15.8    15.8    16.5    15.7    15.1
53877 20140520  2.422  -82.61   35.49    24.1     5.4    14.8    15.3     0.0    23.50 C    30.4     5.4    15.9    94.1    48.1    76.6   0.325   0.298   0.301   0.389   0.395    16.7    16.6    17.1    15.9    15.0
53877 20140521  2.422  -82.61   35.49    27.9     7.8    17.9    17.9     0.0    23.80 C    32.0     7.5    17.6    93.9    35.5    69.7   0.301   0.289   0.292   0.388   0.384    17.6    17.5    17.8    16.2    15.0
53877 20140522  2.422  -82.61   35.49    27.4    13.6    20.5    20.4     0.0    19.48 C    31.5    12.3    19.8    91.6    44.4    69.8   0.279   0.281   0.284   0.386   0.383    18.5    18.2    18.5    16.7    15.0
53877 20140523  2.422  -82.61   35.49    26.8    14.6    20.7    20.0     1.1    22.58 C    31.4    13.5    19.6    92.3    44.3    71.7   0.261   0.273   0.277   0.385   0.382    19.3    19.0    19.2    17.1    15.1
53877 20140524  2.422  -82.61   35.49    24.9     8.9    16.9    17.1     0.0    27.31 C    29.7     8.3    17.1    92.4    22.9    61.0   0.241   0.262   0.268   0.384   0.381    19.1    19.0    19.4    17.5    15.3
53877 20140525  2.422  -82.61   35.49    24.8     6.2    15.5    15.6     0.0    16.31 C    30.3     6.4    16.1    93.9    54.8    79.1   0.224   0.251   0.258   0.382   0.381    17.8    18.0    18.7    17.5    15.4
53877 20140526  2.422  -82.61   35.49    27.3    13.4    20.4    18.9     0.3    20.78 C    32.3    12.4    19.8    94.4    44.8    80.2   0.213   0.242   0.250   0.381   0.381    19.2    18.9    19.2    17.4    15.5
53877 20140527  2.422  -82.61   35.49    26.0    12.6    19.3    18.1     3.4    16.80 C    31.0    12.2    18.8    94.4    59.5    86.3   0.208   0.236   0.243   0.379   0.381    19.1    19.0    19.4    17.7    15.6
53877 20140528  2.422  -82.61   35.49    27.6    11.1    19.3    18.3     3.2    22.19 C    31.3    10.9    18.9    94.7    46.8    83.1   0.217   0.233   0.238   0.379   0.381    19.5    19.3    19.6    17.8    15.7
53877 20140529  2.422  -82.61   35.49    25.6    12.1    18.8    18.6     1.9    17.67 C    29.7    11.8    19.0    94.7    57.5    85.0   0.223   0.232   0.234   0.377   0.380    19.4    19.4    19.7    18.0    15.8
53877 20140530  2.422  -82.61   35.49    26.2    15.6    20.9    20.0     0.0    19.84 C    31.6    15.0    20.5    94.0    55.1    79.4   0.217   0.231   0.230   0.376   0.380    20.1    19.9    20.2    18.2    16.0
53877 20140531  2.422  -82.61   35.49    24.3    15.0    19.6    19.2     0.0    20.31 C    31.5    14.4    20.5    93.8    68.6    81.6   0.208   0.228   0.225   0.375   0.379    20.3    20.1    20.4    18.5    16.1
53877 20140601  2.422  -82.61   35.49    22.3    13.2    17.8    18.1     0.0    13.51 C    27.0    12.4    18.6    93.2    61.3    78.9   0.202   0.224   0.220   0.373   0.379    20.0    20.0    20.4    18.7    16.2
53877 20140602  2.422  -82.61   35.49    24.4    10.0    17.2    17.2     0.0    24.46 C    38.3     9.8    18.9    93.9    47.6    72.8   0.197   0.219   0.215   0.370   0.379    19.8    19.7    20.1    18.5    16.3
53877 20140603  2.422  -82.61   35.49    24.9    10.9    17.9    18.1     0.0    17.07 C    39.8     9.3    19.7    93.2    58.8    78.5   0.191   0.215   0.211   0.369   0.380    20.1    20.0    20.2    18.6    16.4
53877 20140604  2.422  -82.61   35.49    29.1    11.7    20.4    20.3     0.9    23.54 C    41.8     9.4    22.5    93.9    42.5    74.9   0.186   0.210   0.206   0.367   0.379    21.1    20.7    20.7    18.8    16.5
53877 20140605  2.422  -82.61   35.49    25.9    16.5    21.2    20.3     2.0    14.73 C    37.7    15.3    21.9    94.4    53.9    83.4   0.183   0.207   0.202   0.364   0.379    21.6    21.4    21.4    19.3    16.6
53877 20140606  2.422  -82.61   35.49    26.4    16.1    21.3    20.4     0.0    21.07 C    40.0    14.2    22.6    94.4    50.0    78.1   0.184   0.206   0.199   0.362   0.380    22.3    21.8    21.8    19.6    16.8
53877 20140607  2.422  -82.61   35.49    26.9    14.9    20.9    20.7     2.2    22.22 C    42.3    13.0    23.3    93.5    54.2    77.6   0.182   0.204   0.196   0.358   0.379    22.5    22.1    22.1    19.9    16.9
53877 20140608  2.422  -82.61   35.49    28.4    14.7    21.5    21.5     0.5    22.46 C    41.1    12.6    23.7    94.0    42.2    76.0   0.180   0.202   0.193   0.355   0.379    23.3    22.8    22.7    20.2    17.1
53877 20140609  2.422  -82.61   35.49    28.4    12.1    20.3    19.9     0.0    22.01 C    41.0    10.3    22.3    93.6    40.9    75.1   0.176   0.198   0.188   0.352   0.378    22.5    22.4    22.5    20.5    17.3
53877 20140610  2.422  -82.61   35.49    29.6    14.1    21.8    21.1     6.4    22.11 C    43.0    12.7    23.4    94.4    45.6    75.5   0.174   0.197   0.188   0.349   0.378    22.8    22.5    22.6    20.5    17.4
53877 20140611  2.422  -82.61   35.49    26.4    16.4    21.4    20.8     2.6    24.64 C    40.7    15.9    24.1    94.4    47.8    76.6   0.178   0.203   0.192   0.347   0.377    23.5    23.0    22.9    20.7    17.6
53877 20140612  2.422  -82.61   35.49    22.7    15.2    18.9    18.5     5.0    14.04 C    34.8    14.5    20.8    94.3    68.2    88.7   0.189   0.202   0.188   0.345   0.377    22.7    22.7    22.9    21.0    17.7
53877 20140613  2.422  -82.61   35.49    26.0    14.2    20.1    18.2    21.5    14.91 C    38.7    13.3    20.3    94.5    53.4    85.1   0.233   0.236   0.221   0.347   0.377    22.0    22.0    22.5    20.9    17.9
53877 20140614  2.422  -82.61   35.49    26.8    12.3    19.5    18.7     0.0    24.82 C    39.4    11.7    21.3    94.8    42.8    78.0   0.279   0.278   0.257   0.353   0.377    22.2    22.1    22.3    20.6    18.0
53877 20140615  2.422  -82.61   35.49    27.8    12.3    20.0    20.8     0.0    25.94 C    40.9    11.9    23.8    93.5    52.0    74.5   0.259   0.267   0.244   0.352   0.377    23.1    22.8    22.8    20.8    18.1
53877 20140616  2.422  -82.61   35.49    27.7    17.0    22.4    20.8     8.8    13.78 C    41.3    16.0    22.5    94.2    56.5    85.9   0.267   0.272   0.240   0.352   0.377    23.2    23.1    23.3    21.2    18.1
53877 20140617  2.422  -82.61   35.49    29.4    15.2    22.3    21.6     0.0    24.16 C    40.1    14.5    24.1    94.5    45.0    79.5   0.278   0.280   0.241   0.351   0.376    23.8    23.4    23.5    21.3    18.3
53877 20140618  2.422  -82.61   35.49    29.5    15.6    22.5    20.9     0.0    16.57 C    41.2    14.7    22.4    93.8    49.3    80.8   0.263   0.268   0.237   0.350   0.376    23.5    23.5    23.8    21.6    18.4
53877 20140619  2.422  -82.61   35.49    30.4    15.0    22.7    20.5     5.9    19.79 C    42.0    14.1    22.6    94.4    42.0    82.1   0.255   0.261   0.232   0.350   0.376    23.3    23.3    23.6    21.6    18.6
53877 20140620  2.422  -82.61   35.49    28.6    14.0    21.3    20.5     1.3    22.87 C    38.7    13.7    22.8    94.4    50.4    82.9   0.257   0.260   0.229   0.350   0.375    23.6    23.4    23.6    21.6    18.7
53877 20140621  2.422  -82.61   35.49    28.2    15.3    21.8    21.2     0.0    21.20 C    37.4    15.0    23.1    94.1    42.0    77.7   0.246   0.253   0.225   0.349   0.375    24.0    23.8    24.0    21.8    18.8
53877 20140622  2.422  -82.61   35.49    28.7    15.0    21.9    21.6     0.0    25.91 C    38.3    14.6    23.5    93.3    37.0    70.5   0.231   0.244   0.220   0.348   0.375    24.3    24.0    24.2    22.0    18.9
53877 20140623  2.422  -82.61   35.49    27.0    16.2    21.6    21.3     0.3    19.85 C    38.2    15.5    23.6    91.3    58.7    79.5   0.214   0.233   0.214   0.348   0.375    24.3    24.1    24.3    22.3    19.0
53877 20140624  2.422  -82.61   35.49    26.0    16.2    21.1    20.2    12.4    16.18 C    34.6    15.4    22.0    94.2    64.8    87.0   0.227   0.233   0.217   0.348   0.375    23.8    23.8    24.2    22.3    19.1
53877 20140625  2.422  -82.61   35.49    27.2    16.2    21.7    20.6     0.0    17.17 C    34.9    15.4    22.3    94.4    54.2    81.7   0.258   0.250   0.221   0.347   0.374    23.6    23.6    24.0    22.2    19.3
53877 20140626  2.422  -82.61   35.49    27.6    16.2    21.9    21.7     0.0    24.38 C    37.1    15.5    23.9    93.8    40.1    74.7   0.240   0.244   0.216   0.347   0.374    24.2    24.0    24.3    22.2    19.3
53877 20140627  2.422  -82.61   35.49    27.1    17.8    22.4    21.3     0.0    13.89 C    35.7    17.9    22.9    92.7    52.9    80.4   0.224   0.235   0.211   0.346   0.374    23.9    23.9    24.3    22.5    19.5
53877 20140628  2.422  -82.61   35.49    24.8    18.1    21.4    20.8     3.9    11.23 C    31.9    17.1    22.4    93.9    69.6    87.5   0.217   0.229   0.208   0.345   0.374    23.5    23.5    24.1    22.4    19.5
53877 20140629  2.422  -82.61   35.49    27.6    17.8    22.7    21.3     3.8    18.17 C    36.0    17.2    23.3    94.4    58.7    85.6   0.235   0.229   0.205   0.345   0.373    24.0    23.9    24.2    22.3    19.6
53877 20140630  2.422  -82.61   35.49    27.0    17.1    22.0    20.3    35.4    16.10 C    35.8    16.6    22.0    94.3    60.2    88.9   0.276   0.264   0.259   0.352   0.381    23.6    23.6    24.2    22.5    19.7
53877 20140701  2.422  -82.61   35.49    30.2    17.9    24.0    23.1     0.0    24.42 C    35.8    17.8    24.8    94.4    52.3    80.2   0.314   0.296   0.312   0.368   0.386    24.4    24.2    24.4    22.4    19.7
53877 20140702  2.422  -82.61   35.49    30.6    17.1    23.9    23.0     0.0    25.44 C    37.1    15.9    24.4    93.9    46.0    74.8   0.286   0.282   0.282   0.369   0.375    25.0    24.8    25.0    22.8    19.8
53877 20140703  2.422  -82.61   35.49    28.2    15.4    21.8    21.3     0.0    18.93 C    36.5    15.3    22.1    93.1    53.9    72.4   0.261   0.271   0.270   0.368   0.374    24.3    24.4    24.9    23.0    20.0
53877 20140704  2.422  -82.61   35.49    24.5    12.2    18.4    19.0     0.0    27.14 C    33.6    11.1    20.1    87.8    39.8    61.7   0.236   0.258   0.260   0.367   0.374    23.6    23.8    24.5    22.8    20.1
53877 20140705  2.422  -82.61   35.49    25.3     8.5    16.9    17.3     0.0    27.45 C    33.9     8.1    19.0    93.1    42.0    69.1   0.212   0.242   0.248   0.366   0.374    22.7    23.0    23.8    22.5    20.2
53877 20140706  2.422  -82.61   35.49    26.2     9.5    17.8    18.3     0.0    23.22 C    35.3     9.0    19.5    93.0    41.7    73.0   0.194   0.229   0.236   0.364   0.374    22.4    22.7    23.5    22.3    20.2
53877 20140707  2.422  -82.61   35.49    28.7    11.6    20.1    20.3     0.0    23.27 C    37.3    10.9    21.3    93.1    48.3    75.8   0.182   0.217   0.226   0.363   0.374    22.7    22.8    23.4    22.0    20.2
53877 20140708  2.422  -82.61   35.49    29.9    12.1    21.0    20.8     3.3    23.16 C    37.7    11.3    22.3    93.9    41.2    76.5   0.175   0.207   0.215   0.360   0.374    23.2    23.1    23.7    22.1    20.2
53877 20140709  2.422  -82.61   35.49    25.2    17.6    21.4    20.6    13.3    10.39 C    31.2    17.4    21.7    94.0    62.5    88.3   0.196   0.213   0.213   0.359   0.374    23.0    23.2    23.8    22.3    20.1
53877 20140710  2.422  -82.61   35.49    24.7    16.9    20.8    19.7     7.4    16.89 C    32.2    15.9    21.2    94.1    64.9    89.3   0.296   0.279   0.242   0.358   0.374    22.8    23.0    23.6    22.2    20.2
53877 20140711  2.422  -82.61   35.49    28.5    16.4    22.5    21.2     0.0    24.42 C    35.6    15.8    23.0    94.4    53.6    81.3   0.287   0.277   0.247   0.356   0.374    23.5    23.4    23.9    22.2    20.2
53877 20140712  2.422  -82.61   35.49    28.3    16.0    22.2    21.8     0.0    23.20 C    35.6    15.2    23.3    93.8    53.1    79.7   0.259   0.259   0.236   0.355   0.374    24.1    23.9    24.4    22.5    20.2
53877 20140713  2.422  -82.61   35.49    29.4    17.3    23.4    22.4     0.0    20.60 C    35.5    16.4    23.6    93.6    50.3    79.9   0.235   0.245   0.228   0.354   0.374    24.2    24.1    24.6    22.6    20.3
53877 20140714  2.422  -82.61   35.49    30.2    16.5    23.3    22.8     0.0    20.87 C    36.2    15.7    23.5    93.5    44.5    76.8   0.216   0.233   0.222   0.353   0.374    24.2    24.2    24.7    22.8    20.4
53877 20140715  2.422  -82.61   35.49    25.9    15.9    20.9    20.7     0.0    15.24 C    32.4    14.7    21.6    93.2    64.3    81.4   0.202   0.223   0.215   0.352   0.374    23.7    24.0    24.6    23.0    20.4
53877 20140716  2.422  -82.61   35.49    24.2    12.2    18.2    18.3     0.0    27.13 C    32.6    10.8    19.9    93.9    40.4    67.0   0.187   0.213   0.208   0.350   0.374    23.0    23.3    24.1    22.7    20.5
53877 20140717  2.422  -82.61   35.49    25.0    12.8    18.9    18.6     0.0    22.01 C    34.8    12.5    20.4    90.0    45.7    69.2   0.172   0.201   0.199   0.348   0.374    22.7    23.0    23.8    22.5    20.6
53877 20140718  2.422  -82.61   35.49    19.4    15.6    17.5    17.6    21.7     3.17 C    21.4    15.1    18.5    94.0    85.1    92.1   0.281   0.241   0.197   0.347   0.373    21.6    22.1    23.2    22.3    20.6
53877 20140719  2.422  -82.61   35.49    18.6    15.9    17.3    17.1    22.9     4.08 C    22.3    16.5    18.0    93.8    85.9    90.7   0.351   0.315   0.319   0.360   0.381    20.9    21.3    22.4    21.7    20.5
53877 20140720  2.422  -82.61   35.49    25.0    15.7    20.4    19.5     0.3    13.77 C    31.9    16.2    20.7    93.4    65.8    84.0   0.327   0.306   0.310   0.370   0.377    21.4    21.5    22.3    21.4    20.5
53877 20140721  2.422  -82.61   35.49    24.2    17.8    21.0    20.4     0.4     8.82 C    28.4    16.5    21.1    93.9    72.3    88.0   0.317   0.299   0.291   0.370   0.374    21.8    22.0    22.7    21.5    20.4
53877 20140722  2.422  -82.61   35.49    25.5    17.6    21.6    21.3     0.0    12.36 C    30.8    16.6    21.8    93.9    66.6    83.9   0.307   0.294   0.283   0.370   0.374    22.1    22.2    22.9    21.6    20.3
53877 20140723  2.422  -82.61   35.49    27.6    15.9    21.7    21.1     0.7    14.81 C    33.9    15.0    21.9    93.7    61.3    84.6   0.294   0.287   0.277   0.370   0.374    22.4    22.5    23.1    21.7    20.3
53877 20140724  2.422  -82.61   35.49    27.5    18.2    22.8    20.9    18.4    16.40 C    33.9    17.2    22.1    94.0    58.9    88.2   0.310   0.298   0.302   0.374   0.373    23.0    22.9    23.5    21.9    20.3
53877 20140725  2.422  -82.61   35.49    26.6    16.3    21.5    21.3     0.0    21.82 C    33.3    15.8    22.5    94.2    55.9    81.3   0.311   0.307   0.322   0.388   0.371    23.5    23.1    23.7    22.1    20.4
53877 20140726  2.422  -82.61   35.49    28.3    16.2    22.2    21.7     0.0    24.91 C    33.3    14.9    22.6    94.0    47.6    76.8   0.292   0.294   0.295   0.383   0.371    23.9    23.5    24.0    22.3    20.5
53877 20140727  2.422  -82.61   35.49    29.2    18.0    23.6    22.1     7.5    17.39 C    34.9    17.5    23.0    93.7    53.8    81.0   0.290   0.288   0.287   0.381   0.371    24.0    23.6    24.2    22.5    20.6
53877 20140728  2.422  -82.61   35.49    26.0    16.4    21.2    20.7     9.1    26.46 C    32.1    15.2    21.5    94.3    45.4    72.9   0.327   0.313   0.340   0.388   0.370    23.9    23.5    24.2    22.6    20.6
53877 20140729  2.422  -82.61   35.49    23.6    11.1    17.4    17.0     0.0    18.70 C    30.4    10.6    17.4    93.6    46.7    72.3   0.300   0.296   0.303   0.386   0.371    22.6    22.6    23.6    22.5    20.7
53877 20140730  2.422  -82.61   35.49    24.0     9.4    16.7    16.5     0.0    22.96 C    30.6     8.9    17.8    92.6    43.5    74.4   0.285   0.285   0.292   0.385   0.371    21.8    21.7    22.8    22.0    20.8
53877 20140731  2.422  -82.61   35.49    20.2    12.1    16.1    16.1     4.7     6.20 C    22.4    11.8    16.8    94.1    69.4    86.3   0.278   0.279   0.286   0.383   0.370    21.0    21.1    22.3    21.7    20.7
53877 20140801  2.422  -82.61   35.49    22.8    15.5    19.2    18.1     0.6    15.94 C    30.2    14.3    19.4    94.2    66.1    84.6   0.302   0.285   0.282   0.382   0.369    21.4    21.2    22.2    21.4    20.7
53877 20140802  2.422  -82.61   35.49    24.7    16.4    20.5    19.0     0.5    11.19 C    31.3    16.1    19.9    93.4    65.1    85.2   0.290   0.281   0.279   0.381   0.369    21.6    21.5    22.3    21.3    20.6
53877 20140803  2.422  -82.61   35.49    26.9    15.4    21.2    20.4     0.0    24.83 C    32.3    14.8    21.2    93.6    34.0    74.0   0.278   0.273   0.274   0.380   0.369    22.4    22.0    22.7    21.4    20.5
53877 20140804  2.422  -82.61   35.49    24.2    14.8    19.5    19.1     0.0    11.39 C    30.6    14.1    19.7    93.3    56.4    83.1   0.268   0.264   0.267   0.379   0.370    21.9    21.8    22.7    21.6    20.5
53877 20140805  2.422  -82.61   35.49    26.9    15.3    21.1    20.3     0.0    19.54 C    33.1    14.3    21.1    94.1    51.9    79.8   0.255   0.256   0.261   0.378   0.369    22.3    22.0    22.7    21.5    20.5
53877 20140806  2.422  -82.61   35.49    27.4    12.2    19.8    19.5     0.0    17.17 C    32.7    11.5    19.9    93.5    50.4    81.0   0.239   0.246   0.253   0.377   0.370    22.0    21.8    22.7    21.6    20.5
53877 20140807  2.422  -82.61   35.49    28.0    14.8    21.4    20.6     0.0    18.08 C    32.8    13.8    20.9    94.5    46.2    79.3   0.226   0.237   0.247   0.376   0.370    22.2    22.0    22.8    21.6    20.6
53877 20140808  2.422  -82.61   35.49    23.1    15.7    19.4    19.0    16.8     6.83 C    27.7    14.9    19.3    94.4    76.7    90.0   0.293   0.276   0.269   0.375   0.370    21.6    21.6    22.5    21.6    20.6
53877 20140809  2.422  -82.61   35.49    26.6    18.0    22.3    21.3    22.7    14.48 C    31.9    16.7    22.3    94.2    62.8    86.5   0.322   0.299   0.292   0.379   0.370    22.3    22.0    22.7    21.5    20.6
53877 20140810  2.422  -82.61   35.49    21.3    17.8    19.6    19.1     0.7     4.98 C    24.1    18.7    19.9    93.9    81.9    90.9   0.336   0.315   0.348   0.404   0.371    22.1    22.1    22.8    21.7    20.6
53877 20140811  2.422  -82.61   35.49    27.3    18.2    22.7    21.3     9.4    19.14 C    32.4    18.1    22.6    94.4    62.3    86.2   0.335   0.316   0.333   0.398   0.371    22.6    22.3    22.9    21.7    20.6
53877 20140812  2.422  -82.61   35.49    27.2    18.0    22.6    21.5     6.4    18.22 C    31.8    17.1    22.3    94.6    64.4    86.8   0.340   0.321   0.347   0.405   0.371    23.0    22.8    23.4    21.9    20.7
53877 20140813  2.422  -82.61   35.49    23.1    13.4    18.2    17.9     0.0    23.15 C    30.0    12.4    18.5    94.5    50.7    78.7   0.334   0.319   0.340   0.403   0.371    22.5    22.4    23.2    22.1    20.7
53877 20140814  2.422  -82.61   35.49    25.7    10.1    17.9    17.6     0.0    24.48 C    30.9     9.5    18.6    94.3    38.2    77.3   0.315   0.304   0.306   0.395   0.371    21.6    21.5    22.6    21.8    20.7
53877 20140815  2.422  -82.61   35.49    26.1    11.3    18.7    18.4     0.0    21.08 C    31.8    10.7    19.1    93.7    45.2    78.9   0.301   0.293   0.296   0.391   0.371    21.6    21.5    22.4    21.6    20.7
53877 20140816  2.422  -82.61   35.49    26.6    11.6    19.1    18.7     0.0    19.22 C    30.6    10.9    19.3    93.7    49.1    80.0   0.290   0.284   0.289   0.389   0.371    21.6    21.4    22.3    21.5    20.7
53877 20140817  2.422  -82.61   35.49    27.6    14.2    20.9    20.6     0.0    17.59 C    32.0    13.3    21.2    93.6    46.3    81.3   0.279   0.275   0.282   0.387   0.372    22.0    21.7    22.5    21.5    20.7
53877 20140818  2.422  -82.61   35.49    26.8    18.2    22.5    21.3     8.9    14.46 C    30.7    18.0    21.8    94.4    57.4    85.9   0.314   0.292   0.288   0.386   0.372    22.3    22.1    22.8    21.6    20.7
53877 20140819  2.422  -82.61   35.49    27.3    16.7    22.0    21.0     0.0    15.66 C    33.1    15.8    21.1    94.1    57.3    83.7   0.308   0.289   0.284   0.385   0.372    22.4    22.2    22.9    21.7    20.7
53877 20140820  2.422  -82.61   35.49    30.0    15.0    22.5    21.5     0.0    20.87 C    34.3    14.1    21.9    94.1    50.4    79.5   0.294   0.279   0.278   0.384   0.372    22.5    22.2    22.9    21.8    20.7
53877 20140821  2.422  -82.61   35.49    29.4    14.9    22.2    21.7     0.0    18.99 C    36.3    14.2    22.2    93.7    53.3    81.0   0.283   0.270   0.272   0.383   0.372    22.8    22.5    23.1    21.9    20.8
53877 20140822  2.422  -82.61   35.49    30.5    16.9    23.7    23.0     0.0    21.33 C    43.2    15.1    24.9    93.8    43.2    77.4   0.274   0.264   0.266   0.383   0.372    24.0    23.4    23.7    22.2    20.8
53877 20140823  2.422  -82.61   35.49    29.8    17.6    23.7    22.9     0.0    19.90 C    42.6    15.9    24.6    93.9    49.1    78.3   0.263   0.259   0.260   0.383   0.372    24.4    24.0    24.2    22.6    20.8
53877 20140824  2.422  -82.61   35.49    25.5    18.3    21.9    21.3     0.0    13.46 C    39.8    16.5    23.4    93.5    64.5    80.4   0.252   0.253   0.255   0.382   0.372    24.2    24.0    24.3    22.9    21.0
53877 20140825  2.422  -82.61   35.49    25.7    14.8    20.2    20.0     0.0    19.37 C    40.7    12.3    22.8    91.1    55.0    75.6   0.242   0.248   0.250   0.380   0.371    24.1    23.8    24.2    23.0    21.1
53877 20140826  2.422  -82.61   35.49    27.1    10.2    18.7    18.8     0.0    23.13 C    41.2     8.6    21.4    93.7    45.4    76.0   0.229   0.241   0.244   0.379   0.370    23.5    23.3    23.8    22.8    21.1
53877 20140827  2.422  -82.61   35.49    28.2    11.1    19.6    18.8     0.0    23.55 C    42.4     9.5    21.6    94.3    36.9    76.5   0.215   0.233   0.237   0.379   0.370    23.6    23.3    23.8    22.7    21.2
53877 20140828  2.422  -82.61   35.49    30.6    12.2    21.4    20.9     0.0    22.66 C    43.6    11.1    23.7    93.4    39.6    75.0   0.203   0.225   0.230   0.376   0.370    23.7    23.3    23.8    22.7    21.3
53877 20140829  2.422  -82.61   35.49    29.6    15.3    22.5    21.9     0.0    20.50 C    44.6    13.8    24.0    93.7    47.6    76.5   0.192   0.217   0.223   0.376   0.371    24.2    23.8    24.1    22.9    21.3
53877 20140830  2.422  -82.61   35.49    28.9    16.7    22.8    22.9     1.1    17.88 C    44.1    14.6    25.2    93.9    52.7    78.0   0.183   0.211   0.216   0.373   0.372    24.3    24.0    24.3    23.0    21.3
53877 20140831  2.422  -82.61   35.49    28.8    18.8    23.8    22.3    12.8    16.50 C    40.5    17.5    24.5    94.3    55.6    85.0   0.230   0.241   0.234   0.372   0.372    24.7    24.4    24.6    23.2    21.4
53877 20140901  2.422  -82.61   35.49    30.0    17.6    23.8    21.8     0.0    17.32 C    43.9    16.8    24.3    93.8    45.1    82.1   0.225   0.240   0.229   0.370   0.371    24.7    24.5    24.8    23.3    21.4
53877 20140902  2.422  -82.61   35.49    28.4    16.1    22.3    21.1    12.1    14.87 C    41.4    15.1    22.6    94.3    55.5    85.3   0.225   0.241   0.229   0.369   0.371    24.2    24.1    24.6    23.4    21.5
53877 20140903  2.422  -82.61   35.49    29.0    17.3    23.1    21.7     1.4    21.02 C    40.5    16.6    24.4    94.6    45.8    81.1   0.280   0.279   0.252   0.367   0.370    24.5    24.2    24.6    23.3    21.5
53877 20140904  2.422  -82.61   35.49    27.1    18.1    22.6    21.0    25.9    11.24 C    35.9    17.6    22.8    94.5    64.3    86.9   0.288   0.285   0.268   0.370   0.371    24.3    24.3    24.8    23.4    21.6
53877 20140905  2.422  -82.61   35.49    28.0    18.2    23.1    21.5     0.0    17.85 C    37.7    17.6    23.9    94.5    55.1    85.7   0.311   0.309   0.337   0.385   0.371    24.4    24.2    24.6    23.4    21.7
53877 20140906  2.422  -82.61   35.49    28.4    17.9    23.2    21.4     4.0    16.09 C    41.6    17.8    24.1    94.6    55.4    84.7   0.299   0.298   0.308   0.382   0.371    24.7    24.5    24.9    23.5    21.8
53877 20140907  2.422  -82.61   35.49    27.8    17.7    22.7    20.7    49.6    18.00 C    37.3    17.7    23.4    94.5    53.1    85.7   0.330   0.318   0.313   0.390   0.372    24.3    24.3    24.9    23.6    21.8
53877 20140908  2.422  -82.61   35.49    22.4    17.7    20.1    19.6    23.9    10.28 C    32.5    17.3    21.4    94.4    70.5    86.9   0.373   0.367   0.363   0.417   0.374    23.1    23.3    24.1    23.3    21.9
53877 20140909  2.422  -82.61   35.49    27.3    16.3    21.8    20.3     0.3    17.44 C    43.2    15.4    23.5    93.7    55.1    82.2   0.321   0.318   0.346   0.410   0.374    23.8    23.6    24.2    23.1    22.0
53877 20140910  2.422  -82.61   35.49    24.9    17.1    21.0    20.3     0.0    13.75 C    40.6    15.9    22.7    92.8    60.1    81.2   0.313   0.308   0.314   0.396   0.374    23.9    23.9    24.4    23.3    21.9
53877 20140911  2.422  -82.61   35.49    26.9    15.6    21.3    20.7     1.0    11.04 C    41.0    14.8    22.5    94.2    63.4    85.6   0.311   0.302   0.302   0.393   0.375    23.7    23.7    24.2    23.2    21.9
53877 20140912  2.422  -82.61   35.49    27.4    18.7    23.1    22.0    30.3    15.26 C    40.8    17.9    25.0    94.3    57.3    84.7   0.331   0.313   0.311   0.395   0.375    24.3    24.2    24.6    23.3    21.9
53877 20140913  2.422  -82.61   35.49    24.2    17.2    20.7    20.5     1.5    10.79 C    35.9    18.1    22.9    94.3    65.7    85.2   0.355   0.338   0.364   0.420   0.376    24.2    24.1    24.7    23.5    22.0
53877 20140914  2.422  -82.61   35.49    18.6    15.9    17.3    17.0     0.4     6.04 C    25.0    17.1    19.4    94.0    74.4    87.3   0.344   0.316   0.348   0.404   0.376    23.0    23.2    24.2    23.3    22.0
53877 20140915  2.422  -82.61   35.49    24.4    15.8    20.1    19.2    10.7    12.53 C    34.2    17.2    22.0    94.2    64.7    85.6   0.347   0.317   0.328   0.399   0.377    22.9    22.9    23.8    23.0    22.0
53877 20140916  2.422  -82.61   35.49    25.4    15.7    20.6    19.7     0.0    11.84 C    36.7    14.7    21.3    94.4    60.0    86.6   0.351   0.318   0.349   0.405   0.377    23.2    23.2    23.9    22.9    22.0
53877 20140917  2.422  -82.61   35.49    22.8    14.1    18.4    17.9     0.0    15.59 C    36.2    13.0    20.8    94.0    65.9    85.4   0.337   0.308   0.313   0.397   0.377    22.9    23.0    23.8    22.8    21.9
53877 20140918  2.422  -82.61   35.49 -9999.0 -9999.0 -9999.0 -9999.0 -9999.0 -9999.00 U -9999.0 -9999.0 -9999.0 -9999.0 -9999.0 -9999.0 -99.000 -99.000 -99.000 -99.000 -99.000 -9999.0 -9999.0 -9999.0 -9999.0 -9999.0
53877 20140919  2.422  -82.61   35.49    23.4    13.8    18.6    17.3     0.0    13.10 C    35.9    13.3    19.2    93.7    59.6    83.7   0.327   0.296   0.299   0.392   0.377    22.2    22.4    23.3    22.5    21.9
53877 20140920  2.422  -82.61   35.49    23.8    11.8    17.8    17.6     0.0    19.75 C    35.2    11.2    20.1    93.0    44.5    77.0   0.320   0.291   0.296   0.389   0.377    22.3    22.3    23.1    22.3    21.9
53877 20140921  2.422  -82.61   35.49    26.7    10.4    18.5    17.8     0.0    17.31 C    36.7    10.1    20.0    94.6    44.9    80.0   0.308   0.284   0.292   0.388   0.377    21.8    21.9    22.8    22.1    21.8
53877 20140922  2.422  -82.61   35.49    21.3     8.5    14.9    15.3     0.0    19.83 C    32.9     7.9    16.7    92.9    38.7    68.3   0.293   0.278   0.287   0.387   0.377    21.6    21.7    22.7    22.0    21.7
53877 20140923  2.422  -82.61   35.49    19.1     6.4    12.8    12.4     0.0    16.69 C    32.9     6.3    15.0    93.7    57.1    80.2   0.276   0.271   0.284   0.386   0.378    20.1    20.4    21.7    21.6    21.6
53877 20140924  2.422  -82.61   35.49    20.5     7.0    13.7    13.8     0.5    15.98 C    32.7     6.6    16.1    93.5    34.6    75.3   0.265   0.264   0.280   0.385   0.378    19.7    19.9    21.1    21.1    21.5
53877 20140925  2.422  -82.61   35.49    22.2    15.0    18.6    17.6     0.0    10.12 C    31.9    14.0    19.1    93.3    64.3    83.4   0.257   0.259   0.275   0.384   0.378    20.5    20.5    21.4    20.9    21.4
53877 20140926  2.422  -82.61   35.49    22.2    15.2    18.7    18.1     0.0    16.02 C    34.2    14.1    20.7    91.9    62.6    81.1   0.250   0.253   0.270   0.384   0.377    21.2    21.1    21.9    21.0    21.2
53877 20140927  2.422  -82.61   35.49    22.2    13.1    17.6    17.1     0.0    12.62 C    33.7    11.6    18.6    93.0    56.7    80.6   0.240   0.247   0.265   0.382   0.377    21.0    21.1    22.0    21.2    21.1
53877 20140928  2.422  -82.61   35.49    21.7    10.3    16.0    15.6     0.0     9.72 C    29.9     9.6    16.9    93.8    56.1    85.6   0.231   0.242   0.259   0.381   0.378    20.1    20.3    21.4    21.0    21.1
53877 20140929  2.422  -82.61   35.49    18.8    13.2    16.0    16.2     1.3     3.69 C    22.6    11.5    17.1    94.3    83.1    91.5   0.229   0.239   0.256   0.381   0.378    20.1    20.3    21.3    20.9    21.0
53877 20140930  2.422  -82.61   35.49    24.4    11.2    17.8    16.5     0.0    17.53 C    32.6     9.7    17.6    94.5    44.2    80.6   0.228   0.236   0.252   0.380   0.377    20.2    20.2    21.2    20.7    20.9
53877 20141001  2.422  -82.61   35.49    24.5     7.9    16.2    15.6     0.0    16.07 C    33.6     7.0    16.7    94.6    49.6    82.7   0.221   0.230   0.247   0.378   0.377    19.7    19.8    20.8    20.5    20.9
53877 20141002  2.422  -82.61   35.49    24.9     9.2    17.1    15.8     0.0    15.42 C    32.9     8.0    16.6    94.5    43.2    81.6   0.212   0.224   0.240   0.376   0.377    19.6    19.7    20.7    20.3    20.7
53877 20141003  2.422  -82.61   35.49    22.3    12.9    17.6    16.8     8.3     6.90 C    27.9    11.6    17.0    93.8    75.3    89.2   0.245   0.232   0.237   0.376   0.377    19.5    19.6    20.6    20.2    20.7
53877 20141004  2.422  -82.61   35.49    14.7     1.6     8.1     9.1     0.0    18.35 C    24.1     1.0    11.0    93.8    33.9    66.5   0.257   0.237   0.237   0.375   0.376    18.7    19.0    20.3    20.1    20.6
53877 20141005  2.422  -82.61   35.49    16.3    -1.5     7.4     6.6     0.0    18.51 C    25.9    -1.3     8.5    93.9    31.8    72.0   0.246   0.233   0.235   0.373   0.376    16.4    16.9    18.6    19.3    20.5
53877 20141006  2.422  -82.61   35.49    20.9     1.4    11.2    10.4     9.0    12.29 C    31.5     1.4    11.6    94.6    45.0    81.6   0.256   0.235   0.234   0.371   0.375    16.1    16.4    18.0    18.5    20.3
53877 20141007  2.422  -82.61   35.49    20.1    10.3    15.2    13.8     6.3     7.14 C    24.3     9.7    14.3    94.7    66.8    89.3   0.323   0.274   0.242   0.370   0.375    16.9    17.1    18.2    18.3    20.1
53877 20141008  2.422  -82.61   35.49    24.7    10.5    17.6    15.9     0.3    15.89 C    30.7     8.7    16.3    94.6    35.9    81.1   0.317   0.279   0.246   0.368   0.375    17.9    17.8    18.7    18.3    19.8
53877 20141009  2.422  -82.61   35.49    25.0     7.5    16.3    14.6     0.3    13.91 C    31.2     6.6    15.4    94.3    40.7    83.0   0.303   0.271   0.246   0.367   0.374    17.7    17.8    18.8    18.5    19.7
53877 20141010  2.422  -82.61   35.49    25.5    13.6    19.6    17.9     0.0    10.19 C    31.0    13.6    18.7   100.0    58.3    89.0   0.295   0.265   0.246   0.366   0.373    18.7    18.6    19.4    18.6    19.5
53877 20141011  2.422  -82.61   35.49    23.1    12.8    17.9    17.0     0.0     7.04 C    27.8    11.2    16.7    94.2    66.4    87.0   0.294   0.262   0.246   0.366   0.373    18.7    18.8    19.7    18.9    19.5
53877 20141012  2.422  -82.61   35.49    16.8    12.8    14.8    14.6     4.3     4.47 C    25.2    13.0    15.8    94.0    84.2    90.8   0.313   0.262   0.246   0.365   0.372    18.6    18.7    19.7    19.0    19.5
53877 20141013  2.422  -82.61   35.49    20.7    12.8    16.8    16.2     1.0     4.47 C    23.3    12.7    16.8    93.5    72.5    88.4   0.319   0.266   0.247   0.366   0.373    18.4    18.5    19.5    18.9    19.5
53877 20141014  2.422  -82.61   35.49    19.8    10.4    15.1    17.8    72.0     1.72 C    20.5     8.7    17.0    94.5    73.4    87.4   0.372   0.326   0.316   0.385   0.375    18.7    18.8    19.7    18.9    19.4
53877 20141015  2.422  -82.61   35.49    16.5     6.1    11.3    10.6     0.9     9.31 C    25.0     5.6    12.0    95.6    57.4    87.4   0.370   0.342   0.362   0.411   0.376    17.4    17.7    18.9    18.8    19.3
53877 20141016  2.422  -82.61   35.49    15.4     5.1    10.3    10.5     2.6     7.08 C    23.3     4.2    11.2    94.7    59.1    85.8   0.359   0.323   0.357   0.411   0.377    16.7    17.1    18.4    18.4    19.3
53877 20141017  2.422  -82.61   35.49    22.0     2.2    12.1    11.0     0.0    15.71 C    26.6     1.9    11.3    94.9    42.5    80.0   0.344   0.308   0.350   0.400   0.377    15.9    16.2    17.6    17.9    19.1
53877 20141018  2.422  -82.61   35.49    18.4     7.6    13.0    12.3     0.0    15.03 C    24.4     6.1    12.1    94.3    43.9    70.1   0.336   0.303   0.328   0.393   0.377    16.1    16.3    17.5    17.5    19.0
53877 20141019  2.422  -82.61   35.49    18.5     3.7    11.1    10.2     0.0    16.07 C    24.1     3.1    10.5    92.3    26.4    63.4   0.328   0.296   0.307   0.388   0.377    16.1    16.1    17.5    17.4    18.9
53877 20141020  2.422  -82.61   35.49    19.7     1.1    10.4     9.1     0.5    12.73 C    25.3     0.8     9.5    95.0    45.0    81.1   0.320   0.291   0.300   0.386   0.376    15.0    15.2    16.7    17.0    18.7
53877 20141021  2.422  -82.61   35.49    18.7     3.0    10.9    10.5     0.0    14.45 C    25.2     2.3     9.9    94.5    39.2    68.1   0.315   0.287   0.294   0.385   0.376    14.9    15.2    16.5    16.7    18.6
53877 20141022  2.422  -82.61   35.49    13.2     5.6     9.4     8.8     0.0    13.55 C    21.0     2.8     8.4    75.8    45.2    59.6   0.308   0.282   0.291   0.384   0.376    14.5    14.8    16.3    16.5    18.4
53877 20141023  2.422  -82.61   35.49 -9999.0 -9999.0 -9999.0 -9999.0 -9999.0 -9999.00 U -9999.0 -9999.0 -9999.0 -9999.0 -9999.0 -9999.0 -99.000 -99.000 -99.000 -99.000 -99.000 -9999.0 -9999.0 -9999.0 -9999.0 -9999.0
53877 20141024  2.422  -82.61   35.49    17.9     0.6     9.3     7.9     0.0     9.90 C    26.1    -0.3     7.8    93.8    31.4    74.4   0.279   0.262   0.256   0.368   0.373    13.7    14.9    14.6    16.0    17.9
53877 20141025  2.422  -82.61   35.49    21.0     0.1    10.6     9.5     0.0    13.56 C    25.9    -0.9     8.6    94.4    29.4    71.7   0.272   0.258   0.254   0.368   0.373    13.5    14.6    14.2    15.6    17.8
53877 20141026  2.422  -82.61   35.49    23.8     4.6    14.2    12.2     0.0    13.22 C    28.4     3.1    10.3    94.4    25.4    69.8   0.261   0.252   0.250   0.367   0.373    14.2    15.2    14.6    15.5    17.6
53877 20141027  2.422  -82.61   35.49    25.4     2.4    13.9    12.1     0.0    12.78 C    31.5     1.2    10.4    93.7    32.6    72.1   0.250   0.245   0.247   0.366   0.373    14.2    15.2    14.6    15.5    17.4
53877 20141028  2.422  -82.61   35.49    25.0     4.2    14.6    13.6     0.0    10.78 C    29.4     2.4    12.2    94.1    36.4    73.0   0.241   0.238   0.243   0.365   0.373    14.7    15.6    14.9    15.6    17.2
53877 20141029  2.422  -82.61   35.49    16.9     4.0    10.4    10.1     0.0     4.95 C    23.2     1.5     9.5    93.5    49.7    78.5   0.236   0.234   0.240   0.364   0.373    14.2    15.4    14.9    15.7    17.2
53877 20141030  2.422  -82.61   35.49    16.4    -0.8     7.8     6.2     0.0     9.78 C    22.7    -1.7     4.8    94.1    30.5    73.0   0.231   0.229   0.237   0.363   0.373    12.8    14.2    14.0    15.4    17.1
53877 20141031  2.422  -82.61   35.49    12.1    -1.6     5.2     4.4     1.6     5.20 C    19.4    -2.2     4.8    93.5    50.5    80.2   0.227   0.224   0.234   0.362   0.373    11.6    13.1    13.0    14.9    17.0
53877 20141101  2.422  -82.61   35.49     3.7    -0.5     1.6     1.4     7.3     3.03 C     3.4    -1.1     0.5    92.0    58.4    78.3   0.234   0.231   0.233   0.360   0.373     9.9    11.7    11.9    14.3    16.8
53877 20141102  2.422  -82.61   35.49     7.8    -3.0     2.4     1.8     0.0    12.10 C    17.2    -4.7     1.5    83.4    28.3    56.0   0.249   0.245   0.233   0.359   0.373     9.2    10.7    10.8    13.4    16.6
53877 20141103  2.422  -82.61   35.49    17.2    -6.2     5.5     3.3     0.0    11.61 C    22.0    -6.9     2.5    90.0    12.5    63.8   0.254   0.242   0.233   0.357   0.373     8.9    10.3    10.3    12.8    16.3
53877 20141104  2.422  -82.61   35.49    21.7    -1.4    10.1     7.6     0.0    10.55 C    24.4    -1.8     6.5    91.7    12.3    62.8   0.254   0.238   0.233   0.356   0.373    10.0    11.1    10.7    12.5    16.0
53877 20141105  2.422  -82.61   35.49    17.3     3.8    10.5     9.9     0.0     5.26 C    18.0     2.8     9.1    86.1    31.0    68.4   0.249   0.235   0.233   0.356   0.372    11.0    11.9    11.4    12.6    15.7
53877 20141106  2.422  -82.61   35.49    20.1     7.1    13.6    12.6     0.0    11.64 C    26.2     3.9    12.0    90.6    23.9    61.2   0.246   0.233   0.233   0.354   0.372    12.7    13.4    12.5    13.0    15.5
53877 20141107  2.422  -82.61   35.49    10.0    -1.9     4.0     5.3     0.0    11.59 C    17.8    -2.9     5.3    91.7    41.9    62.7   0.237   0.227   0.231   0.353   0.372    11.4    12.7    12.3    13.3    15.4
53877 20141108  2.422  -82.61   35.49    14.6    -3.6     5.5     4.1     0.0    10.70 C    21.4    -4.2     4.0    92.1    37.4    72.3   0.231   0.223   0.229   0.352   0.371    10.1    11.4    11.2    12.9    15.3
53877 20141109  2.422  -82.61   35.49    16.8    -1.6     7.6     5.6     0.0    11.04 C    22.4    -2.8     4.5    94.0    31.1    72.7   0.226   0.219   0.227   0.352   0.371    10.1    11.3    11.0    12.6    15.2
53877 20141110  2.422  -82.61   35.49    17.7    -2.4     7.6     6.8     0.0    10.79 C    23.7    -3.5     5.0    93.4    39.1    70.5   0.222   0.215   0.225   0.351   0.371     9.9    11.1    10.7    12.3    15.0
53877 20141111  2.422  -82.61   35.49    21.4    -2.1     9.7     6.9     0.0    11.24 C    25.1    -4.0     4.9    93.7    20.5    68.9   0.217   0.211   0.223   0.350   0.371     9.8    11.1    10.7    12.2    14.9
53877 20141112  2.422  -82.61   35.49    17.1     1.4     9.2     7.8     0.0     8.54 C    22.2     0.2     7.3    91.2    57.0    78.7   0.213   0.208   0.220   0.350   0.371    10.2    11.3    10.8    12.1    14.7
53877 20141113  2.422  -82.61   35.49     7.4    -1.5     2.9     3.7     0.0     2.80 C    10.6    -0.8     4.9    88.8    68.8    80.8   0.210   0.207   0.219   0.349   0.371    10.1    11.4    11.0    12.2    14.6
53877 20141114  2.422  -82.61   35.49     0.4    -6.2    -2.9    -2.9     0.0    11.29 C    11.2    -8.2    -1.4    76.6    44.3    59.7   0.208   0.205   0.217   0.348   0.371     8.0     9.7     9.8    11.8    14.4
53877 20141115  2.422  -82.61   35.49     5.9   -10.2    -2.2    -2.0     0.0    10.54 C    15.0    -9.9    -1.5    87.6    28.2    54.9   0.206   0.202   0.215   0.347   0.370     6.4     8.0     8.3    11.1    14.3
53877 20141116  2.422  -82.61   35.49    13.2    -1.2     6.0     5.4     0.0     4.97 C    17.2    -2.7     5.4    87.3    32.1    51.9   0.204   0.201   0.214   0.346   0.370     7.7     8.8     8.5    10.5    14.1
53877 20141117  2.422  -82.61   35.49    12.3    -3.7     4.3     4.5    18.7     2.02 C    16.2    -4.6     4.7    94.0    58.3    83.5   0.295   0.245   0.228   0.345   0.369     8.5     9.7     9.2    10.6    13.8
53877 20141118  2.422  -82.61   35.49    -1.3   -11.3    -6.3    -6.4     0.0     9.86 C     7.8   -11.5    -5.4    82.9    32.4    57.4   0.314   0.272   0.234   0.345   0.369     5.8     7.6     7.9    10.4    13.6
53877 20141119  2.422  -82.61   35.49     5.9   -12.6    -3.4    -4.5     0.0    10.08 C    14.6   -12.3    -4.0    85.6    23.8    60.3   0.307   0.271   0.236   0.344   0.369     4.3     5.8     6.2     9.5    13.5
53877 20141120  2.422  -82.61   35.49    12.7    -5.7     3.5     1.2     0.0    10.17 C    19.8    -7.3     0.3    84.2    20.0    64.2   0.301   0.268   0.237   0.344   0.369     5.1     6.4     6.2     8.8    13.2
53877 20141121  2.422  -82.61   35.49    10.4    -5.8     2.3    -0.2     0.0    10.17 C    17.5    -7.3    -1.3    90.2    14.9    60.9   0.297   0.266   0.238   0.344   0.369     5.1     6.4     6.3     8.7    12.9
53877 20141122  2.422  -82.61   35.49    13.7    -7.3     3.2     3.1     0.0    10.00 C    20.2    -8.3     1.6    85.1    23.2    50.5   0.293   0.264   0.238   0.344   0.369     5.1     6.3     6.1     8.4    12.6
53877 20141123  2.422  -82.61   35.49    12.9     4.9     8.9     8.2    46.5     1.02 C    10.7     5.1     7.7    94.7    31.2    78.5   0.337   0.298   0.276   0.362   0.376     7.1     8.0     7.2     8.5    12.3
53877 20141124  2.422  -82.61   35.49    21.9     4.1    13.0    10.6     0.0     9.44 C    24.2     1.5     7.9    95.8    28.6    77.6   0.360   0.335   0.330   0.405   0.396     8.8     9.6     8.6     9.0    12.0
53877 20141125  2.422  -82.61   35.49    12.8     3.2     8.0     6.9     0.0     7.63 C    18.0     0.6     5.9    94.1    26.6    61.9   0.342   0.317   0.286   0.404   0.396     8.5     9.5     8.8     9.5    11.9
53877 20141126  2.422  -82.61   35.49     9.4    -0.8     4.3     4.4    10.7     6.49 C    16.7    -1.8     4.8    94.8    51.9    85.1   0.362   0.338   0.320   0.408   0.397     8.5     9.5     8.9     9.6    11.8
53877 20141127  2.422  -82.61   35.49     4.0    -2.5     0.7     0.5     0.0     2.07 C     9.3    -2.8     0.6    94.9    60.5    77.3   0.351   0.329   0.303   0.409   0.397     6.7     8.1     8.0     9.5    11.8
53877 20141128  2.422  -82.61   35.49     5.1    -4.9     0.1    -1.5     0.0     9.37 C    11.8    -6.8    -1.3    88.3    38.7    62.5   0.343   0.324   0.287   0.400   0.397     5.6     7.0     6.9     9.0    11.8
53877 20141129  2.422  -82.61   35.49    14.3    -5.8     4.2     1.5     0.0     9.14 C    18.8    -6.1     0.9    91.8    27.2    72.1   0.338   0.321   0.284   0.397   0.398     5.6     6.7     6.5     8.5    11.6
53877 20141130  2.422  -82.61   35.49    19.0    -2.9     8.0     5.2     0.0     9.06 C    22.7    -4.3     3.5    93.1    38.1    77.3   0.334   0.317   0.282   0.398   0.398     6.3     7.3     6.8     8.3    11.5
53877 20141201  2.422  -82.61   35.49    20.4    -0.8     9.8     7.8     0.0     8.84 C    25.1    -2.0     6.3    94.2    41.8    77.9   0.330   0.313   0.280   0.394   0.398     7.3     8.2     7.4     8.4    11.4
53877 20141202  2.422  -82.61   35.49    13.6     2.7     8.1     7.8     0.0     4.36 C    20.8     0.3     7.0    94.2    74.8    87.2   0.325   0.310   0.279   0.386   0.398     8.2     9.1     8.2     8.8    11.3
53877 20141203  2.422  -82.61   35.49    18.5     5.8    12.1    10.8     0.0     4.34 C    21.2     3.1     9.0    94.0    46.8    78.1   0.326   0.308   0.277   0.383   0.397     9.0     9.8     8.9     9.2    11.2
53877 20141204  2.422  -82.61   35.49    13.9     3.3     8.6     9.3     0.0     5.35 C    19.4     0.8     8.0    93.9    55.3    72.9   0.324   0.306   0.276   0.379   0.387     9.2    10.1     9.3     9.6    11.3
53877 20141205  2.422  -82.61   35.49     9.5     6.7     8.1     8.3     1.2     1.16 C    11.2     6.4     8.5    93.2    61.6    87.1   0.323   0.304   0.275   0.378   0.381     9.3    10.3     9.5     9.8    11.3
53877 20141206  2.422  -82.61   35.49    15.9     6.4    11.1    10.3     0.5     4.74 C    19.4     5.7    10.3    93.4    72.1    83.4   0.325   0.305   0.274   0.376   0.379    10.2    11.0     9.9    10.0    11.3
53877 20141207  2.422  -82.61   35.49    11.0    -1.8     4.6     4.4     0.0     8.88 C    16.4    -3.1     3.7    87.9    38.1    66.9   0.325   0.305   0.274   0.374   0.378     9.0    10.2     9.7    10.3    11.4
53877 20141208  2.422  -82.61   35.49     3.8    -0.1     1.9     2.3     0.0     2.42 C     7.8    -1.8     2.7    87.5    34.8    60.5   0.323   0.303   0.273   0.373   0.377     7.2     8.6     8.4     9.9    11.5
53877 20141209  2.422  -82.61   35.49     5.4     0.0     2.7     2.7     1.3     2.33 C     9.8    -1.7     3.0    91.0    67.8    79.9   0.322   0.301   0.273   0.372   0.377     7.1     8.3     8.0     9.4    11.5
53877 20141210  2.422  -82.61   35.49     4.8    -1.5     1.6     1.9     0.0     4.51 C    12.7    -3.8     1.5    72.5    52.3    63.0   0.323   0.301   0.272   0.371   0.376     6.5     7.8     7.6     9.1    11.4
53877 20141211  2.422  -82.61   35.49     5.2    -2.6     1.3     0.0     0.0     8.78 C    11.9    -5.7    -1.1    73.1    33.3    58.5   0.322   0.300   0.272   0.370   0.376     5.2     6.6     6.6     8.7    11.3
53877 20141212  2.422  -82.61   35.49    10.4    -5.6     2.4     0.7     0.0     8.92 C    15.2    -7.6    -1.2    81.0    12.3    52.9   0.320   0.298   0.271   0.369   0.376     4.5     5.9     5.8     8.1    11.2
53877 20141213  2.422  -82.61   35.49    13.7    -5.4     4.2     1.7     0.0     8.74 C    16.9    -7.2    -0.4    81.0    17.4    55.6   0.317   0.296   0.270   0.368   0.375     4.4     5.7     5.5     7.6    11.0
53877 20141214  2.422  -82.61   35.49    12.3    -6.1     3.1     0.1     0.3     8.79 C    17.7    -7.4    -1.0    89.8    28.3    69.5   0.314   0.294   0.269   0.368   0.375     4.2     5.5     5.3     7.4    10.8
53877 20141215  2.422  -82.61   35.49    14.1    -7.5     3.3     1.7     0.2     7.11 C    16.7    -8.2     0.5    92.3    33.6    70.8   0.311   0.292   0.268   0.367   0.375     4.1     5.3     5.0     7.1    10.5
53877 20141216  2.422  -82.61   35.49    17.2     2.7    10.0     8.5     0.0     8.01 C    21.1     1.8     7.4    93.1    31.9    71.4   0.308   0.290   0.266   0.366   0.375     6.5     7.2     6.3     7.2    10.3
53877 20141217  2.422  -82.61   35.49     8.8     0.2     4.5     4.7     0.0     8.32 C    15.2    -2.0     3.5    85.7    53.7    71.2   0.305   0.288   0.266   0.366   0.375     6.4     7.5     6.8     7.6    10.2
53877 20141218  2.422  -82.61   35.49    11.5    -1.7     4.9     3.9     0.0     6.32 C    16.8    -2.8     4.0    91.5    19.5    60.4   0.301   0.286   0.264   0.365   0.375     6.1     7.2     6.6     7.6    10.1
53877 20141219  2.422  -82.61   35.49    10.1    -2.8     3.7     3.0     0.0     6.87 C    15.4    -4.5     2.6    84.0    41.7    65.8   0.296   0.284   0.264   0.365   0.375     6.0     7.1     6.6     7.7    10.1
53877 20141220  2.422  -82.61   35.49     7.3     2.0     4.6     4.7     0.2     4.21 C    14.5     2.1     5.4    87.9    60.7    77.4   0.291   0.282   0.262   0.363   0.375     6.7     7.6     6.9     7.7    10.0
53877 20141221  2.422  -82.61   35.49     8.8     3.7     6.2     5.3     0.0     4.08 C    13.9     4.1     6.2    94.4    65.3    83.1   0.290   0.280   0.260   0.362   0.374     7.3     8.2     7.4     7.9    10.0
53877 20141222  2.422  -82.61   35.49     6.5     3.9     5.2     4.7     0.6     1.68 C     9.9     4.2     5.6    94.2    83.8    90.5   0.288   0.279   0.260   0.361   0.374     7.3     8.3     7.6     8.2    10.0
53877 20141223  2.422  -82.61   35.49    10.1     3.9     7.0     6.9    14.7     1.69 C    11.3     3.8     7.3    94.7    87.2    92.2   0.315   0.288   0.262   0.361   0.374     7.7     8.6     7.8     8.3    10.0
53877 20141224  2.422  -82.61   35.49    13.9     6.8    10.3    10.0    23.1     2.68 C    14.5     5.7     9.8    95.0    78.7    90.6   0.378   0.352   0.343   0.407   0.394     9.0     9.6     8.6     8.6    10.0
53877 20141225  2.422  -82.61   35.49     8.4    -2.8     2.8     3.7     0.0     8.82 C    15.0    -4.3     3.2    93.4    49.0    70.1   0.361   0.335   0.320   0.410   0.398     8.0     9.2     8.6     9.0    10.0
53877 20141226  2.422  -82.61   35.49    14.3    -5.7     4.3     1.2     0.2     8.87 C    17.2    -6.2     0.8    93.2    19.5    76.4   0.351   0.325   0.292   0.405   0.398     6.0     7.3     7.1     8.6    10.0
53877 20141227  2.422  -82.61   35.49    15.1    -1.1     7.0     6.0     0.0     4.65 C    20.4    -1.3     5.8    91.3    32.5    71.9   0.346   0.321   0.289   0.398   0.399     6.7     7.7     7.0     8.2    10.1
53877 20141228  2.422  -82.61   35.49    15.0     5.8    10.4     8.8     0.3     3.72 C    18.2     3.9     8.3    92.6    63.1    81.4   0.343   0.319   0.288   0.396   0.398     8.1     8.9     7.9     8.3    10.0
53877 20141229  2.422  -82.61   35.49    12.2     7.1     9.6     9.3     9.9     2.58 C    14.6     7.3     9.5    94.9    84.7    92.2   0.369   0.339   0.318   0.401   0.399     9.0     9.7     8.7     8.7    10.0
53877 20141230  2.422  -82.61   35.49     7.1    -1.5     2.8     3.9     0.0     0.97 C     7.3    -2.3     4.6    93.3    68.3    83.9   0.362   0.333   0.300   0.403   0.399     8.2     9.4     8.7     9.0     9.9
53877 20141231  2.422  -82.61   35.49     5.4    -4.0     0.7     0.0     0.0     7.75 C    12.7    -5.1     0.8    89.6    45.6    69.0   0.355   0.327   0.294   0.401   0.400     6.5     7.8     7.6     8.8    10.0
