53877 20150101  2.422  -82.61   35.49     9.2    -6.0     1.6     0.7     0.2     8.64 C    14.6    -6.6     1.4    91.3    32.9    69.7   0.351   0.323   0.291   0.399   0.399     5.4     6.6     6.4     8.2    10.1
53877 20150102  2.422  -82.61   35.49    10.2     0.2     5.2     5.3     1.6     1.88 C    11.3    -0.8     5.5    94.6    60.2    81.2   0.348   0.320   0.289   0.398   0.399     6.4     7.4     6.7     7.9    10.0
53877 20150103  2.422  -82.61   35.49     9.9     7.0     8.4     8.4    12.7     2.22 C    12.7     6.8     8.6    94.8    89.7    91.6   0.378   0.341   0.312   0.398   0.400     7.9     8.7     7.7     8.1     9.8
53877 20150104  2.422  -82.61   35.49    18.3     5.2    11.7    11.1    20.5     4.83 C    20.3     2.2     9.7    95.2    43.3    76.9   0.408   0.375   0.352   0.417   0.401     9.2    10.0     8.8     8.5     9.8
53877 20150105  2.422  -82.61   35.49     5.2    -4.8     0.2     0.4     0.0     8.76 C    11.1    -5.3     0.9    85.7    39.3    64.4   0.379   0.353   0.338   0.419   0.401     7.1     8.5     8.1     8.9     9.8
53877 20150106  2.422  -82.61   35.49     7.2    -6.8     0.2    -1.0     0.0     7.78 C    14.4    -6.5    -1.1    90.3    35.3    67.4   0.366   0.337   0.302   0.413   0.401     5.0     6.4     6.3     8.2     9.8
53877 20150107  2.422  -82.61   35.49    -0.9   -13.9    -7.4    -5.4     0.0     7.73 C     7.8   -12.8    -4.0    76.2    39.5    57.9   0.361   0.332   0.297   0.404   0.401     3.8     5.3     5.3     7.5     9.8
53877 20150108  2.422  -82.61   35.49    -0.2   -16.2    -8.2    -9.2     0.0     9.19 C     7.1   -14.3    -7.2    65.0    19.9    43.2   0.351   0.327   0.294   0.401   0.402     1.6     3.3     3.7     6.6     9.7
53877 20150109  2.422  -82.61   35.49     1.4   -11.1    -4.9    -4.8     0.0     9.02 C    11.0    -9.8    -4.3    75.4    28.9    48.7   0.345   0.326   0.292   0.396   0.401     1.3     2.7     2.9     5.7     9.4
53877 20150110  2.422  -82.61   35.49     4.4   -13.4    -4.5    -4.6     0.0     9.56 C    11.6   -12.5    -4.8    74.4    19.3    46.5   0.345   0.325   0.289   0.391   0.401     1.0     2.4     2.4     5.1     9.1
53877 20150111  2.422  -82.61   35.49     7.7   -10.3    -1.3    -1.7     0.8     5.45 C    13.1    -9.7    -0.9    94.4    24.0    65.9   0.346   0.322   0.289   0.387   0.399     1.0     2.2     2.2     4.7     8.9
53877 20150112  2.422  -82.61   35.49     9.2     1.8     5.5     5.8     5.4     1.32 C    10.2     2.1     5.8    95.7    92.2    94.5   0.361   0.332   0.299   0.386   0.388     3.4     3.9     3.1     4.6     8.5
53877 20150113  2.422  -82.61   35.49     6.7     0.9     3.8     4.0     0.3     0.57 C     6.3     1.5     4.3    94.9    84.1    91.5   0.372   0.343   0.294   0.394   0.383     4.7     5.5     4.6     5.2     8.3
53877 20150114  2.422  -82.61   35.49     4.9    -0.1     2.4     1.8     0.0     3.23 C    10.0    -0.9     3.0    94.8    73.2    84.4   0.365   0.340   0.292   0.398   0.382     4.7     5.7     4.9     5.6     8.2
53877 20150115  2.422  -82.61   35.49     3.1    -3.7    -0.3    -0.4     0.0     2.21 C     4.7    -4.8    -0.2    93.5    53.4    80.7   0.359   0.338   0.289   0.399   0.381     3.7     4.9     4.6     5.7     8.2
53877 20150116  2.422  -82.61   35.49     8.6    -3.9     2.4     1.3     0.0     9.95 C    14.6    -5.6     0.8    91.0    38.0    72.0   0.355   0.335   0.292   0.398   0.381     4.0     5.0     4.4     5.6     8.1
53877 20150117  2.422  -82.61   35.49    11.7    -6.8     2.4     1.8     0.0     9.84 C    18.9    -7.4     0.4    91.9    31.2    67.4   0.347   0.331   0.290   0.392   0.380     3.6     4.6     4.2     5.5     8.1
53877 20150118  2.422  -82.61   35.49    11.4    -1.9     4.8     4.0     0.0     9.94 C    18.5    -4.1     2.3    91.9    23.4    59.1   0.344   0.329   0.288   0.389   0.380     4.3     5.2     4.5     5.5     8.1
53877 20150119  2.422  -82.61   35.49    17.0    -2.7     7.2     5.5     0.0     9.97 C    21.2    -5.2     2.3    74.7    16.4    48.8   0.342   0.326   0.287   0.386   0.379     4.4     5.3     4.6     5.6     8.0
53877 20150120  2.422  -82.61   35.49    18.2    -2.4     7.9     6.1     0.0     9.33 C    23.6    -4.2     4.6    85.1    22.8    58.4   0.339   0.323   0.285   0.385   0.379     5.1     5.9     5.0     5.7     7.9
53877 20150121  2.422  -82.61   35.49    13.5    -2.6     5.5     4.8     0.0    10.09 C    19.7    -5.0     3.3    90.5    22.6    62.8   0.335   0.321   0.286   0.383   0.378     5.7     6.6     5.7     6.0     7.9
53877 20150122  2.422  -82.61   35.49    11.8    -3.8     4.0     2.3     0.0     6.93 C    18.8    -5.3     1.9    87.8    24.9    63.4   0.330   0.319   0.285   0.382   0.379     4.7     5.8     5.2     6.1     7.9
53877 20150123  2.422  -82.61   35.49     4.9     1.2     3.0     2.3    16.8     1.08 C     4.6     0.9     2.8    94.6    52.3    83.0   0.363   0.339   0.304   0.387   0.379     4.7     5.8     5.3     6.1     7.9
53877 20150124  2.422  -82.61   35.49     5.5    -3.3     1.1     1.8     0.4    10.36 C    14.3    -5.0     2.4    95.2    54.1    78.5   0.372   0.351   0.330   0.406   0.390     5.2     6.2     5.4     6.0     7.9
53877 20150125  2.422  -82.61   35.49    12.9    -5.1     3.9     3.3     0.0    11.17 C    20.5    -6.5     2.4    92.5    31.5    66.8   0.361   0.338   0.303   0.405   0.400     4.6     5.5     4.9     6.0     7.8
53877 20150126  2.422  -82.61   35.49     4.2    -2.7     0.7     0.5     0.3     1.33 C     6.1    -4.7     0.2    93.4    62.3    78.4   0.357   0.332   0.300   0.403   0.400     4.2     5.4     5.0     5.9     7.8
53877 20150127  2.422  -82.61   35.49     3.6    -2.8     0.4    -1.0     0.0     6.96 C    13.2    -5.2    -0.2    80.6    52.1    68.5   0.354   0.330   0.298   0.402   0.400     3.4     4.6     4.2     5.7     7.8
53877 20150128  2.422  -82.61   35.49     7.6    -6.3     0.6    -1.1     0.0    11.48 C    15.8    -8.6    -1.3    77.7    23.3    52.9   0.350   0.327   0.296   0.398   0.399     3.1     4.2     3.9     5.4     7.7
53877 20150129  2.422  -82.61   35.49    10.8    -6.3     2.2     0.8     0.0     8.46 C    21.7    -6.8     0.9    84.8    32.8    66.2   0.347   0.325   0.297   0.392   0.390     3.2     4.2     3.7     5.1     7.6
53877 20150130  2.422  -82.61   35.49     6.0    -1.9     2.0     1.5     0.0    12.34 C    15.1    -5.2     2.0    79.4    36.5    52.9   0.344   0.325   0.295   0.389   0.386     4.2     5.1     4.4     5.2     7.6
53877 20150131  2.422  -82.61   35.49     9.0    -7.7     0.6     0.0     0.0     9.51 C    16.7    -9.1    -0.2    74.5    11.7    43.5   0.339   0.323   0.293   0.386   0.382     3.2     4.3     3.9     5.2     7.5
53877 20150201  2.422  -82.61   35.49    10.0    -0.5     4.8     4.7     7.9     3.50 C    13.4    -0.9     4.6    93.1    30.3    66.6   0.343   0.326   0.293   0.384   0.381     4.2     5.0     4.2     5.1     7.4
53877 20150202  2.422  -82.61   35.49    10.1    -5.1     2.5     2.2     5.1     7.70 C     9.8    -5.9     2.6    94.9    51.4    72.8   0.377   0.355   0.323   0.398   0.380     5.3     6.2     5.3     5.5     7.4
53877 20150203  2.422  -82.61   35.49     7.1    -8.1    -0.5    -2.3     0.0    11.82 C    15.7    -8.7    -1.6    85.6    21.2    61.9   0.368   0.345   0.308   0.404   0.383     3.4     4.5     4.2     5.5     7.4
53877 20150204  2.422  -82.61   35.49    11.7    -8.0     1.8     0.1     0.0     9.07 C    17.2    -8.1     0.1    90.0    13.9    63.5   0.364   0.341   0.304   0.403   0.384     3.1     4.1     3.7     5.1     7.4
53877 20150205  2.422  -82.61   35.49     4.0    -6.6    -1.3    -0.1     0.0    10.77 C    13.5    -9.4    -0.6    83.6    25.6    48.5   0.364   0.338   0.302   0.403   0.384     3.5     4.5     3.9     5.0     7.3
53877 20150206  2.422  -82.61   35.49     8.7   -12.1    -1.7    -3.0     0.0    10.59 C    16.3   -11.8    -3.3    79.1    11.0    47.2   0.361   0.334   0.300   0.397   0.383     2.1     3.3     3.1     4.8     7.2
53877 20150207  2.422  -82.61   35.49    17.9    -7.6     5.1     2.0     0.0    12.27 C    23.5    -8.0     1.2    77.4    15.6    51.9   0.353   0.331   0.299   0.391   0.382     2.9     3.8     3.1     4.4     7.1
53877 20150208  2.422  -82.61   35.49    20.8    -4.7     8.1     6.3     0.0    12.12 C    27.1    -6.1     4.5    85.5    20.4    57.2   0.349   0.329   0.297   0.388   0.381     4.3     4.9     3.9     4.6     7.0
53877 20150209  2.422  -82.61   35.49    11.0     6.8     8.9     8.7     9.5     1.02 C    11.7     4.0     7.7    94.8    65.9    83.3   0.365   0.338   0.302   0.387   0.381     5.9     6.5     5.3     5.1     6.9
53877 20150210  2.422  -82.61   35.49     7.8    -1.2     3.3     2.9     0.0    12.16 C    17.6    -3.2     4.2    89.5    55.7    74.1   0.377   0.351   0.311   0.398   0.381     6.3     7.0     5.9     5.7     7.0
53877 20150211  2.422  -82.61   35.49    13.2    -2.0     5.6     2.8     0.0    12.85 C    20.9    -3.6     3.6    87.7    27.7    68.8   0.374   0.344   0.310   0.401   0.381     5.9     6.7     5.8     5.9     7.0
53877 20150212  2.422  -82.61   35.49     5.8    -7.3    -0.8    -2.4     0.0    10.49 C    16.5    -8.2    -1.9    91.8    34.1    65.4   0.371   0.341   0.304   0.401   0.380     4.4     5.7     5.2     6.0     7.1
53877 20150213  2.422  -82.61   35.49     2.2    -8.2    -3.0    -4.7     0.0    11.27 C    12.7    -9.0    -3.0    67.4    15.8    45.9   0.365   0.337   0.303   0.395   0.381     2.9     4.1     3.9     5.5     7.2
53877 20150214  2.422  -82.61   35.49    10.9    -9.6     0.7     0.2     0.0    10.93 C    21.2    -9.6     0.9    75.2    29.0    51.5   0.362   0.335   0.305   0.391   0.380     3.1     4.0     3.5     4.9     7.2
53877 20150215  2.422  -82.61   35.49    -2.0   -13.0    -7.5    -7.3     0.0    14.27 C    11.2   -12.2    -4.4    60.1    13.3    30.7   0.358   0.332   0.300   0.387   0.380     2.2     3.5     3.3     4.8     7.1
53877 20150216  2.422  -82.61   35.49     0.7    -5.7    -2.5    -3.6    11.8     5.11 C    13.7    -5.4    -1.4    91.4    23.8    51.6   0.356   0.331   0.299   0.386   0.380     1.8     2.9     2.7     4.3     7.0
53877 20150217  2.422  -82.61   35.49    -0.8    -8.4    -4.6    -3.6     0.6     5.50 C     1.1    -8.5    -2.2    93.2    59.3    80.8   0.366   0.337   0.298   0.384   0.379     1.6     2.7     2.5     4.1     6.8
53877 20150218  2.422  -82.61   35.49     1.1   -12.2    -5.6    -7.3     0.0     7.76 C     5.9   -11.4    -6.0    87.3    33.6    64.9   0.377   0.348   0.302   0.385   0.379     0.8     2.1     2.0     3.8     6.6
53877 20150219  2.422  -82.61   35.49    -8.2   -17.1   -12.7   -12.7     0.0    15.73 C     4.4   -15.5    -9.3    68.9    32.4    47.5   0.387   0.346   0.306   0.397   0.379     0.3     1.6     1.5     3.4     6.5
53877 20150220  2.422  -82.61   35.49     0.0   -17.4    -8.7    -8.5     0.0    15.57 C    10.9   -14.9    -5.1    73.5    27.0    49.4 -99.000   0.339   0.305   0.397   0.379     0.0     1.3     1.1     3.1     6.3
53877 20150221  2.422  -82.61   35.49     6.6    -4.4     1.1     0.4     2.2     4.96 C    13.3    -3.8     0.6    94.5    34.7    56.1 -99.000   0.337   0.304   0.393   0.379     0.1     1.3     1.0     2.8     6.1
53877 20150222  2.422  -82.61   35.49    14.5     0.5     7.5     5.5     1.0     8.91 C    20.9    -1.1     6.0    95.5    56.2    84.9   0.398   0.352   0.313   0.394   0.379     2.2     2.6     1.6     2.7     6.0
53877 20150223  2.422  -82.61   35.49     4.9    -2.3     1.3     1.0     0.0     6.70 C    13.3    -1.3     2.7    90.3    58.2    77.9   0.388   0.348   0.315   0.398   0.385     3.4     4.1     3.1     3.3     5.8
53877 20150224  2.422  -82.61   35.49     0.8    -4.4    -1.8    -2.1     2.9     3.75 C     5.5    -5.2    -1.5    87.3    69.6    78.7   0.387   0.349   0.314   0.399   0.387     2.6     3.6     3.0     3.7     5.8
53877 20150225  2.422  -82.61   35.49     3.3    -5.6    -1.2    -1.4     8.8     6.60 C    11.1    -7.2    -0.9    93.0    45.0    70.2   0.386   0.351   0.316   0.399   0.386     2.1     3.2     2.7     3.7     5.8
53877 20150226  2.422  -82.61   35.49     2.7    -2.5     0.1    -0.4     2.6     5.43 C     0.5    -6.1    -1.6    93.6    70.9    83.9   0.388   0.351   0.315   0.400   0.386     2.3     3.3     2.8     3.7     5.7
53877 20150227  2.422  -82.61   35.49     2.8    -6.7    -1.9    -2.2     0.0    14.02 C     8.9   -10.1    -3.3    91.6    45.3    68.0   0.393   0.357   0.333   0.403   0.391     2.3     3.3     2.7     3.7     5.7
53877 20150228  2.422  -82.61   35.49     4.4    -8.0    -1.8    -1.1     0.0     9.39 C    15.0    -8.2    -0.2    88.8    40.7    57.8   0.387   0.356   0.329   0.407   0.401     2.0     3.0     2.5     3.6     5.7
53877 20150301  2.422  -82.61   35.49    13.6    -0.9     6.4     4.6     0.0     9.58 C    25.0    -3.1     6.0    89.1    54.7    74.5   0.381   0.349   0.318   0.406   0.401     4.1     4.6     3.4     3.7     5.7
53877 20150302  2.422  -82.61   35.49    11.0     0.7     5.9     5.1     0.0    10.24 C    22.3    -1.2     5.8    91.2    57.3    79.8   0.376   0.343   0.314   0.405   0.401     5.6     6.2     4.9     4.3     5.6
53877 20150303  2.422  -82.61   35.49    11.8     1.9     6.9     7.2     1.0     7.76 C    21.0     3.1     8.3    94.6    62.6    79.6   0.374   0.339   0.312   0.404   0.401     6.5     7.0     5.6     5.0     5.7
53877 20150304  2.422  -82.61   35.49    25.9     5.1    15.5    15.0     0.0    17.01 C    33.3     3.5    14.5    94.7    27.2    69.5   0.371   0.338   0.311   0.403   0.400     9.4     9.4     7.4     5.7     5.9
53877 20150305  2.422  -82.61   35.49    16.0    -3.8     6.1     3.8     7.3     1.20 C    13.0    -3.5     4.7    91.1    70.1    81.8   0.381   0.347   0.314   0.400   0.401     8.1     9.2     8.2     6.9     6.1
53877 20150306  2.422  -82.61   35.49     6.9    -8.7    -0.9    -2.2     0.0    18.82 C    19.5    -9.3     0.4    86.1    28.2    61.5   0.380   0.349   0.315   0.403   0.401     5.7     6.8     6.1     6.6     6.4
53877 20150307  2.422  -82.61   35.49    14.0    -7.9     3.1     1.5     0.0    18.53 C    24.4    -7.9     2.8    89.9    18.1    57.0   0.373   0.343   0.313   0.403   0.400     5.7     6.5     5.7     6.2     6.6
53877 20150308  2.422  -82.61   35.49    19.1    -4.9     7.1     6.2     0.0    17.64 C    28.4    -6.0     6.5    85.4    11.9    49.8   0.367   0.338   0.311   0.401   0.395     6.7     7.3     6.2     6.1     6.7
53877 20150309  2.422  -82.61   35.49    14.2     5.4     9.8     9.3     6.0     7.53 C    23.1     4.7     9.6    94.5    46.2    73.0   0.379   0.344   0.311   0.396   0.390     8.2     8.7     7.4     6.6     6.7
53877 20150310  2.422  -82.61   35.49    19.3     8.3    13.8    13.4     0.0     4.96 C    22.1     7.5    12.0    90.9    54.2    74.1   0.380   0.347   0.312   0.394   0.386     9.4     9.9     8.4     7.2     6.9
53877 20150311  2.422  -82.61   35.49    16.0     8.2    12.1    12.6     4.8     2.22 C    17.3     5.1    11.5    94.9    80.5    89.9   0.385   0.349   0.315   0.394   0.384    10.0    10.6     9.2     7.9     7.1
53877 20150312  2.422  -82.61   35.49    18.9     7.2    13.1    12.7     0.0    13.78 C    27.4     4.4    13.1    95.2    26.2    62.5   0.382   0.351   0.316   0.402   0.383    10.9    11.3     9.8     8.4     7.3
53877 20150313  2.422  -82.61   35.49    12.7     6.1     9.4     8.3     5.4     3.52 C    13.8     6.7     8.6    93.2    31.1    66.4   0.381   0.347   0.314   0.404   0.383     9.9    10.9     9.9     8.9     7.5
53877 20150314  2.422  -82.61   35.49    21.0     6.7    13.8    12.0     1.8    11.22 C    27.9     7.2    13.1    94.4    50.1    84.3   0.391   0.356   0.322   0.406   0.383    11.0    11.4     9.9     8.9     7.8
53877 20150315  2.422  -82.61   35.49    20.0     2.3    11.2    11.8     0.0    17.18 C    27.6     0.4    10.4    88.9    20.7    56.0   0.379   0.349   0.316   0.408   0.386    11.6    12.2    10.8     9.4     8.0
53877 20150316  2.422  -82.61   35.49    25.4    -0.7    12.3    10.6     0.0    18.14 C    30.1    -1.3     9.6    89.9     4.6    51.8   0.368   0.343   0.312   0.406   0.388    11.0    11.6    10.4     9.6     8.2
53877 20150317  2.422  -82.61   35.49    23.7     0.6    12.1    12.6     0.0    16.52 C    31.3    -0.1    11.6    79.3    34.1    57.2   0.357   0.338   0.308   0.399   0.387    11.5    11.9    10.6     9.7     8.4
53877 20150318  2.422  -82.61   35.49    15.6     6.8    11.2    10.9     0.0    10.28 C    25.5     4.4    10.4    61.4    16.3    42.2   0.346   0.332   0.304   0.393   0.385    11.3    12.1    10.9    10.0     8.6
53877 20150319  2.422  -82.61   35.49    10.7     4.6     7.7     6.4     5.9     1.61 C     9.0     5.4     7.1    91.8    35.9    77.2   0.354   0.331   0.302   0.389   0.383     9.9    11.0    10.3    10.0     8.8
53877 20150320  2.422  -82.61   35.49    14.9     3.8     9.4     9.3     0.0     9.35 C    25.4     3.0    10.9    94.0    64.8    82.8   0.368   0.335   0.303   0.387   0.382    10.4    11.1     9.9     9.7     9.0
53877 20150321  2.422  -82.61   35.49    20.0     7.7    13.9    12.6     0.0    18.04 C    28.5     5.7    13.4    87.1    14.1    59.0   0.361   0.333   0.302   0.386   0.381    12.3    12.6    11.1     9.9     9.0
53877 20150322  2.422  -82.61   35.49    18.3     7.0    12.6    11.7     5.4     7.48 C    25.4     6.7    11.6    94.4    30.0    64.8   0.353   0.329   0.301   0.384   0.381    12.0    12.6    11.4    10.4     9.1
53877 20150323  2.422  -82.61   35.49    19.0     7.1    13.0    12.6     0.0    17.85 C    28.2     5.2    13.3    94.8    40.3    69.6   0.376   0.335   0.300   0.383   0.380    12.9    13.3    11.9    10.7     9.3
53877 20150324  2.422  -82.61   35.49    21.1     2.4    11.7    12.3     0.0    15.07 C    29.5     1.8    12.0    93.1    39.2    64.8   0.362   0.331   0.300   0.382   0.380    12.8    13.4    12.1    11.0     9.5
53877 20150325  2.422  -82.61   35.49    16.5    11.5    14.0    13.3     1.7     3.98 C    20.4     7.5    13.0    92.2    60.7    82.6   0.357   0.328   0.298   0.382   0.380    12.7    13.4    12.3    11.3     9.6
53877 20150326  2.422  -82.61   35.49    22.8     9.8    16.3    16.0     0.6    12.33 C    28.9     9.8    15.7    93.0    34.8    70.9   0.358   0.328   0.298   0.381   0.380    14.0    14.3    12.8    11.5     9.8
53877 20150327  2.422  -82.61   35.49     9.8    -0.1     4.9     5.6     2.9    10.86 C    17.0     1.1     7.8    89.2    41.3    69.4   0.364   0.327   0.297   0.380   0.379    12.6    13.5    12.6    11.8    10.0
53877 20150328  2.422  -82.61   35.49     6.2    -3.3     1.5     0.8     0.3    21.94 C    20.2    -3.2     4.0    84.0    24.8    46.9   0.359   0.326   0.296   0.379   0.379    11.0    11.9    11.2    11.4    10.2
53877 20150329  2.422  -82.61   35.49    12.7    -5.9     3.4     3.9     0.0    21.90 C    24.3    -6.7     5.2    62.3    12.4    33.3   0.351   0.322   0.294   0.378   0.379     9.8    10.7    10.1    10.8    10.3
53877 20150330  2.422  -82.61   35.49    16.9    -1.1     7.9     7.4     3.3    18.03 C    26.0    -1.6     8.4    94.5    27.2    62.6   0.346   0.319   0.292   0.377   0.378    10.6    11.3    10.3    10.4    10.3
53877 20150331  2.422  -82.61   35.49    23.2    -1.8    10.7    10.8     0.0    21.26 C    30.0    -2.0    10.4    88.6    16.0    53.9   0.341   0.315   0.290   0.377   0.378    11.5    12.0    10.8    10.5    10.2
53877 20150401  2.422  -82.61   35.49    21.7     4.7    13.2    13.6     0.0    22.10 C    29.1     1.9    12.0    83.7    10.9    42.6   0.319   0.303   0.286   0.376   0.378    12.7    13.1    11.8    10.9    10.2
53877 20150402  2.422  -82.61   35.49    17.6     9.4    13.5    13.1     0.3     9.63 C    26.3     5.3    12.4    93.6    36.2    71.8   0.299   0.291   0.281   0.375   0.378    12.5    13.2    12.0    11.3    10.3
53877 20150403  2.422  -82.61   35.49    24.9     8.3    16.6    16.2    10.2    10.55 C    27.9     6.5    14.5    94.4    23.3    65.7   0.295   0.283   0.278   0.374   0.379    13.3    13.8    12.4    11.5    10.3
53877 20150404  2.422  -82.61   35.49    14.2    -1.3     6.4     9.2     1.2    18.78 C    24.1    -1.6     9.9    94.5    18.2    56.4   0.358   0.303   0.277   0.374   0.378    13.4    14.1    12.9    11.9    10.5
53877 20150405  2.422  -82.61   35.49    16.2    -4.6     5.8     7.2     0.0    21.29 C    25.2    -4.4     8.1    88.4    17.8    45.9   0.336   0.299   0.277   0.373   0.378    11.6    12.4    11.6    11.8    10.7
53877 20150406  2.422  -82.61   35.49    17.7     8.0    12.8    12.6    14.2     7.03 C    27.4     7.0    12.2    94.4    31.3    60.2   0.324   0.295   0.277   0.372   0.378    12.3    13.0    12.0    11.6    10.7
53877 20150407  2.422  -82.61   35.49    18.9    10.2    14.5    14.5    23.0     6.26 C    23.0     8.6    14.6    94.8    73.7    90.7   0.385   0.347   0.322   0.400   0.388    13.5    14.0    12.7    11.9    10.8
53877 20150408  2.422  -82.61   35.49    26.3    12.9    19.6    17.6     0.0    15.03 C    31.0    11.2    17.6    95.4    39.5    77.4   0.379   0.345   0.329   0.415   0.402    15.4    15.7    13.9    12.5    11.0
53877 20150409  2.422  -82.61   35.49    28.9     9.8    19.3    19.9     0.0    16.32 C    33.4     8.1    17.9    93.5    36.9    63.2   0.361   0.330   0.307   0.408   0.402    16.2    16.5    14.9    13.2    11.1
53877 20150410  2.422  -82.61   35.49    23.7    14.3    19.0    19.9     0.3     7.79 C    25.6    11.3    17.3    87.1    44.1    61.2   0.350   0.322   0.303   0.403   0.402    16.4    16.9    15.5    13.8    11.3
53877 20150411  2.422  -82.61   35.49    21.5     5.8    13.6    14.4     0.0    23.19 C    27.6     4.1    13.6    71.0    19.5    44.6   0.335   0.314   0.299   0.396   0.402    15.9    16.5    15.3    14.0    11.6
53877 20150412  2.422  -82.61   35.49    20.3     2.6    11.5    12.7     0.0    18.64 C    26.6     2.1    12.4    86.5    28.7    58.7   0.310   0.302   0.295   0.391   0.402    14.7    15.4    14.5    14.0    11.8
53877 20150413  2.422  -82.61   35.49    16.7    10.0    13.4    14.9     9.3     5.44 C    20.9     7.8    15.4    94.1    68.5    87.6   0.315   0.297   0.292   0.388   0.398    15.1    15.7    14.6    13.9    12.0
53877 20150414  2.422  -82.61   35.49    25.9    13.3    19.6    18.7     6.1    12.98 C    29.8    11.2    18.4    93.6    46.7    79.2   0.375   0.333   0.301   0.390   0.388    16.5    16.9    15.4    14.0    12.1
53877 20150415  2.422  -82.61   35.49    15.0     9.1    12.0    12.0    32.7     2.94 C    15.7     9.7    12.9    94.3    86.7    91.6   0.414   0.364   0.344   0.410   0.396    15.5    16.4    15.4    14.5    12.3
53877 20150416  2.422  -82.61   35.49    15.0     7.2    11.1    10.7     0.9     9.94 C    23.5     8.5    12.5    94.2    69.1    85.2   0.408   0.368   0.357   0.419   0.402    14.8    15.5    14.6    14.3    12.5
53877 20150417  2.422  -82.61   35.49    22.3    10.5    16.4    15.6     1.4    13.60 C    28.0    10.3    16.4    94.3    48.6    80.2   0.380   0.346   0.321   0.418   0.403    15.7    16.2    15.0    14.2    12.7
53877 20150418  2.422  -82.61   35.49    22.4    12.8    17.6    16.8     1.3     9.66 C    25.4    11.7    16.9    94.6    49.7    84.0   0.375   0.339   0.315   0.410   0.403    16.3    16.9    15.6    14.5    12.7
53877 20150419  2.422  -82.61   35.49    18.0    12.8    15.4    16.3    32.8     2.80 C    20.1    10.6    16.0    94.7    85.0    90.6   0.408   0.363   0.340   0.415   0.404    16.3    17.1    15.9    14.9    12.8
53877 20150420  2.422  -82.61   35.49    23.5     8.2    15.9    15.5     4.3    17.24 C    28.6     6.9    14.9    95.1    38.1    69.7   0.413   0.375   0.361   0.422   0.404    16.1    16.7    15.6    15.0    13.0
53877 20150421  2.422  -82.61   35.49    17.7     2.8    10.2    11.5     0.0    21.98 C    25.4     2.1    11.5    81.7    22.2    46.8   0.381   0.348   0.324   0.419   0.404    15.5    16.4    15.5    14.9    13.2
53877 20150422  2.422  -82.61   35.49    22.4     0.1    11.2    12.2     0.0    22.28 C    28.9     0.4    12.1    92.3    25.8    57.7   0.357   0.334   0.312   0.410   0.404    14.5    15.3    14.6    14.7    13.3
53877 20150423  2.422  -82.61   35.49    18.1     6.7    12.4    11.9     0.0    23.35 C    23.5     3.9    11.4    69.2    17.7    35.1   0.332   0.324   0.306   0.403   0.404    14.8    15.6    14.8    14.5    13.3
53877 20150424  2.422  -82.61   35.49    20.1     4.7    12.4    11.8     0.0    23.29 C    24.9     1.2    11.4    66.9    16.9    34.0   0.301   0.312   0.303   0.394   0.404    14.2    15.1    14.4    14.3    13.3
53877 20150425  2.422  -82.61   35.49    23.8     7.5    15.7    14.4     1.3    16.50 C    29.4     7.1    14.6    93.1    36.2    70.5   0.279   0.301   0.299   0.390   0.403    14.9    15.6    14.6    14.3    13.3
53877 20150426  2.422  -82.61   35.49    20.5     9.9    15.2    13.9     4.9     8.46 C    26.9     8.8    14.3    94.7    51.7    80.8   0.298   0.297   0.295   0.388   0.391    15.3    16.0    15.1    14.5    13.4
53877 20150427  2.422  -82.61   35.49    16.9     4.2    10.5    10.8     0.0    26.00 C    24.5     3.0    12.0    92.4    32.9    58.9   0.283   0.292   0.291   0.385   0.385    15.0    15.9    15.0    14.5    13.4
53877 20150428  2.422  -82.61   35.49    19.7     0.5    10.1    10.9     0.0    23.36 C    31.7     0.1    12.3    92.6    26.9    59.8   0.269   0.283   0.286   0.383   0.382    14.4    15.3    14.5    14.4    13.4
53877 20150429  2.422  -82.61   35.49    16.9     5.4    11.1    10.8     0.0     6.94 C    26.1     4.0    10.7    91.4    47.6    73.0   0.266   0.280   0.282   0.381   0.382    14.2    15.2    14.4    14.4    13.5
53877 20150430  2.422  -82.61   35.49    19.3     3.2    11.2    10.4     0.3    15.75 C    31.7     1.4    11.1    93.7    29.1    68.2   0.264   0.278   0.279   0.381   0.382    14.0    14.9    14.0    14.1    13.5
53877 20150501  2.422  -82.61   35.49    15.0     4.5     9.7     9.6     0.0    16.20 C    28.4     2.2    10.4    90.7    49.7    65.8   0.259   0.275   0.276   0.379   0.381    13.9    14.9    14.0    14.1    13.5
53877 20150502  2.422  -82.61   35.49    21.7     1.4    11.5    11.8     0.0    25.57 C    33.0    -0.1    12.9    93.2    22.1    59.9   0.252   0.265   0.271   0.378   0.381    14.3    15.1    14.0    13.9    13.5
53877 20150503  2.422  -82.61   35.49    24.0     3.0    13.5    14.3     0.0    21.36 C    34.3     1.5    15.0    92.4    28.5    59.7   0.241   0.255   0.264   0.377   0.381    15.2    15.8    14.5    14.1    13.5
53877 20150504  2.422  -82.61   35.49    25.3     7.0    16.1    15.8     0.0    17.22 C    35.4     5.1    15.8    91.9    31.7    64.0   0.231   0.246   0.255   0.376   0.381    16.0    16.6    15.2    14.5    13.5
53877 20150505  2.422  -82.61   35.49    25.4     8.3    16.8    17.0     0.0    19.48 C    35.9     6.0    16.9    92.9    34.6    65.0   0.222   0.237   0.247   0.375   0.381    16.7    17.2    15.7    14.8    13.5
53877 20150506  2.422  -82.61   35.49    26.9     7.0    16.9    17.1     0.0    24.34 C    36.4     4.9    17.3    93.2    29.5    62.6   0.212   0.226   0.238   0.375   0.381    17.1    17.7    16.2    15.2    13.6
53877 20150507  2.422  -82.61   35.49    25.8     8.9    17.3    16.8     0.2    16.75 C    36.3     7.3    17.2    92.3    40.2    72.9   0.202   0.218   0.231   0.373   0.380    17.4    18.0    16.6    15.5    13.7
53877 20150508  2.422  -82.61   35.49    27.4     9.9    18.7    18.2     0.0    19.48 C    37.5     8.1    19.3    93.5    37.7    73.1   0.196   0.211   0.224   0.371   0.380    18.1    18.6    17.0    15.8    13.9
53877 20150509  2.422  -82.61   35.49    26.8    11.2    19.0    18.5     0.0    21.86 C    36.1     9.2    19.2    93.6    33.8    69.0   0.188   0.202   0.215   0.370   0.380    18.7    19.2    17.6    16.2    14.0
53877 20150510  2.422  -82.61   35.49    28.9    10.5    19.7    19.8     0.0    25.10 C    38.0     8.6    20.6    93.2    32.2    68.5   0.177   0.192   0.204   0.368   0.380    19.2    19.6    18.0    16.6    14.2
53877 20150511  2.422  -82.61   35.49    29.3    12.8    21.0    18.9     2.3    16.52 C    40.8    10.8    20.0    93.9    42.8    84.3   0.169   0.184   0.196   0.367   0.380    19.4    19.9    18.4    16.9    14.4
53877 20150512  2.422  -82.61   35.49    27.5    13.4    20.5    19.4     0.0    17.40 C    37.0    11.6    19.7    94.4    32.0    67.7   0.169   0.182   0.193   0.365   0.379    19.6    20.1    18.6    17.2    14.6
53877 20150513  2.422  -82.61   35.49    25.6     9.2    17.4    17.5     0.0    26.98 C    37.0     7.1    18.5    82.6    15.5    45.2   0.162   0.176   0.185   0.363   0.379    19.3    19.9    18.5    17.3    14.8
53877 20150514  2.422  -82.61   35.49    23.2     5.7    14.4    15.5     0.0    23.13 C    34.9     4.7    17.5    92.0    44.0    66.9   0.153   0.167   0.175   0.360   0.379    18.3    19.0    17.9    17.3    14.9
53877 20150515  2.422  -82.61   35.49    24.8    15.3    20.1    19.2     0.0    17.31 C    39.0    13.3    20.6    88.8    53.9    71.9   0.148   0.162   0.168   0.356   0.379    19.5    20.0    18.5    17.3    15.1
53877 20150516  2.422  -82.61   35.49    25.4    12.2    18.8    18.1     5.8    13.70 C    38.2    10.4    19.2    93.8    51.1    82.9   0.154   0.160   0.165   0.353   0.378    19.2    19.8    18.6    17.5    15.2
53877 20150517  2.422  -82.61   35.49    23.8    13.3    18.5    18.2     2.1     9.79 C    29.5    11.7    18.7    94.3    62.0    89.2   0.168   0.163   0.167   0.351   0.378    19.1    19.8    18.5    17.6    15.3
53877 20150518  2.422  -82.61   35.49    26.2    14.2    20.2    18.9     1.9    16.01 C    36.6    13.2    20.4    94.4    52.6    86.4   0.168   0.166   0.169   0.348   0.378    19.7    20.2    18.8    17.7    15.5
53877 20150519  2.422  -82.61   35.49    26.5    14.9    20.7    20.0     0.0    18.73 C    37.6    12.7    20.8    94.2    45.6    75.1   0.166   0.166   0.168   0.343   0.378    20.4    20.9    19.3    17.9    15.5
53877 20150520  2.422  -82.61   35.49    28.5    11.0    19.8    19.4     0.0    23.39 C    38.0     9.3    20.3    93.9    26.8    65.5   0.157   0.162   0.166   0.338   0.378    20.0    20.6    19.3    18.1    15.7
53877 20150521  2.422  -82.61   35.49    23.6    11.5    17.5    17.3     0.0    24.72 C    36.6    11.6    20.3    92.4    47.7    68.8   0.146   0.157   0.160   0.333   0.377    20.4    21.0    19.6    18.3    15.8
53877 20150522  2.422  -82.61   35.49    22.3     6.6    14.5    13.9     0.0    27.02 C    35.4     5.3    16.7    83.6    18.8    50.7   0.136   0.150   0.153   0.328   0.377    19.3    20.1    19.0    18.3    15.9
53877 20150523  2.422  -82.61   35.49    24.3     3.3    13.8    14.4     0.0    26.38 C    38.2     2.9    16.9    92.2    28.6    59.4   0.129   0.144   0.146   0.323   0.377    18.3    19.2    18.2    18.0    16.1
53877 20150524  2.422  -82.61   35.49    25.0     6.7    15.9    16.5     0.0    26.13 C    39.4     5.9    19.0    92.0    34.2    62.2   0.122   0.138   0.139   0.317   0.378    18.9    19.7    18.4    17.8    16.1
53877 20150525  2.422  -82.61   35.49    26.7    12.5    19.6    20.3     0.0    24.68 C    41.0    10.1    22.9    84.8    42.3    63.0   0.118   0.134   0.134   0.311   0.376    20.3    20.8    19.2    18.0    16.1
53877 20150526  2.422  -82.61   35.49    25.8    17.0    21.4    20.3    22.8    14.91 C    33.6    17.1    21.8    94.1    61.9    81.9   0.202   0.183   0.147   0.309   0.376    20.9    21.5    20.0    18.5    16.2
53877 20150527  2.422  -82.61   35.49    25.9    14.6    20.2    19.7     0.7    22.31 C    36.1    13.7    21.9    94.5    59.3    80.7   0.231   0.196   0.155   0.310   0.375    21.5    22.0    20.4    18.8    16.3
53877 20150528  2.422  -82.61   35.49    25.6    15.0    20.3    19.6     0.2    14.66 C    34.9    13.6    20.9    94.1    53.7    82.8   0.210   0.188   0.157   0.310   0.375    21.3    21.9    20.7    19.2    16.5
53877 20150529  2.422  -82.61   35.49    25.9    13.8    19.8    19.1     0.9    18.82 C    37.0    12.8    20.6    93.5    57.8    81.7   0.195   0.181   0.157   0.310   0.374    21.3    21.9    20.6    19.3    16.6
53877 20150530  2.422  -82.61   35.49    26.5    12.0    19.3    19.1     0.0    25.59 C    36.3    10.9    20.9    94.7    47.6    75.3   0.175   0.172   0.155   0.310   0.374    21.3    21.9    20.6    19.4    16.8
53877 20150531  2.422  -82.61   35.49    26.7    12.2    19.4    17.7     4.8    15.38 C    37.0    11.3    19.0    94.1    51.6    85.8   0.168   0.164   0.152   0.310   0.373    20.7    21.5    20.4    19.5    16.9
53877 20150601  2.422  -82.61   35.49    26.5    13.1    19.8    18.4    14.0    21.08 C    35.5    12.6    20.6    94.2    54.1    83.9   0.184   0.165   0.152   0.310   0.372    21.0    21.6    20.3    19.4    17.0
53877 20150602  2.422  -82.61   35.49    23.3    13.3    18.3    16.8     3.4    14.40 C    32.7    12.4    18.5    94.5    64.6    89.5   0.238   0.194   0.162   0.310   0.372    20.7    21.5    20.4    19.4    17.1
53877 20150603  2.422  -82.61   35.49    23.8    11.6    17.7    16.8     0.0    16.36 C    33.4    11.7    18.4    94.6    57.0    82.2   0.236   0.199   0.166   0.310   0.373    20.3    21.0    20.0    19.3    17.2
53877 20150604  2.422  -82.61   35.49    24.6    14.0    19.3    18.1     5.2    19.69 C    33.4    13.0    20.0    93.9    51.5    79.3   0.227   0.196   0.167   0.310   0.373    20.8    21.4    20.2    19.3    17.3
53877 20150605  2.422  -82.61   35.49    26.0    14.2    20.1    19.0     0.0    20.46 C    33.3    13.4    20.5    94.2    50.4    79.7   0.225   0.195   0.167   0.311   0.373    21.2    21.8    20.5    19.5    17.3
53877 20150606  2.422  -82.61   35.49    27.6    11.1    19.4    19.4     0.0    23.95 C    34.3    10.6    20.2    93.5    37.4    71.9   0.205   0.189   0.165   0.311   0.373    21.1    21.8    20.6    19.6    17.4
53877 20150607  2.422  -82.61   35.49    26.7    15.1    20.9    20.4     5.1    18.82 C    33.8    14.2    21.7    93.0    59.3    79.6   0.184   0.180   0.163   0.310   0.373    21.6    22.2    20.9    19.8    17.5
53877 20150608  2.422  -82.61   35.49    28.5    16.6    22.5    20.9    34.9    20.17 C    34.9    15.6    22.2    94.2    48.0    84.0   0.220   0.206   0.183   0.315   0.372    22.2    22.7    21.4    20.1    17.6
53877 20150609  2.422  -82.61   35.49    26.2    14.5    20.3    19.7     0.0    19.72 C    31.8    13.5    20.7    94.1    45.7    81.0   0.270   0.283   0.264   0.325   0.372    22.1    22.8    21.5    20.3    17.7
53877 20150610  2.422  -82.61   35.49    28.8    11.3    20.0    19.9     0.0    25.72 C    33.6    10.9    20.8    93.5    34.4    73.1   0.250   0.267   0.253   0.325   0.372    21.8    22.5    21.3    20.4    17.9
53877 20150611  2.422  -82.61   35.49    27.8    14.2    21.0    20.5     0.0    20.92 C    35.4    13.4    21.8    93.1    51.5    78.4   0.228   0.250   0.243   0.326   0.372    22.2    22.8    21.5    20.5    18.0
53877 20150612  2.422  -82.61   35.49    26.9    16.1    21.5    21.1     0.0    14.88 C    34.7    15.2    21.9    93.3    60.0    82.6   0.210   0.237   0.235   0.326   0.372    22.3    22.9    21.7    20.7    18.1
53877 20150613  2.422  -82.61   35.49    28.9    16.8    22.9    22.0     0.0    18.19 C    33.7    15.7    22.4    93.9    47.1    76.1   0.195   0.225   0.226   0.326   0.372    22.7    23.2    21.9    20.8    18.2
53877 20150614  2.422  -82.61   35.49    30.1    14.6    22.3    20.6     4.3    17.76 C    36.7    13.8    21.5    93.9    47.1    83.3   0.183   0.211   0.217   0.325   0.372    22.4    23.0    21.8    20.9    18.3
53877 20150615  2.422  -82.61   35.49    30.4    14.0    22.2    22.0     0.0    24.62 C    41.1    13.2    24.1    94.2    43.6    77.0   0.186   0.207   0.211   0.326   0.372    23.5    23.8    22.2    21.0    18.4
53877 20150616  2.422  -82.61   35.49    31.2    15.1    23.2    22.5    21.9    23.06 C    41.8    13.9    24.7    94.1    42.4    78.1   0.204   0.226   0.222   0.329   0.372    24.3    24.6    23.0    21.4    18.5
53877 20150617  2.422  -82.61   35.49    31.1    16.1    23.6    22.8     0.2    24.00 C    40.9    15.5    25.3    94.3    46.7    80.7   0.258   0.281   0.258   0.332   0.372    25.2    25.5    23.7    21.8    18.7
53877 20150618  2.422  -82.61   35.49    30.9    16.3    23.6    22.3     0.2    20.60 C    42.8    15.7    24.6    93.7    48.3    80.1   0.246   0.272   0.252   0.331   0.372    25.4    25.8    24.2    22.3    18.9
53877 20150619  2.422  -82.61   35.49    29.5    17.1    23.3    21.8     4.0    19.34 C    39.2    16.4    24.2    93.9    55.7    82.4   0.234   0.265   0.248   0.331   0.372    25.3    25.7    24.2    22.5    19.0
53877 20150620  2.422  -82.61   35.49    28.5    16.5    22.5    22.0     0.0    16.99 C    38.2    16.6    23.4    94.2    53.0    79.7   0.234   0.263   0.245   0.331   0.372    24.8    25.4    24.0    22.6    19.2
53877 20150621  2.422  -82.61   35.49    31.0    16.8    23.9    22.5    12.3    24.20 C    40.7    15.3    24.8    93.8    42.0    76.8   0.241   0.268   0.248   0.332   0.372    25.4    25.8    24.1    22.6    19.4
53877 20150622  2.422  -82.61   35.49    30.7    15.0    22.9    21.1     0.4    21.60 C    40.4    15.0    23.1    94.1    41.6    79.7   0.266   0.288   0.264   0.333   0.372    25.3    25.8    24.3    22.8    19.5
53877 20150623  2.422  -82.61   35.49    29.9    14.5    22.2    22.3     0.0    20.48 C    40.7    14.3    24.1    93.3    48.2    78.2   0.253   0.276   0.258   0.333   0.372    25.3    25.7    24.2    22.9    19.6
53877 20150624  2.422  -82.61   35.49    31.4    18.6    25.0    24.1     0.0    24.04 C    40.1    17.9    26.1    93.2    44.3    75.0   0.232   0.261   0.251   0.333   0.372    26.4    26.7    24.9    23.1    19.8
53877 20150625  2.422  -82.61   35.49    30.7    16.4    23.5    22.6     0.0    22.16 C    39.4    16.0    24.6    93.0    38.5    76.7   0.209   0.247   0.244   0.332   0.372    26.2    26.6    25.0    23.4    19.9
53877 20150626  2.422  -82.61   35.49    31.8    15.4    23.6    21.8     4.2    22.47 C    40.8    15.0    24.3    93.7    40.4    78.3   0.193   0.237   0.236   0.332   0.372    26.0    26.4    24.9    23.4    20.1
53877 20150627  2.422  -82.61   35.49    26.9    16.8    21.8    21.1     0.0    12.33 C    35.0    16.2    22.6    93.7    59.9    80.5   0.193   0.233   0.229   0.332   0.372    25.0    25.7    24.5    23.4    20.2
53877 20150628  2.422  -82.61   35.49    24.1    12.3    18.2    18.2     0.0    26.68 C    35.3    12.0    20.5    89.3    37.4    63.0   0.189   0.225   0.222   0.331   0.372    24.5    25.1    23.9    23.2    20.3
53877 20150629  2.422  -82.61   35.49    26.2     9.2    17.7    18.2     0.0    22.54 C    37.2     9.3    20.6    92.6    39.3    71.7   0.174   0.210   0.213   0.331   0.372    23.7    24.3    23.2    22.8    20.4
53877 20150630  2.422  -82.61   35.49    27.3    15.1    21.2    19.3     1.1    16.04 C    36.5    14.4    21.0    93.0    46.7    81.1   0.166   0.198   0.204   0.329   0.372    23.5    24.2    23.1    22.6    20.4
53877 20150701  2.422  -82.61   35.49    25.5    13.8    19.7    19.4     0.7    11.58 C    31.8    13.1    20.6    93.7    57.0    85.3   0.163   0.192   0.198   0.329   0.372    22.9    23.7    22.7    22.3    20.4
53877 20150702  2.422  -82.61   35.49    24.7    16.1    20.4    19.3     1.1     8.79 C    29.9    15.5    20.1    93.4    61.4    87.4   0.164   0.190   0.195   0.328   0.372    22.6    23.4    22.5    22.2    20.3
53877 20150703  2.422  -82.61   35.49    25.7    16.3    21.0    20.1     1.6    13.61 C    34.2    15.4    21.2    94.1    60.2    83.5   0.166   0.189   0.192   0.327   0.372    22.9    23.5    22.3    21.9    20.3
53877 20150704  2.422  -82.61   35.49    25.8    17.4    21.6    20.3     2.5    13.17 C    34.2    17.7    21.8    93.9    61.9    85.9   0.168   0.188   0.190   0.326   0.372    23.2    23.8    22.6    22.0    20.2
53877 20150705  2.422  -82.61   35.49    26.7    17.7    22.2    20.9     1.3    19.37 C    36.5    16.7    22.9    94.1    53.7    81.1   0.168   0.186   0.187   0.326   0.372    24.0    24.4    23.0    22.1    20.2
53877 20150706  2.422  -82.61   35.49    27.7    15.9    21.8    20.9     0.0    17.64 C    36.6    14.9    22.3    93.1    49.1    78.2   0.163   0.182   0.183   0.325   0.372    23.9    24.5    23.2    22.3    20.2
53877 20150707  2.422  -82.61   35.49    29.7    13.1    21.4    21.1     0.0    22.68 C    38.5    12.4    22.8    93.4    47.2    75.9   0.153   0.173   0.176   0.324   0.372    23.9    24.4    23.1    22.3    20.3
53877 20150708  2.422  -82.61   35.49    30.9    15.8    23.4    22.8     0.0    21.15 C    41.0    14.9    24.3    92.5    38.3    73.9   0.142   0.163   0.169   0.321   0.371    24.5    24.9    23.5    22.4    20.3
53877 20150709  2.422  -82.61   35.49    33.1    15.1    24.1    22.9     0.0    25.05 C    42.1    13.9    24.4    93.0    27.2    66.8   0.132   0.154   0.162   0.320   0.371    25.0    25.4    23.9    22.6    20.4
53877 20150710  2.422  -82.61   35.49    32.3    13.6    23.0    22.4     0.0    24.04 C    42.7    12.6    24.0    92.5    29.2    65.5   0.121   0.143   0.154   0.316   0.371    24.9    25.3    23.9    22.8    20.5
53877 20150711  2.422  -82.61   35.49    30.8    15.6    23.2    23.1     0.0    21.44 C    42.5    15.0    25.0    91.7    42.5    69.3   0.113   0.137   0.148   0.313   0.371    25.2    25.5    24.0    22.9    20.5
53877 20150712  2.422  -82.61   35.49    29.0    16.6    22.8    22.8     0.0    15.91 C    38.2    15.2    23.9    92.8    47.4    73.9   0.109   0.132   0.142   0.310   0.371    24.6    25.2    24.0    23.0    20.6
53877 20150713  2.422  -82.61   35.49    32.0    16.8    24.4    22.9     1.5    21.31 C    43.9    16.1    25.5    93.7    38.4    74.3   0.106   0.128   0.138   0.306   0.371    25.5    25.7    24.1    23.0    20.7
53877 20150714  2.422  -82.61   35.49    23.8    15.8    19.8    18.7    25.7     6.24 C    30.9    15.6    19.5    94.2    76.3    92.2   0.178   0.215   0.177   0.305   0.371    22.9    23.9    23.3    23.0    20.7
53877 20150715  2.422  -82.61   35.49    26.3    17.4    21.9    21.4     4.9    14.89 C    34.5    16.1    22.4    94.3    54.3    80.1   0.230   0.267   0.200   0.307   0.371    23.6    24.1    23.0    22.5    20.8
53877 20150716  2.422  -82.61   35.49    28.9    14.3    21.6    21.2     0.0    21.39 C    38.2    13.6    22.8    93.6    42.9    76.5   0.210   0.242   0.198   0.306   0.371    23.9    24.4    23.2    22.5    20.8
53877 20150717  2.422  -82.61   35.49    30.5    17.8    24.1    23.3     0.0    23.10 C    38.7    16.8    25.2    93.1    45.9    76.4   0.187   0.217   0.192   0.307   0.370    25.0    25.3    23.9    22.7    20.8
53877 20150718  2.422  -82.61   35.49    30.0    17.0    23.5    22.0    11.4    16.35 C    38.3    16.5    23.2    94.0    53.5    84.1   0.191   0.224   0.198   0.307   0.370    24.5    25.2    24.0    23.1    20.8
53877 20150719  2.422  -82.61   35.49    30.8    16.7    23.7    22.7     0.0    21.24 C    37.8    16.5    24.1    94.1    47.7    80.2   0.204   0.237   0.204   0.307   0.370    24.9    25.3    24.0    23.1    20.9
53877 20150720  2.422  -82.61   35.49    31.4    16.9    24.2    22.7    18.5    21.03 C    38.6    16.4    24.4    94.2    45.7    81.4   0.193   0.235   0.208   0.308   0.370    25.1    25.6    24.3    23.3    21.0
53877 20150721  2.422  -82.61   35.49    29.5    18.3    23.9    22.6     0.0    15.15 C    36.5    17.9    23.6    94.4    52.5    83.4   0.223   0.272   0.241   0.309   0.371    24.9    25.5    24.3    23.4    21.0
53877 20150722  2.422  -82.61   35.49    29.3    17.4    23.4    22.6     0.0    20.19 C    37.2    16.4    23.9    93.9    44.0    78.1   0.213   0.254   0.231   0.310   0.370    24.9    25.4    24.3    23.4    21.1
53877 20150723  2.422  -82.61   35.49    25.6    18.8    22.2    21.6     8.3     8.62 C    30.3    18.1    22.6    94.0    68.0    88.0   0.217   0.258   0.228   0.311   0.370    24.4    25.2    24.2    23.5    21.2
53877 20150724  2.422  -82.61   35.49    27.3    20.2    23.7    22.5     1.2    14.24 C    36.3    20.0    24.0    94.1    60.3    85.5   0.231   0.270   0.231   0.311   0.371    24.7    25.3    24.1    23.4    21.3
53877 20150725  2.422  -82.61   35.49    28.9    17.7    23.3    22.9     0.0    23.95 C    36.6    17.2    24.7    93.6    52.0    78.0   0.221   0.255   0.227   0.311   0.371    25.3    25.7    24.5    23.4    21.3
53877 20150726  2.422  -82.61   35.49    30.2    18.6    24.4    23.3     0.0    24.31 C    37.4    17.8    25.3    93.6    38.7    74.7   0.202   0.234   0.220   0.311   0.370    25.6    26.1    24.8    23.7    21.4
53877 20150727  2.422  -82.61   35.49    30.1    17.3    23.7    22.1     2.2    16.93 C    36.9    17.1    23.7    93.8    48.0    83.3   0.185   0.216   0.211   0.312   0.371    25.1    25.8    24.7    23.8    21.4
53877 20150728  2.422  -82.61   35.49    30.8    18.3    24.6    23.4     0.0    19.45 C    37.1    18.0    24.5    94.1    41.9    80.6   0.178   0.204   0.204   0.312   0.371    25.3    25.8    24.7    23.8    21.5
53877 20150729  2.422  -82.61   35.49    30.8    17.6    24.2    22.6     7.5    18.51 C    38.4    17.1    24.0    93.9    48.0    84.9   0.187   0.202   0.197   0.312   0.371    25.2    25.8    24.7    23.8    21.6
53877 20150730  2.422  -82.61   35.49    30.8    17.8    24.3    24.3     0.0    20.97 C    36.2    17.5    24.7    94.1    46.2    75.4   0.195   0.205   0.195   0.312   0.371    25.4    26.0    24.8    23.9    21.7
53877 20150731  2.422  -82.61   35.49    28.1    16.6    22.4    22.4     0.0    24.66 C    35.2    15.8    23.0    86.7    35.3    63.2   0.180   0.192   0.188   0.312   0.371    25.1    25.8    24.8    24.0    21.7
53877 20150801  2.422  -82.61   35.49    28.7    14.1    21.4    21.0     0.0    25.16 C    36.5    13.4    21.9    92.7    29.6    65.6   0.161   0.177   0.178   0.311   0.371    24.2    25.0    24.2    23.8    21.8
53877 20150802  2.422  -82.61   35.49    29.7    11.8    20.8    20.5     0.0    24.50 C    37.8    11.5    21.9    92.6    37.7    70.2   0.144   0.164   0.169   0.311   0.371    23.6    24.4    23.6    23.5    21.8
53877 20150803  2.422  -82.61   35.49    30.6    13.5    22.1    21.4     0.0    23.48 C    38.3    13.0    22.6    92.7    32.2    70.2   0.133   0.154   0.160   0.310   0.370    23.9    24.6    23.6    23.3    21.8
53877 20150804  2.422  -82.61   35.49    31.7    13.1    22.4    21.6     0.0    21.64 C    40.4    12.4    22.8    92.8    40.5    73.1   0.124   0.145   0.152   0.308   0.370    23.8    24.5    23.6    23.3    21.8
53877 20150805  2.422  -82.61   35.49    32.2    15.6    23.9    21.4     0.6    15.60 C    39.8    14.5    22.5    93.1    33.2    77.6   0.118   0.139   0.146   0.306   0.370    23.8    24.5    23.6    23.2    21.7
53877 20150806  2.422  -82.61   35.49    28.4    16.0    22.2    20.8     1.4    12.94 C    34.6    15.4    21.8    93.3    47.8    83.2   0.117   0.136   0.143   0.305   0.370    23.5    24.2    23.3    23.1    21.7
53877 20150807  2.422  -82.61   35.49    28.1    17.2    22.7    21.8     0.0    15.39 C    37.4    16.5    23.1    93.3    51.0    78.7   0.117   0.134   0.140   0.304   0.370    23.8    24.5    23.4    23.1    21.7
53877 20150808  2.422  -82.61   35.49    30.5    18.8    24.7    23.3     0.0    19.68 C    41.6    17.7    25.0    92.7    32.3    71.5   0.113   0.131   0.137   0.302   0.369    24.5    25.0    23.8    23.1    21.7
53877 20150809  2.422  -82.61   35.49    29.6    16.9    23.3    22.6     0.0    18.11 C    43.4    15.8    24.1    92.8    50.7    77.9   0.108   0.126   0.133   0.299   0.369    24.4    25.0    23.9    23.3    21.7
53877 20150810  2.422  -82.61   35.49    30.5    15.9    23.2    21.7     2.2    12.70 C    42.2    15.0    22.8    93.8    52.5    82.6   0.105   0.123   0.130   0.296   0.368    23.9    24.6    23.7    23.3    21.7
53877 20150811  2.422  -82.61   35.49    29.0    18.3    23.6    22.4     4.2    15.93 C    35.3    16.9    23.3    94.0    48.0    81.6   0.133   0.126   0.130   0.295   0.368    24.3    24.9    23.8    23.2    21.7
53877 20150812  2.422  -82.61   35.49    27.7    14.0    20.8    20.8     0.0    24.62 C    37.8    13.0    22.2    93.9    29.9    67.2   0.132   0.126   0.130   0.294   0.368    23.7    24.5    23.6    23.2    21.7
53877 20150813  2.422  -82.61   35.49    28.2    11.4    19.8    19.3    19.1    18.37 C    40.1    10.9    21.1    94.2    42.8    74.2   0.129   0.143   0.142   0.292   0.368    22.5    23.5    22.8    23.0    21.7
53877 20150814  2.422  -82.61   35.49    28.3    14.8    21.6    19.3     5.9    18.26 C    36.4    14.2    21.0    94.5    46.2    84.7   0.177   0.204   0.174   0.294   0.367    22.7    23.5    22.7    22.7    21.7
53877 20150815  2.422  -82.61   35.49    26.1    16.1    21.1    19.3     0.0    10.97 C    32.4    15.8    20.5    94.4    62.1    86.6   0.186   0.203   0.168   0.295   0.367    22.6    23.4    22.6    22.6    21.7
53877 20150816  2.422  -82.61   35.49    27.3    14.4    20.8    20.4     0.0    16.87 C    33.7    13.6    21.5    94.4    48.5    80.8   0.176   0.190   0.168   0.296   0.367    22.7    23.4    22.6    22.5    21.7
53877 20150817  2.422  -82.61   35.49    27.0    15.6    21.3    20.3     2.7    11.06 C    32.1    14.9    21.1    93.2    52.5    83.5   0.165   0.181   0.166   0.296   0.367    22.6    23.4    22.6    22.5    21.6
53877 20150818  2.422  -82.61   35.49    25.8    18.9    22.4    21.3     1.5    10.29 C    30.9    18.8    22.1    94.2    67.4    87.1   0.176   0.178   0.166   0.297   0.367    23.1    23.8    22.8    22.5    21.6
53877 20150819  2.422  -82.61   35.49    29.3    17.9    23.6    22.4     2.4    16.42 C    36.4    16.8    23.5    93.8    55.0    82.7   0.174   0.175   0.165   0.297   0.367    23.5    24.2    23.1    22.6    21.6
53877 20150820  2.422  -82.61   35.49    27.9    19.4    23.6    22.4     0.0    16.83 C    34.5    18.5    23.4    94.0    54.3    81.2   0.176   0.172   0.163   0.298   0.367    24.0    24.6    23.5    22.8    21.5
53877 20150821  2.422  -82.61   35.49    27.6    16.4    22.0    21.2     0.0    14.53 C    35.1    15.3    21.8    93.9    54.4    79.7   0.166   0.168   0.161   0.298   0.367    23.5    24.2    23.3    22.9    21.6
53877 20150822  2.422  -82.61   35.49    27.5    15.7    21.6    21.3     0.0    15.09 C    36.0    14.9    22.3    92.9    58.4    78.0   0.154   0.162   0.158   0.297   0.367    23.1    23.9    23.0    22.8    21.6
53877 20150823  2.422  -82.61   35.49    25.7    18.4    22.1    21.1     8.2    10.39 C    31.2    17.2    22.1    94.1    69.5    88.8   0.165   0.162   0.158   0.298   0.366    23.3    24.1    23.1    22.8    21.6
53877 20150824  2.422  -82.61   35.49    28.9    16.0    22.4    21.3     0.0    17.62 C    41.5    14.8    22.7    94.3    44.4    79.7   0.181   0.169   0.160   0.298   0.367    23.4    24.0    23.0    22.8    21.6
53877 20150825  2.422  -82.61   35.49    26.3    14.6    20.5    19.7     0.0    22.77 C    41.1    12.7    22.1    92.4    35.1    66.2   0.175   0.169   0.161   0.298   0.367    23.4    24.1    23.1    22.8    21.6
53877 20150826  2.422  -82.61   35.49    26.9    13.3    20.1    19.3     0.0    19.37 C    40.9    11.8    22.0    88.0    38.1    66.7   0.164   0.166   0.159   0.298   0.367    23.1    23.8    22.8    22.7    21.7
53877 20150827  2.422  -82.61   35.49    26.3    13.3    19.8    18.8     0.0    14.44 C    42.0    11.7    20.6    92.3    43.8    73.4   0.154   0.163   0.158   0.298   0.366    22.7    23.6    22.7    22.7    21.6
53877 20150828  2.422  -82.61   35.49    27.3    13.2    20.2    19.4     0.0    21.56 C    41.8    11.5    21.9    93.4    40.0    71.9   0.146   0.159   0.157   0.298   0.367    22.8    23.5    22.4    22.4    21.6
53877 20150829  2.422  -82.61   35.49    28.0    11.4    19.7    19.1     0.0    17.76 C    41.9    10.4    21.8    93.0    36.7    72.0   0.136   0.154   0.155   0.297   0.366    22.7    23.4    22.4    22.4    21.6
53877 20150830  2.422  -82.61   35.49    24.9    15.8    20.4    18.7     2.9     8.02 C    38.8    15.5    20.3    93.8    47.4    81.2   0.131   0.153   0.152   0.297   0.366    22.4    23.3    22.4    22.4    21.5
53877 20150831  2.422  -82.61   35.49    27.9    14.4    21.2    20.4     0.3    21.26 C    43.3    13.8    23.6    94.1    42.2    78.1   0.133   0.154   0.151   0.297   0.366    23.2    23.7    22.5    22.2    21.5
53877 20150901  2.422  -82.61   35.49    30.7    14.2    22.4    21.3     0.0    18.41 C    46.2    13.1    23.6    93.4    36.4    74.9   0.130   0.148   0.149   0.296   0.366    23.5    24.1    23.0    22.5    21.5
53877 20150902  2.422  -82.61   35.49    30.7    16.0    23.3    22.0     0.0    16.63 C    46.9    15.0    24.5    93.0    41.4    77.4   0.124   0.143   0.146   0.296   0.366    23.9    24.4    23.2    22.6    21.5
53877 20150903  2.422  -82.61   35.49    30.0    17.1    23.5    22.2     0.0    17.87 C    45.4    15.8    24.4    93.1    36.7    72.3   0.119   0.139   0.143   0.295   0.366    24.1    24.6    23.4    22.8    21.5
53877 20150904  2.422  -82.61   35.49    31.6    14.4    23.0    21.0     0.0    19.38 C    47.1    13.0    23.9    93.1    34.3    73.6   0.113   0.135   0.140   0.294   0.366    23.9    24.4    23.3    22.8    21.5
53877 20150905  2.422  -82.61   35.49    27.3    14.7    21.0    19.8     0.0    12.86 C    44.3    13.1    21.6    93.0    53.7    80.4   0.108   0.131   0.137   0.293   0.366    23.2    24.0    23.1    22.8    21.6
53877 20150906  2.422  -82.61   35.49    29.0    15.4    22.2    20.7     0.0    18.48 C    45.5    13.4    23.7    93.0    36.5    69.8   0.106   0.128   0.135   0.292   0.366    23.5    24.1    23.0    22.7    21.6
53877 20150907  2.422  -82.61   35.49    29.0    14.2    21.6    20.0     0.0    14.35 C    47.5    12.7    22.5    91.9    43.7    74.7   0.103   0.125   0.133   0.291   0.366    23.1    23.8    22.9    22.7    21.6
53877 20150908  2.422  -82.61   35.49    27.5    15.3    21.4    21.1     0.0    12.27 C    44.5    13.8    22.9    92.7    48.6    75.7   0.101   0.123   0.130   0.291   0.366    23.0    23.7    22.7    22.6    21.6
53877 20150909  2.422  -82.61   35.49    25.3    18.2    21.8    20.8     2.9     7.71 C    34.7    16.0    21.6    93.6    69.3    87.3   0.104   0.125   0.130   0.289   0.365    23.0    23.8    22.8    22.6    21.6
53877 20150910  2.422  -82.61   35.49    25.8    17.3    21.6    20.5     1.8     7.87 C    34.8    15.6    22.0    94.2    57.1    85.4   0.107   0.126   0.131   0.290   0.365    22.8    23.6    22.7    22.6    21.5
53877 20150911  2.422  -82.61   35.49    27.0    15.7    21.4    19.8     0.0    12.77 C    41.8    14.3    21.5    94.3    41.2    79.9   0.110   0.126   0.131   0.290   0.364    22.8    23.5    22.5    22.4    21.6
53877 20150912  2.422  -82.61   35.49    22.7    12.2    17.4    16.8     0.9     6.82 C    33.9     9.1    17.3    94.1    52.4    77.4   0.108   0.125   0.131   0.290   0.364    21.4    22.5    21.9    22.3    21.5
53877 20150913  2.422  -82.61   35.49    19.6     5.7    12.6    12.8     0.0    17.48 C    36.0     4.2    14.5    91.2    32.5    63.8   0.106   0.124   0.130   0.289   0.364    19.5    20.8    20.6    21.6    21.5
53877 20150914  2.422  -82.61   35.49    24.0     1.8    12.9    11.8     0.0    20.51 C    40.8     1.1    14.9    93.3    22.2    69.1   0.102   0.121   0.128   0.288   0.363    18.8    19.9    19.5    20.9    21.4
53877 20150915  2.422  -82.61   35.49    25.4     4.4    14.9    13.7     0.0    20.25 C    43.4     3.0    16.3    93.5    20.9    67.7   0.098   0.119   0.127   0.287   0.362    19.1    20.1    19.4    20.4    21.2
53877 20150916  2.422  -82.61   35.49    23.9     5.4    14.7    13.4     0.0    14.18 C    41.5     4.2    15.4    92.9    34.0    73.2   0.096   0.117   0.125   0.286   0.362    18.9    19.9    19.3    20.3    21.0
53877 20150917  2.422  -82.61   35.49    26.8     6.3    16.6    15.6     0.0    19.38 C    44.3     5.3    18.3    93.2    34.8    71.0   0.095   0.115   0.125   0.284   0.361    19.6    20.3    19.4    20.1    20.8
53877 20150918  2.422  -82.61   35.49    27.9     6.8    17.4    16.3     0.0    19.52 C    44.7     5.3    18.8    93.2    29.2    69.8   0.094   0.114   0.123   0.283   0.361    20.1    20.8    19.8    20.2    20.7
53877 20150919  2.422  -82.61   35.49    28.9     8.1    18.5    17.5     0.0    17.59 C    45.6     6.6    19.7    93.2    34.8    71.2   0.091   0.112   0.122   0.282   0.360    20.5    21.1    20.1    20.2    20.6
53877 20150920  2.422  -82.61   35.49    28.7    10.8    19.8    18.5     0.3    13.72 C    45.3     9.4    20.9    93.3    39.5    78.1   0.091   0.111   0.121   0.281   0.359    21.0    21.6    20.5    20.4    20.5
53877 20150921  2.422  -82.61   35.49    23.0    15.3    19.2    18.5     0.0     7.10 C    33.9    13.1    20.2    93.3    64.4    83.9   0.091   0.111   0.121   0.280   0.359    21.1    21.8    20.8    20.7    20.5
53877 20150922  2.422  -82.61   35.49    26.1    14.2    20.2    19.0     0.0    11.76 C    41.9    11.7    21.4    92.3    43.5    76.7   0.090   0.110   0.121   0.279   0.358    21.5    22.1    21.0    20.8    20.4
53877 20150923  2.422  -82.61   35.49    25.4    13.1    19.3    18.1     0.0    14.55 C    43.6    11.1    20.9    92.8    44.0    74.6   0.089   0.110   0.120   0.279   0.357    21.5    22.1    21.0    20.9    20.5
53877 20150924  2.422  -82.61   35.49    24.4    11.4    17.9    16.3    10.3     9.98 C    41.6     9.9    18.4    94.1    22.1    67.8   0.093   0.119   0.121   0.278   0.357    20.4    21.3    20.6    20.8    20.5
53877 20150925  2.422  -82.61   35.49    16.8    13.3    15.0    15.0    41.0     2.10 C    20.4    13.4    16.0    94.5    86.6    93.1   0.205   0.251   0.195   0.297   0.357    18.8    20.0    19.6    20.5    20.5
53877 20150926  2.422  -82.61   35.49    17.5    14.8    16.2    15.9     7.2     3.29 C    20.2    15.1    16.9    94.6    78.9    90.4   0.248   0.287   0.259   0.315   0.357    19.0    20.0    19.3    20.0    20.4
53877 20150927  2.422  -82.61   35.49    18.6    14.8    16.7    16.4     2.8     5.77 C    23.5    15.3    18.1    94.3    82.1    91.7   0.255   0.284   0.263   0.315   0.358    19.6    20.3    19.5    19.9    20.3
53877 20150928  2.422  -82.61   35.49    22.5    16.7    19.6    19.1     2.0     4.34 C    27.1    17.2    20.1    94.5    77.0    90.1   0.265   0.287   0.268   0.317   0.358    20.4    21.1    20.0    20.0    20.2
53877 20150929  2.422  -82.61   35.49    21.7    18.2    19.9    19.8    51.3     3.27 C    26.3    17.0    20.5    94.5    89.7    93.4   0.292   0.323   0.315   0.363   0.380    21.0    21.7    20.6    20.3    20.1
53877 20150930  2.422  -82.61   35.49    25.4    16.5    21.0    19.6     4.8    12.32 C    37.0    15.2    21.4    94.4    55.4    87.2   0.284   0.304   0.305   0.393   0.397    21.6    22.2    21.0    20.6    20.1
53877 20151001  2.422  -82.61   35.49    19.0    14.9    16.9    17.1    22.0     5.03 C    24.1    15.3    18.4    94.5    73.6    88.6   0.290   0.307   0.293   0.392   0.399    20.9    21.8    21.0    20.8    20.2
53877 20151002  2.422  -82.61   35.49    15.0    12.8    13.9    13.7    30.4     2.21 C    17.5    13.4    15.2    94.2    91.4    93.4   0.358   0.380   0.356   0.409   0.402    19.0    20.2    19.8    20.3    20.2
53877 20151003  2.422  -82.61   35.49    16.0    12.0    14.0    13.6    54.5     0.76 C    16.6    12.6    14.4    94.6    87.3    92.8   0.398   0.393   0.363   0.412   0.404    17.5    18.7    18.5    19.4    20.2
53877 20151004  2.422  -82.61   35.49    20.0    14.5    17.2    16.5     1.5     5.91 C    24.1    14.9    17.4    94.5    67.8    84.4   0.344   0.350   0.350   0.415   0.403    18.4    19.2    18.5    19.0    20.1
53877 20151005  2.422  -82.61   35.49    25.4    14.8    20.1    18.4     0.0    15.95 C    36.5    14.3    20.6    93.2    45.6    77.2   0.308   0.307   0.294   0.409   0.404    20.2    20.7    19.4    19.3    19.9
53877 20151006  2.422  -82.61   35.49    24.7    11.8    18.2    17.0     0.0    16.67 C    33.8    10.8    19.0    93.3    44.2    77.7   0.292   0.293   0.278   0.397   0.404    20.5    21.2    20.1    19.7    19.8
53877 20151007  2.422  -82.61   35.49    25.1     9.4    17.3    15.8     0.0    15.96 C    34.7     9.3    17.3    94.7    36.6    78.9   0.282   0.283   0.273   0.387   0.404    19.7    20.6    19.8    19.9    19.8
53877 20151008  2.422  -82.61   35.49 -9999.0 -9999.0 -9999.0 -9999.0 -9999.0 -9999.00 U -9999.0 -9999.0 -9999.0 -9999.0 -9999.0 -9999.0 -99.000 -99.000 -99.000 -99.000 -99.000 -9999.0 -9999.0 -9999.0 -9999.0 -9999.0
53877 20151009  2.422  -82.61   35.49    23.6    10.3    17.0    16.0     0.4    10.01 C    32.7     9.8    16.8    93.3    58.5    83.6   0.267   0.268   0.264   0.377   0.402    19.1    20.0    19.3    19.6    19.8
53877 20151010  2.422  -82.61   35.49    15.7    12.5    14.1    14.6    37.3     0.70 C    18.0    13.6    15.4    94.4    88.9    93.3   0.326   0.320   0.308   0.395   0.396    18.3    19.5    19.0    19.5    19.7
53877 20151011  2.422  -82.61   35.49    20.6     8.4    14.5    13.9     0.0    10.72 C    28.8     7.7    15.1    94.7    54.1    86.0   0.327   0.328   0.330   0.421   0.403    18.4    19.3    18.7    19.2    19.6
53877 20151012  2.422  -82.61   35.49    21.7     7.1    14.4    12.8     0.0    14.85 C    29.7     6.8    14.8    99.3    53.2    87.1   0.309   0.301   0.287   0.408   0.404    18.0    18.9    18.3    19.0    19.5
53877 20151013  2.422  -82.61   35.49    23.0     9.1    16.1    14.8     4.9    16.31 C    30.2     8.6    16.0   100.0    34.4    77.4   0.316   0.304   0.285   0.403   0.405    18.4    19.2    18.4    18.9    19.4
53877 20151014  2.422  -82.61   35.49    20.3     5.8    13.1    12.8     0.0    15.92 C    28.6     5.2    12.8    93.1    30.4    66.7   0.302   0.290   0.277   0.392   0.405    17.5    18.5    18.0    18.8    19.4
53877 20151015  2.422  -82.61   35.49    20.9     2.6    11.7    10.3     0.0    15.50 C    28.2     2.8    11.2    93.7    31.6    74.2   0.291   0.280   0.272   0.383   0.405    16.3    17.5    17.1    18.4    19.2
53877 20151016  2.422  -82.61   35.49    19.7     3.5    11.6     9.6     0.0    15.16 C    27.6     2.2    10.4    93.5    22.6    69.8   0.281   0.272   0.267   0.379   0.396    15.8    17.0    16.6    17.9    19.1
53877 20151017  2.422  -82.61   35.49    15.7     0.9     8.3     8.1     0.0    15.62 C    24.5     0.6     7.9    90.3    24.6    56.9   0.270   0.264   0.262   0.376   0.386    14.4    15.8    15.6    17.4    19.0
53877 20151018  2.422  -82.61   35.49    13.3    -1.6     5.9     5.8     0.0    15.57 C    22.2    -1.1     6.2    89.4    16.8    55.7   0.259   0.256   0.259   0.375   0.381    13.4    14.8    14.8    16.8    18.8
53877 20151019  2.422  -82.61   35.49    15.7    -3.6     6.1     5.0     0.0    15.36 C    23.9    -2.9     5.7    91.3    27.5    65.8   0.250   0.249   0.254   0.372   0.380    12.4    13.8    13.7    16.1    18.6
53877 20151020  2.422  -82.61   35.49    20.4    -2.5     9.0     6.9     0.0    15.13 C    26.5    -2.1     7.0    92.6    17.9    69.0   0.242   0.242   0.250   0.370   0.379    12.4    13.6    13.4    15.5    18.3
53877 20151021  2.422  -82.61   35.49    22.4    -0.8    10.8     9.2     0.0    15.04 C    28.0    -0.6     8.6    93.8    22.4    69.9   0.231   0.234   0.246   0.368   0.378    12.8    13.9    13.4    15.2    17.9
53877 20151022  2.422  -82.61   35.49    23.6     0.6    12.1    10.3     0.0    14.99 C    28.7     0.3     9.3    93.8    15.7    69.1   0.221   0.227   0.242   0.367   0.377    13.2    14.2    13.7    15.2    17.7
53877 20151023  2.422  -82.61   35.49    24.6     2.4    13.5    12.5     0.0    14.00 C    29.4     1.3    11.0    93.5    27.5    70.1   0.210   0.221   0.237   0.366   0.376    13.7    14.6    13.9    15.1    17.4
53877 20151024  2.422  -82.61   35.49    18.7     5.0    11.8    11.8     0.0     6.66 C    25.0     3.8    11.4    93.6    63.6    83.9   0.202   0.217   0.234   0.364   0.376    13.9    14.9    14.2    15.3    17.2
53877 20151025  2.422  -82.61   35.49    21.8     9.8    15.8    15.0     0.0     8.27 C    28.0     7.9    14.8    93.6    56.1    80.6   0.200   0.214   0.231   0.363   0.376    15.2    15.9    14.9    15.4    17.1
53877 20151026  2.422  -82.61   35.49    15.2     6.7    11.0    11.0    11.0     1.32 C    14.5     8.2    11.9    94.2    86.3    91.6   0.267   0.228   0.229   0.362   0.376    14.9    16.0    15.4    15.8    17.1
53877 20151027  2.422  -82.61   35.49    10.6     6.4     8.5     8.8    41.4     1.27 C    11.9     7.6     9.8   100.0    91.1    96.2   0.344   0.312   0.283   0.381   0.382    13.5    14.7    14.5    15.6    17.0
53877 20151028  2.422  -82.61   35.49    20.5     9.8    15.1    14.3    19.5     9.25 C    26.0     7.6    14.2    95.1    71.1    89.7   0.388   0.370   0.352   0.415   0.400    14.8    15.6    14.7    15.2    16.9
53877 20151029  2.422  -82.61   35.49    17.7     4.4    11.1    10.5     0.0     6.40 C    21.0     3.3    10.2    94.9    49.3    86.2   0.341   0.325   0.321   0.417   0.401    14.2    15.4    14.9    15.5    16.8
53877 20151030  2.422  -82.61   35.49    16.7     1.9     9.3     7.4     0.0    12.36 C    21.4     1.5     7.0    94.8    35.7    73.2   0.322   0.307   0.286   0.405   0.403    12.9    14.1    13.8    15.2    16.7
53877 20151031  2.422  -82.61   35.49    14.0     1.5     7.7     8.8     0.0     4.22 C    19.6     1.4     8.8    93.8    53.9    73.6   0.314   0.299   0.278   0.400   0.403    12.3    13.5    13.2    14.8    16.6
53877 20151101  2.422  -82.61   35.49    17.0    12.3    14.7    14.5     9.1     2.41 C    18.1    11.8    14.3    94.6    75.9    91.4   0.322   0.305   0.281   0.390   0.404    13.9    14.7    13.9    14.6    16.5
53877 20151102  2.422  -82.61   35.49    16.1    14.1    15.1    15.0    42.0     0.99 C    18.0    13.7    15.0    94.8    91.9    94.2   0.394   0.364   0.350   0.417   0.406    14.9    15.8    14.8    15.0    16.4
53877 20151103  2.422  -82.61   35.49    18.7    13.9    16.3    15.9     0.3     5.12 C    23.4    14.0    16.4    94.6    75.0    88.4   0.362   0.350   0.348   0.425   0.407    15.9    16.6    15.4    15.4    16.3
53877 20151104  2.422  -82.61   35.49    18.9    14.9    16.9    16.1     0.0     6.11 C    23.8    13.3    16.3    94.3    73.8    88.8   0.340   0.318   0.305   0.416   0.406    16.5    17.2    16.0    15.8    16.3
53877 20151105  2.422  -82.61   35.49    21.4    14.9    18.2    16.7     0.0     5.62 C    25.4    13.6    17.1    93.5    71.9    88.8   0.332   0.307   0.287   0.405   0.407    16.9    17.6    16.4    16.1    16.3
53877 20151106  2.422  -82.61   35.49    25.5    14.9    20.2    18.5     0.6     6.20 C    27.8    13.1    17.8    93.9    48.1    83.4   0.327   0.302   0.282   0.403   0.407    17.4    18.1    16.9    16.5    16.5
53877 20151107  2.422  -82.61   35.49    17.3    10.2    13.7    14.5    11.6     2.14 C    18.8     9.1    14.6    94.8    65.3    87.2   0.345   0.324   0.298   0.405   0.407    16.9    17.9    17.0    16.8    16.6
53877 20151108  2.422  -82.61   35.49    10.6     7.1     8.8     9.2     0.0     4.63 C    12.7     8.1     9.8    83.4    39.7    59.6   0.334   0.315   0.291   0.407   0.408    15.0    16.3    15.9    16.6    16.7
53877 20151109  2.422  -82.61   35.49    11.6     5.0     8.3     8.7    59.8     2.84 C    14.7     6.3    10.0    95.1    64.5    92.0   0.393   0.365   0.341   0.421   0.409    13.1    14.5    14.3    15.6    16.7
53877 20151110  2.422  -82.61   35.49    17.0     2.4     9.7    10.8     0.3    10.23 C    22.1     1.4    10.9    94.5    50.7    82.8   0.359   0.347   0.343   0.429   0.410    14.2    15.2    14.6    15.2    16.6
53877 20151111  2.422  -82.61   35.49    18.9     1.1    10.0     7.7     0.0    11.11 C    21.4     0.3     6.7    95.0    23.9    72.7   0.338   0.316   0.297   0.413   0.410    12.3    13.6    13.4    15.0    16.5
53877 20151112  2.422  -82.61   35.49    22.0     3.4    12.7    11.6     0.0    10.92 C    24.5     2.9     9.6    93.6    24.0    62.2   0.326   0.306   0.284   0.406   0.409    12.6    13.6    13.1    14.5    16.3
53877 20151113  2.422  -82.61   35.49    13.3     3.6     8.4     8.8     0.0     9.30 C    17.1    -0.3     6.0    55.6    14.8    36.8   0.318   0.299   0.279   0.395   0.409    11.8    13.1    12.9    14.4    16.2
53877 20151114  2.422  -82.61   35.49    12.5    -2.6     4.9     5.2     0.0    11.42 C    17.9    -3.6     3.2    73.2    12.9    35.8   0.310   0.293   0.276   0.383   0.407    10.2    11.7    11.7    13.8    16.0
53877 20151115  2.422  -82.61   35.49    14.0    -5.2     4.4     2.8     0.0     6.02 C    15.4    -5.1     1.9    81.2    16.3    57.8   0.309   0.288   0.272   0.379   0.393     8.6    10.1    10.3    13.0    15.8
53877 20151116  2.422  -82.61   35.49    17.7    -4.6     6.6     6.0     0.0    10.34 C    21.3    -4.8     5.1    89.2    13.8    57.1   0.305   0.283   0.271   0.376   0.384     8.8    10.0     9.9    12.3    15.6
53877 20151117  2.422  -82.61   35.49    13.4     6.2     9.8    10.9     0.0     2.97 C    15.0     4.7     9.9    81.3    33.7    63.2   0.299   0.279   0.268   0.375   0.382    10.6    11.5    10.8    12.2    15.2
53877 20151118  2.422  -82.61   35.49    15.6     7.3    11.4    12.3    67.2     0.57 C    14.6     7.5    11.7    94.7    38.1    86.6   0.353   0.323   0.295   0.386   0.385    11.6    12.5    11.7    12.5    15.0
53877 20151119  2.422  -82.61   35.49    18.2     4.0    11.1    12.7     1.1     8.80 C    23.5     2.3    11.7    94.9    33.2    80.9   0.390   0.365   0.348   0.424   0.400    13.2    14.0    13.0    13.0    14.8
53877 20151120  2.422  -82.61   35.49    13.1    -0.7     6.2     6.6     0.0    10.50 C    16.8    -1.1     5.0    94.0    17.5    60.8   0.364   0.324   0.322   0.421   0.401    11.1    12.4    12.2    13.2    14.7
53877 20151121  2.422  -82.61   35.49    12.8    -3.0     4.9     5.1     0.0    10.13 C    17.1    -3.2     4.8    92.8    35.3    67.7   0.357   0.311   0.291   0.408   0.401     9.6    10.8    10.7    12.6    14.7
53877 20151122  2.422  -82.61   35.49     7.5    -1.7     2.9     2.0     0.0     9.32 C    11.9    -3.5     2.9    81.0    50.5    64.6   0.351   0.304   0.283   0.404   0.401     9.6    10.9    10.6    12.2    14.6
53877 20151123  2.422  -82.61   35.49     7.7    -5.2     1.2    -0.2     0.0    10.22 C    13.0    -5.8    -0.6    82.9    27.9    58.4   0.346   0.299   0.280   0.397   0.402     7.4     8.9     9.1    11.6    14.4
53877 20151124  2.422  -82.61   35.49    12.8    -6.8     3.0     1.3     0.0     9.59 C    16.4    -6.6     0.6    89.7    19.4    64.5   0.342   0.295   0.278   0.383   0.400     6.5     7.9     8.0    10.8    14.2
53877 20151125  2.422  -82.61   35.49    11.6    -4.3     3.6     4.0     0.0     6.90 C    16.6    -4.8     2.7    90.7    36.1    61.1   0.338   0.292   0.276   0.379   0.390     6.8     8.0     7.9    10.3    14.0
53877 20151126  2.422  -82.61   35.49    15.9    -1.6     7.2     7.0     0.0     7.79 C    19.7    -2.5     5.9    89.9    44.8    70.2   0.333   0.288   0.274   0.377   0.384     8.0     9.0     8.5    10.1    13.7
53877 20151127  2.422  -82.61   35.49    17.9     5.4    11.7    11.0     0.0     8.96 C    21.3     3.1    10.3    92.5    50.1    75.2   0.327   0.286   0.272   0.375   0.382     9.7    10.5     9.6    10.4    13.4
53877 20151128  2.422  -82.61   35.49    18.0     4.9    11.4    10.9     0.0     4.84 C    19.1     3.0     9.9    93.3    48.9    77.8   0.324   0.284   0.270   0.374   0.380    10.4    11.2    10.4    10.9    13.3
53877 20151129  2.422  -82.61   35.49    16.3     8.4    12.3    12.2    19.9     3.11 C    18.1     5.6    11.9    95.2    66.3    86.9   0.335   0.294   0.273   0.375   0.380    11.4    12.1    11.1    11.3    13.2
53877 20151130  2.422  -82.61   35.49    12.9    10.1    11.5    11.9    22.0     0.46 C    13.5    10.2    11.7    99.6    88.6    93.5   0.390   0.364   0.348   0.420   0.400    12.0    12.8    11.8    11.9    13.2
53877 20151201  2.422  -82.61   35.49    13.9     9.8    11.8    11.8    13.9     0.96 C    13.8     9.0    11.5    94.3    86.4    92.0   0.389   0.362   0.349   0.426   0.404    11.9    12.8    12.0    12.1    13.2
53877 20151202  2.422  -82.61   35.49    15.1     4.8     9.9    10.9    21.9     2.26 C    16.6     3.4    10.5    94.6    63.7    87.7   0.409   0.385   0.356   0.427   0.405    12.2    13.2    12.3    12.4    13.3
53877 20151203  2.422  -82.61   35.49     7.4    -2.4     2.5     3.2     0.0     7.05 C    13.2    -3.0     2.2    85.4    37.9    59.6   0.379   0.343   0.339   0.427   0.406     9.8    11.3    11.2    12.3    13.3
53877 20151204  2.422  -82.61   35.49    11.6    -5.8     2.9     0.1     0.0     9.06 C    14.8    -5.7    -0.1    91.4    22.6    75.2   0.364   0.321   0.296   0.415   0.407     7.5     9.1     9.3    11.5    13.3
53877 20151205  2.422  -82.61   35.49    12.6    -5.8     3.4     0.7     0.0     9.33 C    16.2    -6.1    -0.1    91.7    22.0    71.9   0.343   0.314   0.288   0.407   0.407     6.6     8.0     8.1    10.6    13.2
53877 20151206  2.422  -82.61   35.49    13.9    -5.6     4.1     1.8     0.0     8.37 C    16.6    -5.8     1.0    92.5    33.0    75.2   0.338   0.309   0.285   0.398   0.407     6.1     7.5     7.4     9.9    13.0
53877 20151207  2.422  -82.61   35.49    14.0    -2.7     5.6     3.9     0.0     7.60 C    18.4    -3.4     2.8    93.5    48.5    79.6   0.335   0.307   0.282   0.385   0.407     6.5     7.7     7.4     9.5    12.8
53877 20151208  2.422  -82.61   35.49    14.5    -3.4     5.5     4.0     0.0     9.01 C    17.6    -4.3     2.7    95.4    43.8    78.1   0.331   0.304   0.281   0.382   0.406     6.6     7.8     7.5     9.3    12.5
53877 20151209  2.422  -82.61   35.49    14.7    -3.4     5.6     5.5     0.0     7.92 C    17.3    -4.5     4.3    93.9    40.3    75.5   0.329   0.301   0.279   0.379   0.395     6.8     7.8     7.4     9.2    12.3
53877 20151210  2.422  -82.61   35.49    17.5     0.1     8.8     7.7     0.0     7.76 C    19.8    -1.0     6.2    94.3    44.1    79.3   0.326   0.298   0.277   0.378   0.387     7.8     8.7     8.1     9.2    12.1
53877 20151211  2.422  -82.61   35.49    21.0     1.0    11.0     9.4     0.0     8.60 C    22.6    -0.2     7.4    94.2    42.0    78.1   0.324   0.295   0.276   0.376   0.383     8.5     9.3     8.5     9.4    12.0
53877 20151212  2.422  -82.61   35.49    21.0     5.0    13.0    11.1     0.0     7.38 C    22.1     3.0     9.7    93.9    48.1    82.2   0.320   0.293   0.274   0.375   0.382     9.6    10.3     9.3     9.8    11.9
53877 20151213  2.422  -82.61   35.49    20.1     5.0    12.5    12.5     0.0     7.34 C    21.9     3.2    10.8    98.4    47.9    76.1   0.317   0.290   0.272   0.375   0.381    10.2    10.9    10.0    10.2    11.9
53877 20151214  2.422  -82.61   35.49    19.2     4.9    12.1    14.1     8.5     3.71 C    21.0     2.8    12.2    94.6    51.5    83.9   0.342   0.309   0.278   0.374   0.380    11.8    12.4    11.2    10.8    11.9
53877 20151215  2.422  -82.61   35.49    18.6     2.4    10.5     9.7     0.0     8.82 C    19.9     0.3     7.1    95.1    39.5    75.1   0.346   0.315   0.286   0.374   0.380    10.4    11.5    10.8    11.2    12.0
53877 20151216  2.422  -82.61   35.49    18.4    -1.2     8.6     9.0     0.0     8.86 C    20.0    -1.6     7.2    94.4    40.5    70.7   0.339   0.310   0.284   0.374   0.380     9.3    10.4     9.9    10.9    12.1
53877 20151217  2.422  -82.61   35.49    13.6     8.9    11.3    11.3     7.5     1.71 C    18.5     8.2    11.1    93.0    68.9    88.5   0.357   0.324   0.294   0.378   0.380    10.8    11.6    10.6    10.9    12.1
53877 20151218  2.422  -82.61   35.49     8.9    -1.9     3.5     2.8     0.0     6.90 C    11.8    -4.2     2.8    90.2    36.5    63.8   0.349   0.318   0.292   0.385   0.380     9.5    10.8    10.4    11.1    12.1
53877 20151219  2.422  -82.61   35.49     7.6    -6.2     0.7     0.6     0.0     8.99 C    13.0    -6.9    -0.8    70.1    21.1    45.5   0.340   0.312   0.287   0.383   0.380     6.5     8.1     8.3    10.4    12.2
53877 20151220  2.422  -82.61   35.49    10.5    -5.7     2.4     2.8     0.0     6.67 C    14.7    -6.2     1.2    83.7    20.7    50.7   0.336   0.308   0.285   0.380   0.380     5.8     7.2     7.2     9.5    12.1
53877 20151221  2.422  -82.61   35.49    13.3     4.3     8.8     8.8     1.3     1.15 C    10.8     2.4     7.4    90.6    45.8    73.6   0.335   0.306   0.283   0.378   0.380     7.3     8.2     7.7     9.1    11.9
53877 20151222  2.422  -82.61   35.49    18.2     9.3    13.7    12.9     5.4     4.45 C    20.2     7.6    11.8    94.8    68.2    89.3   0.358   0.325   0.294   0.381   0.379     9.6    10.2     9.1     9.4    11.7
53877 20151223  2.422  -82.61   35.49    16.5    12.9    14.7    14.9    12.3     1.18 C    16.5    11.7    13.6    93.6    78.7    88.4   0.365   0.329   0.299   0.393   0.379    11.0    11.6    10.3    10.1    11.6
53877 20151224  2.422  -82.61   35.49    18.5    14.4    16.5    16.1    58.3     0.67 C    18.0    12.3    14.8    98.0    82.7    94.2   0.392   0.389   0.365   0.422   0.397    12.6    13.0    11.6    11.0    11.6
53877 20151225  2.422  -82.61   35.49    20.5    13.8    17.2    16.5    18.7     2.70 C    21.6    12.2    15.0    94.9    67.5    87.3   0.392   0.379   0.361   0.427   0.400    13.2    13.7    12.4    11.8    11.7
53877 20151226  2.422  -82.61   35.49    23.2    12.5    17.9    16.6     0.8     8.51 C    26.4    10.9    15.4    94.9    45.8    81.6   0.381   0.357   0.353   0.429   0.401    13.8    14.3    12.9    12.3    11.9
53877 20151227  2.422  -82.61   35.49    21.9    11.6    16.7    16.7     0.0     5.54 C    23.4     9.8    14.7    93.9    61.9    84.5   0.360   0.328   0.316   0.420   0.401    14.3    14.9    13.6    12.8    12.1
53877 20151228  2.422  -82.61   35.49    19.1    11.1    15.1    16.4    71.5     1.61 C    18.3     9.4    15.2    98.0    71.9    87.2   0.369   0.337   0.311   0.413   0.402    14.1    14.7    13.6    13.1    12.4
53877 20151229  2.422  -82.61   35.49    21.3     8.6    14.9    15.7     6.0     8.62 C    23.7     7.3    14.0   100.0    49.0    81.2   0.395   0.374   0.361   0.429   0.404    15.0    15.6    14.2    13.6    12.6
53877 20151230  2.422  -82.61   35.49    16.3     7.5    11.9    11.8    12.1     1.39 C    17.7     6.4    11.8    94.8    90.5    93.9   0.383   0.360   0.355   0.430   0.405    13.3    14.3    13.5    13.6    12.8
53877 20151231  2.422  -82.61   35.49    12.8     5.4     9.1     9.6     0.0     4.07 C    17.6     4.2    10.3    98.3    68.0    86.6   0.371   0.340   0.333   0.428   0.405    13.3    14.2    13.4    13.4    13.0
