53877 20160101  2.422  -82.61   35.49     7.0     0.2     3.6     3.8     0.0     4.52 C    12.9    -0.3     4.7    88.1    51.6    72.8   0.359   0.322   0.295   0.414   0.405    11.1    12.4    12.2    13.1    13.1
53877 20160102  2.422  -82.61   35.49     7.9    -3.3     2.3     0.7     0.0     8.27 C    12.8    -3.6     0.8    88.9    33.8    67.4   0.350   0.316   0.289   0.408   0.406     8.6    10.2    10.3    12.2    13.1
53877 20160103  2.422  -82.61   35.49     8.2    -4.6     1.8     0.0     0.0     5.64 C    12.3    -5.2    -0.9    92.1    30.8    70.9   0.347   0.313   0.286   0.396   0.406     6.7     8.3     8.5    11.1    13.0
53877 20160104  2.422  -82.61   35.49     1.6    -4.7    -1.6    -1.3     0.0     2.54 C     4.3    -6.6    -1.8    78.6    43.4    55.8   0.346   0.310   0.284   0.384   0.406     5.6     7.3     7.5    10.1    12.8
53877 20160105  2.422  -82.61   35.49     4.0    -9.0    -2.5    -2.8     0.0     9.38 C    10.9    -8.6    -3.3    79.0    17.2    46.0   0.344   0.308   0.282   0.381   0.406     4.2     5.8     6.1     9.2    12.5
53877 20160106  2.422  -82.61   35.49     6.6   -11.1    -2.3    -2.3     0.0     9.54 C    12.7   -10.2    -2.7    80.0    15.2    44.7   0.335   0.306   0.281   0.379   0.395     3.5     4.9     5.2     8.3    12.1
53877 20160107  2.422  -82.61   35.49    14.7    -6.0     4.4     2.9     0.0     8.69 C    18.2    -5.9     2.0    83.2    32.1    61.5   0.332   0.305   0.280   0.377   0.388     4.4     5.4     5.2     7.7    11.7
53877 20160108  2.422  -82.61   35.49    11.3     3.2     7.3     6.7     1.3     8.65 C    18.9     2.1     7.7    94.8    71.2    86.0   0.333   0.304   0.280   0.375   0.385     7.0     7.6     6.7     7.8    11.3
53877 20160109  2.422  -82.61   35.49     8.9     6.3     7.6     7.1     6.9     2.14 C    11.3     6.2     7.4    93.6    78.6    87.7   0.339   0.306   0.279   0.374   0.384     8.0     8.9     8.0     8.4    11.1
53877 20160110  2.422  -82.61   35.49     7.2    -4.7     1.3     3.2     1.7     2.08 C     7.8    -5.2     2.7    95.4    50.9    75.3   0.358   0.330   0.299   0.380   0.382     7.2     8.5     8.0     8.9    11.0
53877 20160111  2.422  -82.61   35.49     2.6    -9.7    -3.6    -4.1     0.0     8.78 C     9.7    -9.2    -3.6    86.5    22.0    56.9   0.345   0.319   0.293   0.384   0.382     4.4     6.0     6.2     8.4    10.9
53877 20160112  2.422  -82.61   35.49     8.2    -9.2    -0.5    -0.7     0.0    10.07 C    15.1    -8.4    -0.9    88.4    31.6    58.2   0.339   0.315   0.290   0.382   0.382     3.8     5.1     5.1     7.6    10.8
53877 20160113  2.422  -82.61   35.49     4.8    -6.2    -0.7    -2.1     0.0     9.85 C    11.7    -8.1    -2.8    69.9    16.1    40.0   0.334   0.311   0.287   0.380   0.381     3.4     4.8     4.7     7.1    10.6
53877 20160114  2.422  -82.61   35.49    14.1    -8.1     3.0     0.5     0.0     9.94 C    17.2    -7.9    -0.4    83.7    21.4    62.3   0.327   0.309   0.285   0.377   0.381     3.3     4.4     4.3     6.6    10.3
53877 20160115  2.422  -82.61   35.49     4.6    -2.4     1.1     1.2    34.2     0.38 C     4.5    -4.1     0.8    96.8    77.1    90.1   0.352   0.340   0.319   0.395   0.388     3.7     4.9     4.7     6.4    10.1
53877 20160116  2.422  -82.61   35.49     8.2    -1.6     3.3     2.2     0.0     6.80 C    13.9    -3.7     1.7    97.2    63.4    83.6   0.365   0.355   0.349   0.423   0.400     4.5     5.5     5.2     6.4     9.7
53877 20160117  2.422  -82.61   35.49     3.6    -2.7     0.4     0.3     0.6     5.80 C    11.6    -5.3     0.6    89.1    50.2    71.1   0.356   0.335   0.332   0.423   0.401     4.6     5.8     5.3     6.5     9.5
53877 20160118  2.422  -82.61   35.49    -2.2   -10.0    -6.1    -6.4     0.0    10.52 C     5.3   -10.4    -5.5    65.4    31.8    46.8   0.350   0.324   0.297   0.411   0.402     2.7     4.1     4.2     6.3     9.3
53877 20160119  2.422  -82.61   35.49    -2.0   -12.1    -7.0    -8.5     0.0    10.29 C     5.9   -11.0    -6.6    74.7    28.1    52.1   0.338   0.315   0.289   0.406   0.402     1.2     2.7     2.9     5.6     9.2
53877 20160120  2.422  -82.61   35.49     2.3   -10.7    -4.2    -3.0     0.4     3.81 C     5.9    -9.0    -1.5    86.1    36.0    65.8   0.338   0.312   0.287   0.396   0.402     1.1     2.4     2.4     5.0     9.0
53877 20160121  2.422  -82.61   35.49     8.5    -1.1     3.7     2.5     0.8     9.60 C    15.4    -1.1     3.0    89.1    42.2    67.6   0.346   0.314   0.285   0.386   0.403     3.1     3.8     3.1     4.8     8.8
53877 20160122  2.422  -82.61   35.49     0.9    -3.9    -1.5    -2.5    43.6     0.54 C     0.5    -5.1    -2.9    92.1    76.6    87.8   0.361   0.318   0.289   0.383   0.404     3.1     4.3     3.8     5.2     8.6
53877 20160123  2.422  -82.61   35.49    -2.5    -6.2    -4.4    -5.0     0.4     1.60 C    -3.5   -10.4    -6.6    92.0    57.7    70.4   0.369   0.324   0.294   0.383   0.401     2.9     4.1     3.7     5.2     8.4
53877 20160124  2.422  -82.61   35.49     7.2   -11.3    -2.1    -3.3     0.0    11.36 C     0.1   -19.3    -9.5    87.9    14.2    62.9   0.373   0.327   0.297   0.385   0.394     2.8     4.1     3.7     5.2     8.4
53877 20160125  2.422  -82.61   35.49    12.3    -8.6     1.9    -0.2     0.0     9.82 C     0.1   -14.2    -6.5    89.7    15.9    64.4   0.374   0.329   0.298   0.393   0.397     2.8     4.0     3.6     5.1     8.3
53877 20160126  2.422  -82.61   35.49    11.1    -4.6     3.2     1.6     1.0     4.11 C     0.4    -9.5    -2.2    94.8    46.6    79.4   0.378   0.339   0.313   0.404   0.403     2.7     4.0     3.6     5.1     8.1
53877 20160127  2.422  -82.61   35.49     6.7    -3.5     1.6     1.4     0.2     7.12 C     0.3    -6.4    -1.1    95.4    32.2    81.4   0.387   0.363   0.339   0.414   0.405     2.7     4.0     3.8     5.0     7.9
53877 20160128  2.422  -82.61   35.49     8.6    -5.7     1.5    -0.9     0.0     9.14 C     0.6    -8.7    -3.8    92.6    44.5    80.5   0.388   0.362   0.341   0.423   0.405     2.5     3.7     3.6     4.9     7.8
53877 20160129  2.422  -82.61   35.49     8.4    -3.5     2.4     1.6     0.0    11.81 C     3.8    -6.6    -2.7    91.3    29.2    64.1   0.390   0.364   0.350   0.424   0.406     2.6     3.7     3.5     4.7     7.6
53877 20160130  2.422  -82.61   35.49    13.2    -6.2     3.5     1.8     0.0    11.59 C    14.4    -8.0    -0.7    91.0    24.5    65.6   0.389   0.368   0.356   0.425   0.407     2.7     3.7     3.3     4.6     7.5
53877 20160131  2.422  -82.61   35.49    16.3    -3.7     6.3     4.9     0.0    10.41 C    22.5    -5.3     3.5    92.2    41.4    74.6   0.381   0.349   0.350   0.426   0.407     3.7     4.5     3.6     4.5     7.4
53877 20160201  2.422  -82.61   35.49    20.8     0.6    10.7     9.2     1.7     6.67 C    26.7    -0.8     8.1    94.6    39.9    81.0   0.371   0.333   0.310   0.421   0.407     5.6     6.1     4.9     5.0     7.3
53877 20160202  2.422  -82.61   35.49    11.0     6.3     8.7     9.0     8.1     1.25 C    12.4     3.2     8.5    95.6    89.2    93.4   0.376   0.333   0.303   0.410   0.407     6.9     7.5     6.3     5.8     7.3
53877 20160203  2.422  -82.61   35.49    17.4     8.8    13.1    13.3    78.7     3.06 C    18.5     6.1    11.9   100.0    78.2    93.0   0.429   0.379   0.355   0.426   0.408     9.4     9.8     7.9     6.9     7.4
53877 20160204  2.422  -82.61   35.49     9.1     0.5     4.8     4.8     0.0     8.11 C    15.8     0.2     5.1    94.8    51.3    66.1   0.401   0.358   0.347   0.428   0.408     8.4     9.3     8.4     7.8     7.6
53877 20160205  2.422  -82.61   35.49     4.4    -5.4    -0.5    -0.7     0.0    12.25 C    14.3    -6.0    -0.2    76.7    25.2    48.3   0.379   0.334   0.311   0.420   0.409     5.7     7.1     6.8     7.6     7.9
53877 20160206  2.422  -82.61   35.49     6.8    -7.3    -0.3    -1.6     0.0     9.97 C    14.8    -6.9    -1.2    87.8    18.5    59.2   0.371   0.323   0.294   0.408   0.409     4.3     5.5     5.3     6.9     8.1
53877 20160207  2.422  -82.61   35.49     8.8    -6.4     1.2     0.3     0.0    12.35 C    16.9    -6.9    -0.3    84.0    29.3    61.0   0.365   0.320   0.289   0.406   0.409     4.0     5.0     4.7     6.2     8.1
53877 20160208  2.422  -82.61   35.49     8.9    -3.9     2.5     0.6     0.0     7.22 C    19.6    -5.5     1.0    85.0    28.7    67.8   0.362   0.316   0.287   0.400   0.409     4.0     5.1     4.6     5.9     8.1
53877 20160209  2.422  -82.61   35.49    -0.2    -6.8    -3.5    -3.7     0.0     3.41 C     2.4    -7.1    -2.7    79.8    42.3    60.1   0.360   0.314   0.285   0.386   0.409     3.2     4.5     4.3     5.8     8.0
53877 20160210  2.422  -82.61   35.49    -1.7    -8.8    -5.3    -6.0     0.0    11.32 C    10.2    -9.6    -4.3    80.8    28.4    48.5   0.354   0.312   0.284   0.382   0.405     2.1     3.4     3.3     5.3     7.8
53877 20160211  2.422  -82.61   35.49     3.3    -9.4    -3.1    -3.4     0.0    13.68 C    14.6    -8.8    -1.8    78.5    36.3    58.7   0.348   0.310   0.282   0.379   0.395     2.2     3.3     3.0     4.8     7.7
53877 20160212  2.422  -82.61   35.49     4.2    -5.0    -0.4     0.0     0.0     5.47 C    17.2    -5.3     0.8    79.3    46.9    63.0   0.347   0.310   0.281   0.377   0.389     2.7     3.7     3.2     4.7     7.5
53877 20160213  2.422  -82.61   35.49    -0.4   -10.2    -5.3    -4.7     0.4    13.68 C    10.7    -9.6    -3.9    84.8    32.0    49.2   0.344   0.309   0.280   0.376   0.387     2.6     3.7     3.3     4.6     7.4
53877 20160214  2.422  -82.61   35.49    -4.6   -10.9    -7.8    -6.7     0.0     1.78 C    -1.7    -9.8    -4.5    71.6    37.8    48.5   0.336   0.306   0.279   0.374   0.386     1.0     2.4     2.4     4.4     7.3
53877 20160215  2.422  -82.61   35.49     2.4    -5.2    -1.4    -2.1    20.0     2.57 C     3.3    -3.7    -0.9    92.7    38.4    78.4   0.343   0.312   0.281   0.374   0.385     0.9     2.1     2.0     4.0     7.2
53877 20160216  2.422  -82.61   35.49     9.0     0.3     4.6     3.9    12.0    10.54 C    17.6    -0.8     4.4    95.4    51.0    83.4   0.387   0.359   0.343   0.419   0.403     3.4     4.0     3.1     3.8     6.9
53877 20160217  2.422  -82.61   35.49     6.4    -0.9     2.8     2.3     0.0     9.42 C    15.4    -1.3     3.2    95.4    57.2    79.5   0.384   0.351   0.337   0.420   0.404     4.4     5.2     4.2     4.4     6.6
53877 20160218  2.422  -82.61   35.49    11.5    -4.0     3.7     2.4     0.0    14.61 C    18.8    -5.8     1.8    92.2    29.5    68.3   0.370   0.335   0.310   0.418   0.404     4.5     5.3     4.4     4.8     6.6
53877 20160219  2.422  -82.61   35.49    13.1    -0.7     6.2     6.0     0.0    15.07 C    20.5    -2.5     4.5    84.0    32.5    54.1   0.361   0.325   0.294   0.406   0.405     5.2     5.9     4.9     5.1     6.6
53877 20160220  2.422  -82.61   35.49    14.2     0.6     7.4     7.4     0.0     2.74 C    14.5    -1.3     6.2    91.8    51.2    73.3   0.356   0.320   0.290   0.404   0.405     5.8     6.5     5.5     5.5     6.7
53877 20160221  2.422  -82.61   35.49    16.0     2.1     9.0     8.0     0.2     2.56 C    15.5     0.3     6.7    94.3    64.5    87.8   0.354   0.318   0.287   0.406   0.405     6.2     7.0     6.0     5.8     6.9
53877 20160222  2.422  -82.61   35.49    17.1     5.2    11.2    10.2     9.0     5.67 C    18.9     3.2     9.8    94.3    59.8    85.8   0.361   0.322   0.287   0.391   0.405     7.7     8.2     6.9     6.3     7.0
53877 20160223  2.422  -82.61   35.49     8.6     6.0     7.3     7.0    12.4     4.27 C    16.0     6.2     8.0    94.3    80.5    90.3   0.392   0.353   0.332   0.414   0.405     8.1     8.9     7.6     7.0     7.2
53877 20160224  2.422  -82.61   35.49    16.5     2.3     9.4     9.0    34.3     9.07 C    21.3     1.9     8.9    92.2    54.1    76.4   0.411   0.378   0.364   0.424   0.407     8.7     9.5     8.1     7.4     7.3
53877 20160225  2.422  -82.61   35.49     6.2    -0.4     2.9     2.7     0.2     8.22 C    14.5    -0.9     3.4    82.2    42.1    58.4   0.397   0.356   0.352   0.425   0.407     7.2     8.4     7.7     7.7     7.5
53877 20160226  2.422  -82.61   35.49     4.6    -3.2     0.7     0.5     0.3    16.91 C    16.3    -3.6     2.4    81.8    42.6    58.7   0.378   0.336   0.309   0.418   0.408     6.5     7.5     6.9     7.4     7.7
53877 20160227  2.422  -82.61   35.49    11.2    -5.1     3.1     1.9     0.0    16.68 C    20.2    -5.4     2.9    89.9    19.6    60.1   0.367   0.326   0.294   0.408   0.408     6.2     7.1     6.4     7.1     7.8
53877 20160228  2.422  -82.61   35.49    19.3    -5.4     6.9     5.9     0.0    16.95 C    24.7    -5.5     5.2    90.5    21.0    56.2   0.356   0.321   0.289   0.404   0.408     6.7     7.4     6.5     7.0     7.8
53877 20160229  2.422  -82.61   35.49    19.2    -0.3     9.4     9.4     0.0    16.81 C    25.8    -1.2     8.1    81.3    22.0    53.4   0.347   0.315   0.286   0.392   0.408     8.2     8.8     7.5     7.2     7.8
53877 20160301  2.422  -82.61   35.49    19.8    -1.9     9.0     8.4     4.6    10.67 C    28.1    -2.4     8.0    93.2    35.3    72.1   0.340   0.312   0.283   0.385   0.408     8.3     9.0     7.9     7.6     7.9
53877 20160302  2.422  -82.61   35.49     6.9    -4.7     1.1     0.9     0.0    14.57 C    14.9    -4.6     2.8    93.5    57.2    71.3   0.360   0.319   0.283   0.382   0.406     7.8     8.8     8.1     7.9     8.0
53877 20160303  2.422  -82.61   35.49     4.4    -5.2    -0.4    -0.2     1.4     5.51 C    11.4    -4.8     1.1    93.3    40.7    75.2   0.354   0.317   0.283   0.380   0.396     5.4     6.7     6.4     7.6     8.1
53877 20160304  2.422  -82.61   35.49     8.3    -2.5     2.9     3.0     0.0    12.87 C    18.9    -3.2     4.3    94.2    49.2    74.4   0.355   0.318   0.283   0.377   0.390     6.4     7.3     6.5     7.2     8.2
53877 20160305  2.422  -82.61   35.49    12.7    -4.7     4.0     3.2     1.6    14.90 C    22.0    -4.8     4.4    94.4    37.4    73.4   0.350   0.315   0.282   0.377   0.387     6.5     7.3     6.5     7.1     8.1
53877 20160306  2.422  -82.61   35.49    15.1     0.2     7.6     6.4     0.0    19.06 C    22.9    -1.2     6.6    94.6    16.4    56.1   0.349   0.314   0.282   0.376   0.386     7.9     8.5     7.4     7.3     8.1
53877 20160307  2.422  -82.61   35.49    18.2    -3.6     7.3     7.0     0.0    14.36 C    24.7    -4.0     6.0    90.6    20.9    58.9   0.344   0.311   0.280   0.376   0.386     7.6     8.4     7.5     7.5     8.1
53877 20160308  2.422  -82.61   35.49    22.7    -1.7    10.5    10.5     0.0    16.60 C    27.5    -2.5     9.1    92.4    19.3    60.7   0.337   0.307   0.278   0.375   0.386     8.8     9.3     8.1     7.7     8.2
53877 20160309  2.422  -82.61   35.49    21.8     3.6    12.7    13.0     0.0    17.29 C    28.8     1.8    11.9    92.2    37.5    66.3   0.325   0.301   0.276   0.374   0.386    10.5    10.9     9.4     8.3     8.2
53877 20160310  2.422  -82.61   35.49    22.7    11.2    17.0    17.6     0.0    17.16 C    29.1     8.9    15.9    83.8    40.1    60.7   0.310   0.294   0.273   0.374   0.386    12.6    12.8    10.9     9.2     8.4
53877 20160311  2.422  -82.61   35.49    23.3     9.9    16.6    16.9     0.0     9.39 C    27.4     7.4    15.0    87.9    43.6    66.9   0.297   0.287   0.269   0.374   0.386    13.1    13.5    11.8    10.1     8.6
53877 20160312  2.422  -82.61   35.49    25.2     9.4    17.3    16.6     0.0    14.76 C    31.0     7.6    15.6    93.2    35.7    66.9   0.284   0.283   0.266   0.374   0.385    13.8    14.1    12.5    10.7     8.9
53877 20160313  2.422  -82.61   35.49    22.2     9.6    15.9    16.2    10.3    10.93 C    28.8     7.4    15.7    93.4    46.7    76.2   0.316   0.301   0.264   0.372   0.385    14.5    14.9    13.3    11.3     9.2
53877 20160314  2.422  -82.61   35.49    22.9     4.6    13.7    12.8     1.2    14.26 C    29.2     3.9    12.9    94.2    36.3    78.1   0.331   0.311   0.266   0.371   0.385    13.8    14.4    13.1    11.7     9.5
53877 20160315  2.422  -82.61   35.49    26.2     7.5    16.8    16.0     0.0    19.03 C    29.6     5.7    14.7    94.3    18.8    62.9   0.319   0.308   0.267   0.371   0.385    14.5    14.9    13.4    12.0     9.8
53877 20160316  2.422  -82.61   35.49    26.1     5.1    15.6    14.8     0.0    18.72 C    29.7     2.9    12.8    90.2     8.7    50.8   0.302   0.301   0.266   0.370   0.384    14.4    15.0    13.6    12.3    10.1
53877 20160317  2.422  -82.61   35.49    22.3     0.4    11.3    10.9     0.0    18.53 C    27.2     0.1    10.2    81.6    11.0    44.8   0.284   0.291   0.264   0.370   0.384    13.0    13.7    12.8    12.3    10.3
53877 20160318  2.422  -82.61   35.49    19.1     1.2    10.1    10.1     0.0    20.29 C    26.3     0.0    10.1    79.9    16.8    47.1   0.265   0.281   0.261   0.369   0.383    12.9    13.6    12.5    12.1    10.5
53877 20160319  2.422  -82.61   35.49    19.8     6.6    13.2    12.3     0.0     8.11 C    26.9     6.0    12.0    72.8    40.1    56.7   0.251   0.272   0.258   0.368   0.383    12.8    13.5    12.5    12.0    10.7
53877 20160320  2.422  -82.61   35.49     8.6     1.2     4.9     5.1     1.7     4.02 C    12.0     0.3     6.1    89.3    53.9    71.4   0.247   0.267   0.253   0.367   0.383    11.2    12.4    11.8    11.9    10.8
53877 20160321  2.422  -82.61   35.49     8.8    -2.0     3.4     3.3     0.0    20.53 C    19.8    -2.6     4.7    77.8    30.4    49.7   0.248   0.264   0.250   0.366   0.383    10.2    11.2    10.6    11.3    10.8
53877 20160322  2.422  -82.61   35.49    18.7    -4.9     6.9     7.3     0.0    20.96 C    25.8    -5.0     6.9    88.9    19.1    48.2   0.241   0.258   0.246   0.365   0.383    10.0    10.8    10.1    10.8    10.8
53877 20160323  2.422  -82.61   35.49    23.0    -2.2    10.4    10.6     0.0    20.61 C    29.0    -3.1     9.4    80.9    14.8    48.2   0.221   0.246   0.240   0.364   0.383    11.1    11.6    10.5    10.7    10.8
53877 20160324  2.422  -82.61   35.49    20.4     3.6    12.0    12.9     1.0    18.05 C    27.8     1.6    12.9    89.0    40.4    67.0   0.200   0.234   0.233   0.364   0.382    12.4    12.8    11.4    10.9    10.7
53877 20160325  2.422  -82.61   35.49    18.5     4.4    11.4    13.1     0.0    15.30 C    25.9     2.5    12.9    91.6    39.5    69.9   0.190   0.226   0.227   0.364   0.382    13.7    14.1    12.6    11.5    10.7
53877 20160326  2.422  -82.61   35.49    17.6     0.1     8.9    10.4     0.0    12.93 C    27.0    -0.4    10.8    93.1    49.0    73.3   0.185   0.217   0.220   0.363   0.382    12.3    13.0    12.0    11.7    10.8
53877 20160327  2.422  -82.61   35.49    17.7    12.0    14.9    13.7     1.3     6.26 C    21.9     9.9    14.4    93.9    76.1    87.9   0.184   0.213   0.216   0.362   0.382    13.5    14.1    12.7    11.9    10.9
53877 20160328  2.422  -82.61   35.49    17.8     6.7    12.3    12.7     0.5    21.74 C    26.1     2.8    13.2    94.7    28.4    60.4   0.184   0.211   0.213   0.361   0.381    14.5    14.9    13.4    12.3    11.1
53877 20160329  2.422  -82.61   35.49    17.0     1.9     9.4     9.2     0.0    22.13 C    26.5     0.4     9.2    75.7    16.3    45.8   0.176   0.203   0.205   0.360   0.381    13.1    13.8    12.8    12.4    11.2
53877 20160330  2.422  -82.61   35.49    19.0    -1.4     8.8    10.2     0.0    20.20 C    28.2    -1.3    10.4    89.2    25.2    51.8   0.163   0.190   0.196   0.352   0.381    12.5    13.1    12.1    12.2    11.3
53877 20160331  2.422  -82.61   35.49    18.5    11.9    15.2    14.9     7.6     4.77 C    21.5     9.3    14.1    93.4    54.1    80.2   0.165   0.185   0.190   0.350   0.380    13.4    14.0    12.8    12.3    11.4
53877 20160401  2.422  -82.61   35.49    23.0    11.6    17.3    16.8    18.8     8.88 C    29.8    11.6    16.2    94.4    37.0    77.9   0.310   0.292   0.218   0.350   0.380    14.7    15.1    13.6    12.6    11.4
53877 20160402  2.422  -82.61   35.49    15.7     7.8    11.8    11.6     0.0    22.07 C    24.8     5.6    12.0    94.1    21.2    52.3   0.305   0.296   0.224   0.349   0.380    14.9    15.4    14.1    13.0    11.6
53877 20160403  2.422  -82.61   35.49    17.0     1.9     9.4     8.7     0.0    23.20 C    24.5    -0.5     8.9    79.5    22.5    37.4   0.280   0.283   0.226   0.348   0.379    13.4    14.2    13.3    13.0    11.7
53877 20160404  2.422  -82.61   35.49    23.9    -1.7    11.1    12.2     0.0    23.00 C    29.6    -1.3    11.3    91.0    16.4    49.0   0.257   0.269   0.224   0.348   0.379    13.3    13.8    12.7    12.7    11.8
53877 20160405  2.422  -82.61   35.49    14.0     1.3     7.7     7.8     0.0    24.17 C    23.8    -0.2     8.6    64.4    16.9    42.9   0.233   0.257   0.221   0.347   0.378    13.5    14.2    13.2    12.8    11.9
53877 20160406  2.422  -82.61   35.49    12.4     1.9     7.2     8.0     6.6    16.02 C    21.4    -1.0     7.8    93.5    30.2    44.8   0.215   0.245   0.217   0.346   0.378    11.9    12.8    12.1    12.6    11.9
53877 20160407  2.422  -82.61   35.49    17.0     3.3    10.1    10.0     2.8    17.80 C    25.0     2.0    10.3    95.1    30.6    61.4   0.278   0.261   0.214   0.345   0.378    12.7    13.3    12.3    12.3    11.9
53877 20160408  2.422  -82.61   35.49    12.2     3.5     7.8     7.1     0.3    18.55 C    25.8     1.7     9.0    90.5    30.2    58.1   0.264   0.258   0.213   0.345   0.377    12.6    13.4    12.4    12.4    11.9
53877 20160409  2.422  -82.61   35.49     8.9    -1.1     3.9     5.3     0.0    24.50 C    23.7    -2.6     6.8    60.3    19.9    33.7   0.252   0.255   0.212   0.344   0.378    11.6    12.6    11.9    12.2    11.9
53877 20160410  2.422  -82.61   35.49    14.5    -4.6     4.9     5.5     0.0    16.72 C    27.6    -5.1     7.1    76.7    27.1    45.9   0.240   0.250   0.211   0.344   0.378    10.7    11.7    11.1    11.8    11.9
53877 20160411  2.422  -82.61   35.49    18.4     2.0    10.2    12.1     0.0    15.83 C    28.8     0.8    12.1    83.3    43.4    56.8   0.227   0.243   0.209   0.344   0.377    12.0    12.7    11.6    11.7    11.9
53877 20160412  2.422  -82.61   35.49    18.5     4.8    11.7    13.1     1.6    15.51 C    29.1     2.3    13.2    93.0    30.3    73.0   0.220   0.238   0.208   0.343   0.377    13.8    14.3    12.9    12.1    11.8
53877 20160413  2.422  -82.61   35.49    16.9     2.0     9.5    10.3     0.0    19.89 C    27.1     0.5    11.4    92.8    33.6    56.6   0.216   0.233   0.205   0.343   0.377    13.2    13.9    12.8    12.4    11.8
53877 20160414  2.422  -82.61   35.49    19.5     5.4    12.4    12.3     0.0    20.66 C    30.4     3.9    13.0    80.4    36.9    55.8   0.206   0.225   0.202   0.342   0.377    14.1    14.6    13.3    12.6    11.9
53877 20160415  2.422  -82.61   35.49    17.5     3.1    10.3    10.0     0.0    24.48 C    30.4     1.1    11.3    85.9    18.8    49.5   0.193   0.214   0.197   0.341   0.376    14.0    14.7    13.5    12.9    12.0
53877 20160416  2.422  -82.61   35.49    20.3    -0.2    10.0     9.8     0.0    24.84 C    31.9    -0.8    10.9    88.7    12.4    48.8   0.178   0.201   0.191   0.340   0.375    13.7    14.4    13.3    13.0    12.1
53877 20160417  2.422  -82.61   35.49    23.5    -1.1    11.2    11.3     0.0    24.89 C    34.2    -1.4    12.1    82.7    14.0    46.4   0.164   0.187   0.183   0.339   0.375    14.0    14.5    13.3    13.0    12.1
53877 20160418  2.422  -82.61   35.49    26.9     1.1    14.0    14.2     0.0    24.75 C    37.2     0.1    14.3    86.7    11.0    47.8   0.152   0.174   0.174   0.336   0.375    14.8    15.2    13.8    13.2    12.2
53877 20160419  2.422  -82.61   35.49    25.9     3.7    14.8    15.6     0.0    16.74 C    32.7     2.1    14.7    85.7    13.2    46.0   0.143   0.163   0.167   0.334   0.375    15.0    15.5    14.3    13.5    12.3
53877 20160420  2.422  -82.61   35.49    24.3     8.1    16.2    16.8     0.0    20.42 C    33.7     5.5    16.8    77.6    25.5    45.0   0.138   0.156   0.160   0.332   0.375    16.1    16.4    14.9    13.8    12.4
53877 20160421  2.422  -82.61   35.49    23.8    11.0    17.4    17.4     0.6    22.71 C    39.1     7.6    19.2    87.7    29.9    57.1   0.131   0.148   0.153   0.329   0.375    17.3    17.5    15.8    14.2    12.6
53877 20160422  2.422  -82.61   35.49    17.1    11.7    14.4    14.8     6.9     4.66 C    19.8    10.7    15.1    94.1    59.2    83.0   0.132   0.146   0.151   0.326   0.374    16.4    17.1    16.0    14.7    12.7
53877 20160423  2.422  -82.61   35.49    19.5     7.2    13.4    13.8     0.0    19.67 C    31.7     5.4    14.7    94.6    45.5    70.2   0.150   0.150   0.152   0.326   0.374    16.4    17.0    15.6    14.7    12.9
53877 20160424  2.422  -82.61   35.49    24.5     2.8    13.6    14.5     0.0    25.45 C    34.6     1.8    15.3    93.5    25.7    58.6   0.151   0.150   0.151   0.324   0.374    16.5    17.0    15.7    14.8    13.1
53877 20160425  2.422  -82.61   35.49    25.2     5.4    15.3    16.3     0.0    18.90 C    36.5     4.1    16.4    92.3    36.4    63.2   0.143   0.148   0.150   0.321   0.374    16.8    17.3    16.0    15.0    13.2
53877 20160426  2.422  -82.61   35.49    26.9     8.6    17.7    18.6     0.0    18.69 C    38.7     6.8    18.9    92.6    33.0    63.9   0.136   0.145   0.147   0.317   0.374    17.7    18.0    16.5    15.2    13.3
53877 20160427  2.422  -82.61   35.49    26.7    11.8    19.3    18.4     0.0    15.91 C    39.4    10.3    19.0    93.0    37.6    72.3   0.131   0.142   0.144   0.314   0.374    18.4    18.8    17.2    15.6    13.5
53877 20160428  2.422  -82.61   35.49    29.5    11.7    20.6    19.1     0.0    21.53 C    41.3     9.8    20.3    93.0    21.8    64.9   0.126   0.138   0.141   0.310   0.374    19.2    19.4    17.7    16.0    13.6
53877 20160429  2.422  -82.61   35.49    27.3    11.1    19.2    19.4     0.0    23.95 C    40.2     9.3    20.7    87.4    24.7    50.1   0.120   0.132   0.136   0.305   0.373    19.4    19.6    18.0    16.4    13.8
53877 20160430  2.422  -82.61   35.49    25.4    11.2    18.3    17.3    27.2    15.61 C    39.6     9.5    19.5    93.8    47.6    74.6   0.124   0.139   0.138   0.300   0.372    19.3    19.7    18.2    16.6    14.0
53877 20160501  2.422  -82.61   35.49    25.6    14.6    20.1    19.1     1.4    17.98 C    35.6    15.0    21.2    93.7    56.4    82.1   0.248   0.254   0.184   0.301   0.372    20.2    20.4    18.8    16.9    14.2
53877 20160502  2.422  -82.61   35.49    24.0    12.8    18.4    17.8    25.0    12.70 C    34.6    11.9    19.0    94.1    49.8    85.7   0.265   0.268   0.199   0.302   0.373    19.9    20.5    19.1    17.4    14.4
53877 20160503  2.422  -82.61   35.49    22.4    10.5    16.5    16.5     1.1    20.13 C    33.8     9.8    18.8    94.2    53.6    77.7   0.302   0.307   0.266   0.308   0.372    20.2    20.7    19.2    17.6    14.6
53877 20160504  2.422  -82.61   35.49    17.6     6.5    12.1    12.1     0.6    19.30 C    30.4     6.6    14.7    92.4    36.1    64.1   0.281   0.291   0.259   0.312   0.372    18.7    19.5    18.5    17.6    14.8
53877 20160505  2.422  -82.61   35.49    11.8     5.9     8.8     8.3     0.4    18.28 C    26.2     5.5    11.8    91.0    48.7    69.4   0.269   0.279   0.253   0.314   0.372    17.3    18.2    17.5    17.3    15.0
53877 20160506  2.422  -82.61   35.49    15.7     7.3    11.5    11.2     0.0    17.63 C    28.6     6.4    13.0    82.6    40.7    59.7   0.259   0.272   0.248   0.315   0.371    16.8    17.7    16.8    16.8    15.1
53877 20160507  2.422  -82.61   35.49    24.8     4.7    14.7    15.2     0.0    15.53 C    31.6     4.1    14.3    91.2    24.6    56.3   0.248   0.261   0.242   0.315   0.372    16.4    17.2    16.3    16.4    15.1
53877 20160508  2.422  -82.61   35.49    26.6    11.3    19.0    19.1     0.0    17.26 C    32.7     9.8    18.3    87.7    34.9    59.0   0.235   0.250   0.235   0.315   0.371    17.9    18.4    17.1    16.3    15.1
53877 20160509  2.422  -82.61   35.49    22.9    10.8    16.8    17.4     0.0     9.26 C    25.8    10.1    17.0    92.3    39.9    68.7   0.223   0.241   0.228   0.316   0.371    17.7    18.4    17.3    16.6    15.1
53877 20160510  2.422  -82.61   35.49    26.6    12.8    19.7    19.1     0.0    21.52 C    34.9    11.4    19.6    86.3    36.1    60.8   0.212   0.230   0.221   0.316   0.371    19.2    19.6    18.0    16.8    15.1
53877 20160511  2.422  -82.61   35.49    23.6    10.3    17.0    16.2     0.8    14.94 C    31.8     9.8    17.1    92.8    60.7    83.9   0.199   0.218   0.212   0.316   0.371    18.7    19.4    18.2    17.2    15.2
53877 20160512  2.422  -82.61   35.49    25.6    11.3    18.5    16.7     4.7    13.72 C    34.2    10.4    17.7    94.0    49.7    86.6   0.194   0.213   0.207   0.316   0.371    18.8    19.4    18.2    17.3    15.3
53877 20160513  2.422  -82.61   35.49    21.7     7.8    14.8    16.0     2.1    24.03 C    30.9     7.9    17.9    93.9    40.5    72.4   0.213   0.212   0.202   0.317   0.371    19.7    20.1    18.7    17.5    15.4
53877 20160514  2.422  -82.61   35.49    23.4     4.5    13.9    13.4     0.0    20.68 C    31.1     4.8    14.3    93.4    30.2    63.2   0.208   0.207   0.196   0.315   0.371    18.1    18.9    18.0    17.5    15.5
53877 20160515  2.422  -82.61   35.49    16.0     3.1     9.6     9.3     0.0    26.66 C    28.1     3.4    12.1    89.0    30.8    54.0   0.193   0.197   0.189   0.314   0.371    17.3    18.2    17.4    17.2    15.6
53877 20160516  2.422  -82.61   35.49    19.6     1.4    10.5    11.6     0.0    24.48 C    31.4     2.1    13.9    93.1    38.6    61.3   0.178   0.184   0.181   0.313   0.371    16.9    17.6    16.8    16.8    15.6
53877 20160517  2.422  -82.61   35.49    20.8    11.5    16.2    15.6     1.9    11.19 C    26.6    12.1    16.5    92.7    52.2    77.7   0.169   0.178   0.176   0.312   0.371    17.6    18.3    17.2    16.8    15.6
53877 20160518  2.422  -82.61   35.49    24.8    14.0    19.4    18.4     0.0    18.19 C    35.2    12.8    20.0    92.6    51.5    76.3   0.166   0.174   0.173   0.311   0.371    19.3    19.6    18.1    17.0    15.6
53877 20160519  2.422  -82.61   35.49    16.8    13.2    15.0    15.0     0.6     3.36 C    19.6    13.7    16.0    92.9    80.0    87.6   0.161   0.170   0.170   0.311   0.371    18.3    19.2    18.2    17.4    15.6
53877 20160520  2.422  -82.61   35.49    13.6    12.0    12.8    12.9    11.9     2.28 C    15.9    12.2    13.9    93.8    85.0    90.6   0.190   0.187   0.169   0.310   0.371    16.9    17.9    17.2    17.2    15.8
53877 20160521  2.422  -82.61   35.49    23.1    11.6    17.3    16.1     0.0    18.97 C    30.8    11.6    17.9    94.1    53.0    76.9   0.250   0.220   0.171   0.310   0.371    18.2    18.7    17.4    16.9    15.8
53877 20160522  2.422  -82.61   35.49    20.5    11.5    16.0    15.5     0.4    24.70 C    29.6    10.7    17.0    89.5    36.0    59.6   0.227   0.206   0.170   0.310   0.371    19.0    19.5    18.2    17.2    15.8
53877 20160523  2.422  -82.61   35.49    22.0     5.9    14.0    14.1     0.0    24.41 C    31.7     5.8    15.9    93.8    36.6    68.3   0.206   0.191   0.169   0.308   0.371    18.6    19.2    18.1    17.4    15.8
53877 20160524  2.422  -82.61   35.49    25.3     6.0    15.6    15.7     0.0    26.03 C    36.3     6.1    17.5    92.9    29.4    67.2   0.188   0.179   0.166   0.307   0.370    19.2    19.7    18.3    17.5    15.9
53877 20160525  2.422  -82.61   35.49    27.2     6.8    17.0    17.5     0.0    21.07 C    40.1     5.9    19.3    92.7    37.9    68.2   0.172   0.172   0.164   0.306   0.370    20.0    20.4    18.9    17.7    16.0
53877 20160526  2.422  -82.61   35.49    26.0    12.6    19.3    18.1     0.7    14.83 C    38.1    10.7    19.2    92.5    48.6    79.6   0.137   0.166   0.161   0.306   0.370    20.4    20.9    19.4    18.1    16.1
53877 20160527  2.422  -82.61   35.49    26.6    12.4    19.5    19.2     0.0    17.30 C    39.1    11.0    20.4    93.7    51.2    75.6   0.126   0.162   0.159   0.306   0.370    20.8    21.1    19.6    18.3    16.2
53877 20160528  2.422  -82.61   35.49    27.1    11.7    19.4    19.6     0.0    27.89 C    40.3     9.9    22.7    93.2    29.6    64.0   0.118   0.155   0.155   0.305   0.370    22.0    22.2    20.3    18.6    16.3
53877 20160529  2.422  -82.61   35.49    23.3    14.3    18.8    18.0     0.2     8.70 C    29.3    12.7    19.1    90.9    50.2    81.2   0.110   0.150   0.151   0.304   0.370    20.9    21.6    20.4    19.1    16.4
53877 20160530  2.422  -82.61   35.49    29.0    10.9    19.9    19.9     0.2    25.52 C    42.6    10.1    22.5    92.9    29.0    66.7   0.107   0.146   0.148   0.303   0.370    22.0    22.2    20.4    19.0    16.6
53877 20160531  2.422  -82.61   35.49    28.7    13.1    20.9    20.0     0.0    20.76 C    44.6    12.0    22.9    92.9    41.6    75.6   0.102   0.139   0.144   0.301   0.370    22.7    22.9    21.2    19.4    16.7
53877 20160601  2.422  -82.61   35.49    29.3    14.0    21.7    21.0     0.0    21.88 C    46.6    13.0    23.9    93.1    44.0    73.5   0.098   0.135   0.140   0.300   0.370    23.3    23.5    21.7    19.8    16.8
53877 20160602  2.422  -82.61   35.49    27.6    14.4    21.0    19.1     2.3    11.91 C    42.3    13.0    21.1    93.5    52.5    83.7   0.095   0.132   0.137   0.299   0.370    22.2    22.8    21.4    20.0    17.0
53877 20160603  2.422  -82.61   35.49    28.9    13.2    21.1    20.0     0.7    22.91 C    44.2    12.5    23.6    94.2    43.4    80.3   0.097   0.132   0.135   0.298   0.369    23.3    23.5    21.7    20.0    17.2
53877 20160604  2.422  -82.61   35.49    30.7    14.6    22.7    20.7     2.8    18.67 C    47.9    13.6    23.5    93.9    41.6    82.8   0.096   0.131   0.134   0.296   0.369    23.5    23.8    22.2    20.4    17.4
53877 20160605  2.422  -82.61   35.49    24.6    17.1    20.9    20.2     1.3    10.05 C    32.2    16.8    21.9    93.6    65.4    87.1   0.098   0.132   0.134   0.296   0.369    22.8    23.4    22.0    20.6    17.5
53877 20160606  2.422  -82.61   35.49    24.6    15.9    20.3    20.0     0.9    13.46 C    32.6    14.1    21.9    93.6    57.4    84.3   0.100   0.133   0.135   0.296   0.374    22.7    23.3    21.9    20.6    17.7
53877 20160607  2.422  -82.61   35.49    28.2    11.9    20.0    20.1     0.0    25.56 C    43.4    10.8    22.3    94.1    29.9    60.8   0.100   0.131   0.133   0.297   0.385    23.1    23.6    22.0    20.6    17.8
53877 20160608  2.422  -82.61   35.49    25.4    10.2    17.8    17.8     0.0    26.89 C    42.9     8.8    21.0    85.8    28.5    54.8   0.096   0.127   0.131   0.295   0.385    22.8    23.3    21.9    20.6    17.9
53877 20160609  2.422  -82.61   35.49    27.9     6.9    17.4    17.1     0.0    26.51 C    45.3     6.6    21.4    92.3    33.1    64.2   0.092   0.123   0.127   0.292   0.385    22.8    23.2    21.7    20.6    18.0
53877 20160610  2.422  -82.61   35.49    30.3     8.3    19.3    19.4     0.0    26.12 C    47.0     8.0    23.2    92.0    23.8    60.9   0.088   0.120   0.124   0.289   0.384    23.5    23.8    22.1    20.7    18.1
53877 20160611  2.422  -82.61   35.49    32.5    12.1    22.3    22.1     0.0    24.13 C    49.0    11.2    25.6    92.1    33.1    66.4   0.084   0.115   0.121   0.287   0.384    24.5    24.6    22.7    20.9    18.2
53877 20160612  2.422  -82.61   35.49    31.9    13.6    22.8    23.0     0.0    26.44 C    49.8    12.5    26.6    92.3    26.5    61.0   0.081   0.113   0.119   0.284   0.384    25.4    25.5    23.5    21.4    18.3
53877 20160613  2.422  -82.61   35.49    32.0    16.8    24.4    23.6     0.0    23.53 C    49.6    15.5    27.2    88.7    34.3    63.8   0.077   0.110   0.117   0.282   0.383    26.0    26.1    24.1    21.8    18.5
53877 20160614  2.422  -82.61   35.49    32.8    14.0    23.4    22.6     0.5    22.91 C    52.0    13.0    27.0    93.2    27.2    70.0   0.072   0.109   0.114   0.280   0.383    25.9    26.1    24.2    22.1    18.6
53877 20160615  2.422  -82.61   35.49    29.6    17.0    23.3    22.6     1.9    16.90 C    48.5    16.2    25.9    93.8    51.4    78.7   0.070   0.107   0.113   0.278   0.383    25.5    25.9    24.3    22.4    18.8
53877 20160616  2.422  -82.61   35.49    32.0    18.4    25.2    24.2     0.0    26.29 C    49.8    17.9    27.9    93.8    26.3    64.1   0.072   0.107   0.112   0.277   0.382    26.4    26.5    24.6    22.4    19.0
53877 20160617  2.422  -82.61   35.49    28.2    19.6    23.9    24.1     0.4    22.75 C    48.8    18.8    28.1    89.7    39.9    59.4   0.071   0.106   0.111   0.275   0.383    26.6    26.8    24.9    22.8    19.1
53877 20160618  2.422  -82.61   35.49    27.0    14.9    21.0    20.5     0.0    21.74 C    49.2    13.5    25.3    83.1    35.3    59.1   0.069   0.105   0.109   0.274   0.382    25.9    26.4    24.8    23.0    19.3
53877 20160619  2.422  -82.61   35.49    26.6     9.4    18.0    18.0     0.0    25.62 C    48.1     8.8    22.9    89.5    20.8    57.8   0.066   0.103   0.108   0.272   0.381    25.1    25.6    24.1    22.8    19.5
53877 20160620  2.422  -82.61   35.49    29.2     8.4    18.8    19.1     0.0    25.77 C    50.1     8.2    24.2    91.3    31.2    63.6   0.061   0.101   0.107   0.270   0.382    25.2    25.5    23.9    22.6    19.6
53877 20160621  2.422  -82.61   35.49    31.9    12.3    22.1    21.4     0.0    19.11 C    52.2    11.9    25.6    92.0    36.1    70.1   0.059   0.100   0.106   0.269   0.382    25.5    25.8    24.2    22.7    19.6
53877 20160622  2.422  -82.61   35.49    32.2    15.5    23.9    23.7     0.0    17.45 C    49.5    14.4    26.6    92.6    38.4    68.8   0.057   0.099   0.105   0.267   0.381    25.8    26.1    24.4    22.8    19.8
53877 20160623  2.422  -82.61   35.49    34.8    17.4    26.1    25.2     0.0    23.43 C    54.9    16.2    29.5    92.9    32.0    63.5   0.057   0.099   0.104   0.265   0.381    27.2    27.2    25.1    23.0    19.9
53877 20160624  2.422  -82.61   35.49    30.3    17.9    24.1    23.2     1.0    13.74 C    50.8    16.0    25.3    93.1    40.2    68.9   0.054   0.097   0.103   0.265   0.379    26.3    26.8    25.3    23.4    19.9
53877 20160625  2.422  -82.61   35.49    31.9    14.9    23.4    23.8     0.0    26.71 C    52.7    13.4    28.7    92.9    29.0    62.2   0.054   0.097   0.103   0.263   0.379    27.0    27.0    25.1    23.3    20.1
53877 20160626  2.422  -82.61   35.49    31.6    18.5    25.1    24.2     0.0    21.96 C    51.9    16.9    29.1    89.2    41.1    66.3   0.052   0.097   0.103   0.262   0.379    27.8    27.9    25.8    23.7    20.2
53877 20160627  2.422  -82.61   35.49    29.8    18.0    23.9    21.8     9.5    13.66 C    51.7    17.0    25.1    93.5    49.8    83.5   0.052   0.097   0.107   0.263   0.378    26.4    26.9    25.6    23.9    20.3
53877 20160628  2.422  -82.61   35.49    29.5    16.0    22.7    21.8     0.2    17.47 C    46.1    15.6    24.9    93.6    37.5    77.8   0.067   0.101   0.112   0.262   0.378    25.8    26.4    25.1    23.7    20.5
53877 20160629  2.422  -82.61   35.49    29.1    12.8    21.0    20.1     3.9    19.40 C    49.3    12.6    23.6    93.0    42.8    76.9   0.076   0.104   0.111   0.262   0.377    25.0    25.8    24.5    23.6    20.6
53877 20160630  2.422  -82.61   35.49    29.9    12.9    21.4    20.6     7.5    22.44 C    49.2    13.3    25.4    93.6    49.1    76.2   0.083   0.108   0.113   0.262   0.377    25.3    25.9    24.5    23.4    20.7
53877 20160701  2.422  -82.61   35.49    30.2    17.1    23.7    22.5     0.4    23.17 C    47.8    17.0    26.8    94.0    32.4    73.2   0.097   0.122   0.125   0.263   0.378    26.3    26.8    25.1    23.5    20.7
53877 20160702  2.422  -82.61   35.49    31.4    14.0    22.7    22.4     0.0    25.57 C    49.1    14.4    27.3    92.5    37.8    71.4   0.106   0.120   0.122   0.264   0.378    26.6    27.0    25.3    23.7    20.7
53877 20160703  2.422  -82.61   35.49    31.9    15.2    23.5    22.8     3.9    20.71 C    51.3    15.4    27.0    92.6    34.2    73.0   0.103   0.118   0.120   0.264   0.377    26.7    27.1    25.5    24.0    20.8
53877 20160704  2.422  -82.61   35.49    30.8    19.6    25.2    24.4     0.0    17.78 C    45.5    19.2    27.3    93.5    52.1    77.2   0.101   0.120   0.120   0.265   0.377    27.0    27.4    25.8    24.1    21.0
53877 20160705  2.422  -82.61   35.49    32.0    17.4    24.7    22.7     2.8    15.87 C    49.1    17.4    25.1    92.8    44.4    80.1   0.101   0.117   0.119   0.266   0.378    26.0    26.7    25.4    24.2    21.1
53877 20160706  2.422  -82.61   35.49    32.0    17.6    24.8    23.0     6.9    20.16 C    48.7    17.1    26.5    93.6    41.1    77.3   0.103   0.119   0.119   0.266   0.378    26.4    26.9    25.4    24.1    21.2
53877 20160707  2.422  -82.61   35.49    30.6    17.5    24.1    21.4    28.5    15.31 C    46.3    17.8    24.3    93.7    46.6    85.3   0.120   0.148   0.138   0.285   0.377    25.7    26.3    25.2    24.1    21.3
53877 20160708  2.422  -82.61   35.49    32.0    16.7    24.4    22.9     2.5    24.06 C    44.7    17.1    26.6    93.9    42.7    76.8   0.185   0.225   0.185   0.323   0.377    26.5    26.9    25.3    24.0    21.3
53877 20160709  2.422  -82.61   35.49    29.5    16.3    22.9    21.6     0.0    16.80 C    41.2    17.2    23.8    93.6    39.0    75.5   0.184   0.215   0.182   0.311   0.377    25.6    26.3    25.3    24.3    21.4
53877 20160710  2.422  -82.61   35.49    29.8    15.3    22.5    22.2     0.0    23.63 C    46.3    15.7    25.6    92.7    37.8    70.0   0.174   0.203   0.180   0.306   0.378    26.0    26.5    25.1    24.1    21.5
53877 20160711  2.422  -82.61   35.49    28.9    14.3    21.6    20.8    22.0    14.63 C    43.7    14.8    23.4    93.4    45.8    78.5   0.164   0.202   0.187   0.313   0.378    25.1    25.8    24.8    24.1    21.5
53877 20160712  2.422  -82.61   35.49    29.5    16.6    23.1    20.9     5.0    18.95 C    42.2    17.2    24.2    93.7    52.8    85.7 -99.000 -99.000   0.221   0.322   0.378    25.6    26.1    24.7    24.0    21.6
53877 20160713  2.422  -82.61   35.49    29.3    14.5    21.9    20.7     4.9    18.35 C    40.7    15.3    23.4    93.9    49.8    83.9 -99.000 -99.000   0.202   0.264   0.378    25.7    26.0    24.6    24.1    21.6
53877 20160714  2.422  -82.61   35.49    29.9    15.4    22.7    21.1     6.7    21.38 C    40.3    16.0    24.0    93.9    44.2    82.4 -99.000 -99.000   0.204   0.259   0.378    26.3    26.3    24.7    24.1    21.6
53877 20160715  2.422  -82.61   35.49    28.7    15.5    22.1    19.9     6.8    11.17 C    37.3    16.2    21.7    93.9    53.5    89.1 -99.000 -99.000   0.221   0.293   0.378    24.9    25.5    24.4    24.1    21.7
53877 20160716  2.422  -82.61   35.49    27.8    17.4    22.6    20.6    27.3    13.29 C    37.0    17.3    22.3    93.8    59.4    88.0 -99.000 -99.000   0.246   0.376   0.382    24.7    25.2    24.2    23.9    21.7
53877 20160717  2.422  -82.61   35.49    29.9    17.2    23.5    22.0     0.0    23.02 C    37.4    18.1    24.7    93.9    38.9    80.3 -99.000 -99.000   0.251   0.444   0.388    26.5    26.0    24.4    23.8    21.7
53877 20160718  2.422  -82.61   35.49    28.8    17.1    22.9    22.6     0.4    18.25 C    36.8    17.0    23.9    93.5    57.7    82.3 -99.000 -99.000   0.242   0.374   0.383    26.3    26.3    24.8    24.0    21.7
53877 20160719  2.422  -82.61   35.49    30.3    17.2    23.8    21.5     2.7    18.79 C    38.9    17.1    23.5    93.5    46.1    83.7 -99.000 -99.000   0.235   0.358   0.383    26.4    26.3    24.9    24.2    21.8
53877 20160720  2.422  -82.61   35.49    31.0    16.9    24.0    22.9     0.0    25.08 C    37.2    17.5    24.7    94.1    38.9    75.6 -99.000 -99.000   0.228   0.351   0.383    27.1    26.7    25.1    24.2    21.8
53877 20160721  2.422  -82.61   35.49    30.4    16.5    23.4    22.4     1.2    21.14 C    37.8    16.7    24.2    92.7    49.6    81.2 -99.000 -99.000   0.221   0.343   0.383    27.1    26.7    25.2    24.5    21.9
53877 20160722  2.422  -82.61   35.49    30.0    16.6    23.3    21.3     3.2    17.09 C    36.7    16.5    22.7    93.6    51.5    84.0 -99.000 -99.000   0.212   0.320   0.383    26.3    26.4    25.1    24.5    21.9
53877 20160723  2.422  -82.61   35.49    30.4    15.9    23.2    22.3     0.0    17.94 C    36.1    16.1    23.5    93.9    50.5    83.0 -99.000 -99.000   0.206   0.296   0.384    26.2    26.2    24.9    24.4    22.0
53877 20160724  2.422  -82.61   35.49    31.5    17.0    24.2    23.6     0.0    23.68 C    36.8    16.7    24.7    93.1    43.8    76.6 -99.000 -99.000   0.199   0.288   0.384    27.3    26.8    25.2    24.4    22.1
53877 20160725  2.422  -82.61   35.49    31.6    17.8    24.7    23.6     0.0    20.36 C    37.7    17.3    24.5    92.7    48.2    77.0 -99.000 -99.000   0.192   0.280   0.384    27.3    26.9    25.4    24.6    22.1
53877 20160726  2.422  -82.61   35.49    31.7    17.3    24.5    23.6     0.0    18.54 C    38.2    17.1    24.7    92.5    41.7    78.6 -99.000 -99.000   0.183   0.272   0.384    27.1    26.9    25.4    24.7    22.1
53877 20160727  2.422  -82.61   35.49    31.9    17.9    24.9    24.5     0.0    22.09 C    38.5    17.3    25.1    92.9    43.5    74.2 -99.000 -99.000   0.173   0.265   0.384    27.7    27.1    25.5    24.8    22.2
53877 20160728  2.422  -82.61   35.49    30.5    17.7    24.1    23.8     0.0    18.89 C    38.2    17.0    24.4    92.6    43.7    74.0 -99.000 -99.000   0.163   0.256   0.384    27.3    26.9    25.4    24.9    22.3
53877 20160729  2.422  -82.61   35.49    29.8    19.4    24.6    23.1     7.1    18.13 C    36.9    18.4    24.4    93.5    46.1    79.8 -99.000 -99.000   0.155   0.247   0.384    27.3    27.0    25.5    24.9    22.4
53877 20160730  2.422  -82.61   35.49    29.0    17.2    23.1    21.5    15.3    16.92 C    34.9    16.9    22.5    93.8    49.2    85.9 -99.000 -99.000   0.154   0.243   0.385    26.0    26.4    25.2    24.8    22.4
53877 20160731  2.422  -82.61   35.49    30.4    17.8    24.1    22.8     0.3    21.26 C    35.1    17.9    24.0    94.2    49.3    80.5 -99.000 -99.000   0.165 -99.000   0.385    26.5    26.5    25.2    24.6    22.5
53877 20160801  2.422  -82.61   35.49    29.1    18.6    23.9    22.3     0.0    13.98 C    35.3    18.0    23.2    93.8    51.9    83.6 -99.000 -99.000   0.168 -99.000   0.384    26.0    26.4    25.3    24.7    22.5
53877 20160802  2.422  -82.61   35.49    27.4    18.1    22.8    22.1     3.3    16.07 C    37.5    17.8    23.8    93.2    59.9    84.9 -99.000 -99.000   0.169 -99.000   0.385    26.2    26.4    25.1    24.6    22.5
53877 20160803  2.422  -82.61   35.49    30.3    19.0    24.6    23.4     6.6    24.35 C    40.7    17.8    26.2    93.5    42.5    76.8 -99.000 -99.000   0.168 -99.000   0.385    27.5    27.3    25.6    24.7    22.5
53877 20160804  2.422  -82.61   35.49    27.4    20.2    23.8    22.5     1.7    14.29 C    38.8    20.0    24.7    93.6    66.1    84.0 -99.000 -99.000   0.169 -99.000   0.385    27.2    27.3    25.9    25.0    22.6
53877 20160805  2.422  -82.61   35.49    28.8    19.1    24.0    22.2     5.6    16.59 C    39.5    18.7    24.4    93.5    61.1    87.2 -99.000 -99.000   0.172 -99.000   0.384    27.2    27.3    25.9    25.1    22.7
53877 20160806  2.422  -82.61   35.49    29.3    18.5    23.9    22.8     1.0    17.63 C    38.6    18.1    24.8    94.1    57.9    85.3 -99.000 -99.000   0.177 -99.000   0.384    27.1    27.2    25.9    25.1    22.7
53877 20160807  2.422  -82.61   35.49    30.4    18.1    24.2    22.3     8.0    11.65 C    40.6    17.7    23.8    93.7    56.5    85.9 -99.000 -99.000   0.182 -99.000   0.385    26.4    26.9    25.7    25.1    22.7
53877 20160808  2.422  -82.61   35.49    27.3    21.2    24.3    23.2    19.5    12.31 C    36.3    21.2    24.6    93.7    63.1    84.1 -99.000 -99.000   0.232 -99.000   0.384    26.7    26.8    25.6    25.0    22.8
53877 20160809  2.422  -82.61   35.49    27.2    21.2    24.2    22.8    11.3    13.61 C    35.2    21.2    24.4    93.1    63.8    85.1 -99.000 -99.000   0.253 -99.000   0.384    26.7    26.9    25.6    25.0    22.9
53877 20160810  2.422  -82.61   35.49    25.4    20.9    23.1    22.3     6.8    11.76 C    33.3    20.8    23.9    93.3    72.6    87.5 -99.000 -99.000   0.255 -99.000   0.385    26.5    26.8    25.7    25.0    22.9
53877 20160811  2.422  -82.61   35.49    28.6    20.4    24.5    23.5     6.2    19.61 C    37.2    20.0    25.5    93.1    60.5    83.4 -99.000 -99.000   0.259 -99.000   0.426    27.5    27.4    25.9    25.0    23.0
53877 20160812  2.422  -82.61   35.49    28.5    20.1    24.3    23.7     1.7    18.26 C    38.7    19.8    25.5    93.6    62.1    83.0 -99.000 -99.000   0.252 -99.000   0.457    27.6    27.6    26.2    25.2    23.0
53877 20160813  2.422  -82.61   35.49    30.1    18.7    24.4    23.7     0.0    22.65 C    38.4    18.3    25.4    93.2    55.8    79.1 -99.000 -99.000   0.246 -99.000   0.432    27.5    27.7    26.4    25.4    23.1
53877 20160814  2.422  -82.61   35.49    30.2    17.1    23.6    22.4     0.0    19.31 C    39.5    16.9    24.3    93.0    53.0    81.5 -99.000 -99.000   0.238 -99.000   0.406    26.8    27.4    26.3    25.4    23.1
53877 20160815  2.422  -82.61   35.49    30.2    17.9    24.0    23.1     0.0    22.69 C    39.4    17.6    25.0    93.6    46.7    77.5 -99.000 -99.000   0.230 -99.000   0.395    27.1    27.4    26.2    25.3    23.2
53877 20160816  2.422  -82.61   35.49    30.5    17.0    23.8    23.2     0.0    21.33 C    39.0    16.8    24.7    92.8    52.3    77.5 -99.000 -99.000   0.222 -99.000   0.393    26.9    27.3    26.2    25.4    23.3
53877 20160817  2.422  -82.61   35.49    29.4    17.8    23.6    21.7     1.1    10.87 C    38.7    17.4    22.7    93.3    55.6    86.9 -99.000 -99.000   0.215 -99.000   0.392    25.5    26.6    25.9    25.3    23.3
53877 20160818  2.422  -82.61   35.49    27.7    17.8    22.7    21.7     0.2    14.81 C    36.1    17.5    22.7    93.5    57.6    81.7 -99.000 -99.000   0.209 -99.000   0.393    25.3    26.1    25.4    25.1    23.4
53877 20160819  2.422  -82.61   35.49    27.6    18.5    23.0    20.8    26.3    11.05 C    38.5    18.3    22.2    93.7    59.0    87.8 -99.000 -99.000   0.222 -99.000   0.393    24.6    25.6    25.1    24.8    23.3
53877 20160820  2.422  -82.61   35.49    25.7    18.5    22.1    21.7     8.4    13.69 C    33.1    18.3    23.1    93.8    65.6    87.4 -99.000 -99.000   0.251 -99.000   0.415    25.1    25.7    24.9    24.6    23.3
53877 20160821  2.422  -82.61   35.49    27.6    18.9    23.2    22.0     2.1    14.79 C    34.8    18.6    23.4    93.9    58.3    86.9 -99.000 -99.000   0.256 -99.000   0.419    25.6    26.2    25.2    24.6    23.2
53877 20160822  2.422  -82.61   35.49    26.2    15.7    21.0    20.1     0.0    21.52 C    34.8    14.7    21.9    93.7    51.3    79.8 -99.000 -99.000   0.252 -99.000   0.422    25.0    26.0    25.1    24.6    23.2
53877 20160823  2.422  -82.61   35.49    26.5    14.5    20.5    20.1     0.0    20.61 C    34.4    14.3    21.9    92.8    54.7    78.9 -99.000 -99.000   0.245 -99.000   0.413    24.6    25.6    24.8    24.5    23.2
53877 20160824  2.422  -82.61   35.49    26.4    15.4    20.9    20.3     0.0     9.93 C    31.2    15.0    20.9    93.0    66.5    84.0 -99.000 -99.000   0.238 -99.000   0.401    23.9    25.0    24.5    24.4    23.2
53877 20160825  2.422  -82.61   35.49    30.4    18.0    24.2    22.7     0.0    21.59 C    37.1    17.1    24.4    93.7    42.1    78.9 -99.000 -99.000   0.232 -99.000   0.397    25.3    25.8    24.7    24.2    23.1
53877 20160826  2.422  -82.61   35.49    30.5    16.5    23.5    22.7     0.0    20.01 C    38.3    15.9    23.7    93.0    48.1    78.7 -99.000 -99.000   0.226 -99.000   0.395    25.3    26.0    25.0    24.3    23.0
53877 20160827  2.422  -82.61   35.49    30.4    16.5    23.4    22.1     2.1    18.50 C    37.7    15.9    23.2    93.3    51.5    82.2 -99.000 -99.000   0.218 -99.000   0.395    25.3    26.0    25.1    24.4    23.1
53877 20160828  2.422  -82.61   35.49    29.3    16.8    23.0    21.9     0.4    18.60 C    35.7    16.3    22.7    93.3    49.8    81.2 -99.000 -99.000   0.212 -99.000   0.395    25.3    26.0    25.0    24.5    23.0
53877 20160829  2.422  -82.61   35.49    29.2    13.6    21.4    20.6     0.0    22.01 C    36.8    13.2    21.9    93.0    42.7    76.6 -99.000 -99.000   0.205 -99.000   0.394    24.5    25.5    24.7    24.4    23.0
53877 20160830  2.422  -82.61   35.49    28.7    14.7    21.7    21.1     0.0    20.85 C    36.8    14.1    22.3    93.0    47.6    77.0 -99.000 -99.000   0.197 -99.000   0.394    24.5    25.4    24.6    24.3    23.0
53877 20160831  2.422  -82.61   35.49    29.8    15.0    22.4    21.7     0.0    20.71 C    37.0    14.5    22.9    92.9    46.3    77.2 -99.000 -99.000   0.190 -99.000   0.394    24.7    25.5    24.5    24.2    23.0
53877 20160901  2.422  -82.61   35.49    28.8    17.4    23.1    21.1     3.4    15.26 C    38.4    16.7    22.5    93.6    54.8    84.3 -99.000 -99.000   0.182 -99.000   0.394    24.6    25.5    24.7    24.3    23.0
53877 20160902  2.422  -82.61   35.49    21.6    15.5    18.6    19.0     1.2     2.95 C    23.9    14.4    19.4    93.7    72.8    88.9 -99.000 -99.000   0.177 -99.000   0.393    23.0    24.5    24.2    24.1    23.0
53877 20160903  2.422  -82.61   35.49    25.8    12.2    19.0    18.3     0.0    22.40 C    33.5    11.7    20.2    94.2    31.6    75.6 -99.000 -99.000   0.175 -99.000   0.394    22.8    24.0    23.5    23.7    22.9
53877 20160904  2.422  -82.61   35.49    27.0    15.7    21.4    20.0     2.8    19.63 C    35.1    14.7    21.6    93.7    40.1    76.7 -99.000 -99.000   0.170 -99.000   0.394    23.5    24.5    23.7    23.5    22.8
53877 20160905  2.422  -82.61   35.49    27.5    12.9    20.2    19.1     0.0    21.96 C    34.4    12.6    20.5    94.0    41.9    79.6 -99.000 -99.000   0.166 -99.000   0.393    23.2    24.3    23.6    23.5    22.8
53877 20160906  2.422  -82.61   35.49    28.9    11.4    20.1    19.3     0.0    21.21 C    36.1    10.7    20.2    93.8    32.9    75.0 -99.000 -99.000   0.162 -99.000   0.393    22.8    24.0    23.4    23.4    22.7
53877 20160907  2.422  -82.61   35.49    29.9    11.7    20.8    19.5     0.0    20.90 C    37.5    11.0    20.4    93.0    27.5    74.8 -99.000 -99.000   0.157 -99.000   0.393    22.7    23.9    23.2    23.3    22.7
53877 20160908  2.422  -82.61   35.49    30.6    12.3    21.5    20.1     0.0    20.11 C    38.8    11.6    21.2    92.9    34.8    76.0 -99.000 -99.000   0.151 -99.000   0.392    23.1    24.0    23.2    23.2    22.6
53877 20160909  2.422  -82.61   35.49    30.0    13.9    21.9    21.0     0.0    17.37 C    38.7    13.0    21.9    92.8    41.1    77.1 -99.000 -99.000   0.146 -99.000   0.392    23.6    24.3    23.4    23.2    22.5
53877 20160910  2.422  -82.61   35.49    29.0    14.8    21.9    20.6     0.0    12.06 C    37.6    13.7    20.7    93.0    41.4    78.6 -99.000 -99.000   0.141 -99.000   0.391    23.1    24.1    23.3    23.3    22.5
53877 20160911  2.422  -82.61   35.49    27.9    15.4    21.6    21.0     0.0    16.42 C    37.4    14.2    21.8    90.8    43.2    72.3 -99.000 -99.000   0.138 -99.000   0.392    23.6    24.3    23.3    23.2    22.5
53877 20160912  2.422  -82.61   35.49    28.5    13.3    20.9    20.7     0.0    16.22 C    38.2    12.6    21.7    92.4    52.6    75.8 -99.000 -99.000   0.133 -99.000   0.391    23.5    24.1    23.2    23.1    22.5
53877 20160913  2.422  -82.61   35.49    28.4    16.2    22.3    21.0     0.0    18.67 C    38.3    14.8    22.3    92.7    47.5    76.5 -99.000 -99.000   0.130 -99.000   0.391    24.3    24.6    23.4    23.2    22.4
53877 20160914  2.422  -82.61   35.49    30.0    13.6    21.8    20.5     0.8    15.90 C    40.1    12.7    21.5    93.5    38.7    78.5 -99.000 -99.000   0.126 -99.000   0.390    23.6    24.3    23.3    23.2    22.3
53877 20160915  2.422  -82.61   35.49    30.0    13.2    21.6    20.3     0.0    19.50 C    38.4    11.7    21.2    94.3    33.1    74.8 -99.000 -99.000   0.124 -99.000   0.390    23.6    24.2    23.3    23.2    22.3
53877 20160916  2.422  -82.61   35.49    28.2    15.2    21.7    21.0     0.0    17.38 C    37.9    14.2    22.5    92.3    50.7    77.4 -99.000 -99.000   0.122 -99.000   0.390    24.2    24.4    23.3    23.1    22.3
53877 20160917  2.422  -82.61   35.49    27.1    17.0    22.0    21.2     0.0    16.90 C    38.7    15.4    22.6    91.2    46.9    74.1 -99.000 -99.000   0.119 -99.000   0.390    24.5    24.7    23.5    23.3    22.3
53877 20160918  2.422  -82.61   35.49    24.7    14.3    19.5    19.4     1.3     8.24 C    33.5    13.4    20.1    93.3    59.4    85.4 -99.000 -99.000   0.116 -99.000   0.390    23.0    23.9    23.1    23.2    22.2
53877 20160919  2.422  -82.61   35.49    27.2    16.3    21.8    20.9     0.0    14.13 C    37.5    14.9    21.8    93.6    47.2    79.6 -99.000 -99.000   0.115 -99.000   0.389    23.6    24.2    23.3    23.0    22.3
53877 20160920  2.422  -82.61   35.49    28.7    12.6    20.7    19.6     0.0    16.75 C    38.9    11.4    20.5    93.3    37.5    73.9 -99.000 -99.000   0.114 -99.000   0.389    22.7    23.6    22.9    23.0    22.2
53877 20160921  2.422  -82.61   35.49    28.2    12.0    20.1    19.6     0.0    14.19 C    44.4    11.2    21.2    93.0    41.5    75.7 -99.000 -99.000   0.114 -99.000   0.389    23.1    23.7    22.8    22.8    22.2
53877 20160922  2.422  -82.61   35.49    27.0    13.5    20.3    19.5     0.0    12.03 C    42.8    11.7    21.3    93.2    48.9    79.2 -99.000 -99.000   0.114 -99.000   0.388    23.2    23.7    22.8    22.8    22.1
53877 20160923  2.422  -82.61   35.49    28.6    14.5    21.5    20.2     0.0    13.00 C    47.7    12.8    22.0    93.3    41.8    76.7 -99.000 -99.000   0.113 -99.000   0.388    23.7    24.0    23.0    22.8    22.1
53877 20160924  2.422  -82.61   35.49    31.3    11.7    21.5    19.8     0.0    18.49 C    46.0    10.1    22.0    92.9    21.4    71.4 -99.000 -99.000   0.111 -99.000   0.387    23.9    24.0    22.9    22.8    22.0
53877 20160925  2.422  -82.61   35.49    31.0    12.5    21.7    20.6     0.0    15.91 C    47.3    11.0    22.9    92.7    38.1    74.6 -99.000 -99.000   0.112 -99.000   0.387    24.3    24.3    23.0    22.8    22.0
53877 20160926  2.422  -82.61   35.49    26.3    16.0    21.2    19.0    13.5     5.80 C    40.0    14.1    19.6    93.9    58.8    88.3 -99.000 -99.000   0.111 -99.000   0.387    22.8    23.7    23.0    22.9    22.0
53877 20160927  2.422  -82.61   35.49    25.7    15.0    20.4    19.2     2.9    13.21 C    37.2    13.8    21.3    93.9    58.6    86.4 -99.000 -99.000   0.112 -99.000   0.386    23.4    23.8    22.8    22.7    22.0
53877 20160928  2.422  -82.61   35.49    25.9    10.3    18.1    17.5     0.0    11.45 C    40.8     9.3    19.6    94.0    51.4    83.3 -99.000 -99.000   0.115 -99.000   0.385    22.4    23.4    22.7    22.7    21.9
53877 20160929  2.422  -82.61   35.49    23.6     7.4    15.5    14.3     0.0    13.75 C    38.0     7.2    16.4    93.3    43.5    76.5 -99.000 -99.000   0.118 -99.000   0.385    20.2    21.8    21.6    22.3    21.9
53877 20160930  2.422  -82.61   35.49    22.1     5.9    14.0    13.1     0.0    16.71 C    38.4     5.5    15.9    93.7    37.6    75.7 -99.000 -99.000   0.120 -99.000   0.385    19.5    21.0    20.8    21.7    21.8
53877 20161001  2.422  -82.61   35.49    22.5     5.3    13.9    13.3     0.0    17.42 C    38.2     4.7    16.3    93.3    40.0    75.6 -99.000 -99.000   0.121 -99.000   0.385    19.5    20.7    20.3    21.2    21.7
53877 20161002  2.422  -82.61   35.49    22.6     6.6    14.6    14.1     0.0    12.82 C    38.5     5.9    16.5    93.2    42.5    78.0 -99.000 -99.000   0.122 -99.000   0.385    19.4    20.6    20.2    21.0    21.6
53877 20161003  2.422  -82.61   35.49    22.5     7.2    14.9    14.9     0.0    11.71 C    36.2     6.6    17.1    93.1    45.9    78.9 -99.000 -99.000   0.121 -99.000   0.385    19.3    20.5    20.1    20.8    21.4
53877 20161004  2.422  -82.61   35.49    23.5    11.2    17.4    15.9     0.0    12.70 C    41.7     9.8    17.8    92.9    50.2    78.9 -99.000 -99.000   0.120 -99.000   0.385    20.2    21.0    20.4    20.7    21.3
53877 20161005  2.422  -82.61   35.49    23.4    10.1    16.7    15.3     0.0    17.23 C    38.8     8.3    17.5    93.1    43.7    75.4 -99.000 -99.000   0.120 -99.000   0.385    20.2    20.9    20.2    20.7    21.1
53877 20161006  2.422  -82.61   35.49    22.1     8.1    15.1    14.8     0.0    15.71 C    38.7     6.6    17.6    93.4    46.5    77.2 -99.000 -99.000   0.117 -99.000   0.384    20.4    20.8    20.0    20.6    21.0
53877 20161007  2.422  -82.61   35.49    18.8    15.4    17.1    17.3    16.5     3.08 C    23.1    15.8    18.4    93.9    83.9    91.3 -99.000 -99.000   0.121 -99.000   0.384    20.2    21.0    20.3    20.6    21.0
53877 20161008  2.422  -82.61   35.49    21.7    12.7    17.2    18.0     0.7     6.87 C    29.7     9.4    18.1    93.9    46.6    76.2 -99.000 -99.000   0.126 -99.000   0.383    20.2    21.2    20.5    20.6    20.9
53877 20161009  2.422  -82.61   35.49    18.6     9.3    14.0    13.7     0.0    17.39 C    32.9     6.4    14.1    74.0    34.2    48.3 -99.000 -99.000   0.131 -99.000   0.383    17.6    19.4    19.4    20.3    20.7
53877 20161010  2.422  -82.61   35.49    22.1     5.4    13.8    12.5     0.0    17.03 C    35.4     4.2    13.4    92.3    20.5    61.1 -99.000 -99.000   0.132 -99.000   0.383    17.3    18.7    18.6    19.8    20.7
53877 20161011  2.422  -82.61   35.49    20.6     2.0    11.3    10.1     0.0    16.78 C    34.6     1.6    12.1    93.3    33.6    73.4 -99.000 -99.000   0.135 -99.000   0.383    16.8    18.1    17.9    19.3    20.6
53877 20161012  2.422  -82.61   35.49    22.1     0.6    11.4     9.8     0.0    16.42 C    34.8     0.5    11.4    93.6    25.4    73.7 -99.000 -99.000   0.134 -99.000   0.383    16.3    17.6    17.4    18.9    20.4
53877 20161013  2.422  -82.61   35.49    23.8     3.6    13.7    12.3     0.0    15.00 C    36.4     3.3    13.7    93.4    30.8    72.9 -99.000 -99.000   0.133 -99.000   0.382    16.8    17.7    17.2    18.6    20.2
53877 20161014  2.422  -82.61   35.49    21.0     7.6    14.3    14.6     0.0    11.43 C    34.2     6.5    16.6    92.4    53.9    76.0 -99.000 -99.000   0.132 -99.000   0.381    17.9    18.5    17.7    18.5    20.0
53877 20161015  2.422  -82.61   35.49    24.5    13.3    18.9    17.3     0.0    15.05 C    37.2    11.8    19.6    86.9    43.8    72.5 -99.000 -99.000   0.132 -99.000   0.382    19.7    19.8    18.7    18.8    19.8
53877 20161016  2.422  -82.61   35.49    23.3    10.9    17.1    16.5     0.0    10.08 C    35.8     9.1    17.3    92.8    51.7    79.3 -99.000 -99.000   0.132 -99.000   0.382    19.4    20.0    19.1    19.1    19.7
53877 20161017  2.422  -82.61   35.49    25.8     8.1    17.0    15.4     0.0    13.54 C    38.5     7.1    16.3    94.2    40.5    78.1 -99.000 -99.000   0.130 -99.000   0.381    18.7    19.5    18.7    19.2    19.6
53877 20161018  2.422  -82.61   35.49    26.6     7.7    17.1    15.7     0.0    12.94 C    39.4     6.4    15.9    93.3    38.3    76.8 -99.000 -99.000   0.127 -99.000   0.381    18.5    19.3    18.6    19.1    19.6
53877 20161019  2.422  -82.61   35.49    28.1     9.2    18.6    17.2     0.0    14.74 C    39.7     7.8    18.0    92.9    37.9    75.4 -99.000 -99.000   0.126 -99.000   0.381    19.4    19.7    18.7    19.1    19.5
53877 20161020  2.422  -82.61   35.49    28.4    10.4    19.4    18.0     0.0    14.33 C    39.9     8.6    18.2    93.0    32.1    70.9 -99.000 -99.000   0.125 -99.000   0.381    19.9    20.2    19.1    19.2    19.5
53877 20161021  2.422  -82.61   35.49    15.4     8.6    12.0    12.4     3.2    10.39 C    27.7     6.8    13.4    92.9    51.0    72.2 -99.000 -99.000   0.121 -99.000   0.381    17.9    19.3    18.8    19.4    19.5
53877 20161022  2.422  -82.61   35.49    12.9     4.4     8.6     8.5     0.0    12.94 C    27.8     1.9     9.5    72.9    37.7    51.4 -99.000 -99.000   0.120 -99.000   0.381    14.9    17.0    17.3    18.8    19.5
53877 20161023  2.422  -82.61   35.49    19.7    -1.0     9.3     7.8     0.0    13.81 C    31.4    -1.3     8.4    92.3    27.5    67.7 -99.000 -99.000   0.120 -99.000   0.381    14.1    15.9    16.1    17.9    19.4
53877 20161024  2.422  -82.61   35.49    25.6     1.7    13.7    11.8     0.0    13.32 C    36.1     0.9    11.3    93.3    16.7    64.0 -99.000 -99.000   0.119 -99.000   0.381    15.0    16.1    15.8    17.4    19.2
53877 20161025  2.422  -82.61   35.49    21.6     2.1    11.8    10.0     0.0    11.14 C    33.5     0.3    10.0    93.2    31.5    69.6 -99.000 -99.000   0.117 -99.000   0.381    14.9    16.1    15.7    17.2    19.0
53877 20161026  2.422  -82.61   35.49    21.3     0.4    10.8    10.3     0.0    10.09 C    32.5    -0.2    10.1    93.3    35.7    70.4 -99.000 -99.000   0.117 -99.000   0.381    14.6    15.9    15.5    17.0    18.8
53877 20161027  2.422  -82.61   35.49    23.0     6.9    14.9    12.7     0.0     7.00 C    31.3     4.9    12.7    92.5    42.7    77.1 -99.000 -99.000   0.114 -99.000   0.381    15.4    16.4    15.9    16.9    18.6
53877 20161028  2.422  -82.61   35.49    24.6     6.7    15.6    13.3     0.0    12.09 C    35.9     5.0    13.0    93.0    24.2    69.5 -99.000 -99.000   0.112 -99.000   0.381    15.7    16.6    16.0    16.8    18.4
53877 20161029  2.422  -82.61   35.49    25.9     3.9    14.9    13.0     0.0    11.91 C    36.8     2.5    12.6    92.6    28.8    70.7 -99.000 -99.000   0.112 -99.000   0.381    15.6    16.5    15.9    16.8    18.3
53877 20161030  2.422  -82.61   35.49    25.5     5.1    15.3    13.9     0.0    10.65 C    36.7     3.5    13.1    93.3    29.8    70.7 -99.000 -99.000   0.110 -99.000   0.381    15.7    16.6    16.0    16.8    18.2
53877 20161031  2.422  -82.61   35.49    26.5     7.0    16.8    15.3     0.0     9.54 C    38.1     5.1    14.6    92.6    31.4    69.8 -99.000 -99.000   0.110 -99.000   0.381    16.1    16.9    16.2    16.8    18.1
53877 20161101  2.422  -82.61   35.49    25.0    10.8    17.9    17.1     0.0    10.78 C    37.6     7.9    16.6    91.2    38.4    69.9 -99.000 -99.000   0.110 -99.000   0.381    17.4    17.8    16.8    17.0    18.0
53877 20161102  2.422  -82.61   35.49    25.4     7.7    16.6    14.7     0.0     8.53 C    34.0     5.6    14.4    93.3    31.5    72.8 -99.000 -99.000   0.108 -99.000   0.381    16.7    17.5    16.8    17.2    17.9
53877 20161103  2.422  -82.61   35.49    24.8     5.9    15.3    15.0     0.0     9.65 C    36.9     4.2    14.7    93.3    36.1    70.6 -99.000 -99.000   0.106 -99.000   0.381    16.5    17.3    16.7    17.1    17.9
53877 20161104  2.422  -82.61   35.49    20.4     4.3    12.3    14.4     0.4    10.85 C    31.1     1.3    12.9    91.5    23.8    59.8 -99.000 -99.000   0.107 -99.000   0.381    16.4    17.4    16.9    17.2    17.9
53877 20161105  2.422  -82.61   35.49    19.9    -1.0     9.4     7.8     0.0    11.63 C    31.6    -1.8     7.7    92.8    23.8    66.1 -99.000 -99.000   0.105 -99.000   0.380    13.6    15.4    15.6    16.8    17.9
53877 20161106  2.422  -82.61   35.49    20.8     0.0    10.4     8.5     0.0     9.92 C    31.3    -0.8     8.4    92.5    17.6    63.5 -99.000 -99.000   0.104 -99.000   0.380    13.3    14.8    14.9    16.3    17.9
53877 20161107  2.422  -82.61   35.49    19.5    -1.0     9.3     8.0     0.0    11.47 C    31.5    -2.0     7.5    93.1    24.1    64.0 -99.000 -99.000   0.102 -99.000   0.379    12.8    14.3    14.5    15.8    17.7
53877 20161108  2.422  -82.61   35.49    18.3    -1.3     8.5     7.4     0.0     7.49 C    27.5    -2.3     7.6    92.6    28.8    66.7 -99.000 -99.000   0.103 -99.000   0.380    12.1    13.8    14.0    15.4    17.5
53877 20161109  2.422  -82.61   35.49    15.3     5.3    10.3     9.4     0.0    10.48 C    28.8     3.0     9.7    90.7    37.3    61.4 -99.000 -99.000   0.101 -99.000   0.379    13.2    14.4    14.3    15.2    17.3
53877 20161110  2.422  -82.61   35.49    18.8     0.3     9.6     7.8     0.0    11.45 C    30.5    -2.1     6.9    82.6    11.7    51.8 -99.000 -99.000   0.100 -99.000   0.379    11.9    13.6    13.8    15.0    17.2
53877 20161111  2.422  -82.61   35.49    16.8     0.1     8.5     8.9     0.0     5.64 C    22.8    -2.1     6.4    74.7    26.0    49.5 -99.000 -99.000   0.100 -99.000   0.379    10.6    12.7    13.1    14.6    17.0
53877 20161112  2.422  -82.61   35.49    13.0    -1.2     5.9     5.4     0.0     9.11 C    22.0    -3.0     5.0    90.1    38.8    67.7 -99.000 -99.000   0.098 -99.000   0.379    10.6    12.6    13.0    14.2    16.8
53877 20161113  2.422  -82.61   35.49    14.2    -2.5     5.9     4.0     0.0     5.65 C    21.7    -3.9     4.1    92.3    32.1    71.9 -99.000 -99.000   0.096 -99.000   0.378     9.6    11.8    12.4    13.9    16.6
53877 20161114  2.422  -82.61   35.49    16.0    -2.1     7.0     5.6     0.0     9.68 C    26.8    -3.1     5.7    92.5    32.4    67.3 -99.000 -99.000   0.098 -99.000   0.379    10.1    11.8    12.2    13.5    16.4
53877 20161115  2.422  -82.61   35.49    16.3    -3.1     6.6     5.2     0.0     9.81 C    26.3    -4.5     5.0    92.1    27.7    67.9 -99.000 -99.000   0.097 -99.000   0.378     9.7    11.5    11.9    13.3    16.2
53877 20161116  2.422  -82.61   35.49    18.6    -1.5     8.5     7.0     0.0    10.43 C    29.5    -2.9     6.4    92.9    31.7    68.1 -99.000 -99.000   0.096 -99.000   0.378    10.4    11.8    12.0    13.1    16.0
53877 20161117  2.422  -82.61   35.49    22.3    -1.9    10.2     7.9     0.0    10.36 C    31.9    -3.4     6.8    92.9    26.6    66.9 -99.000 -99.000   0.095 -99.000   0.378    10.4    11.8    11.9    13.0    15.8
53877 20161118  2.422  -82.61   35.49    24.8    -1.4    11.7     9.7     0.0    10.38 C    33.8    -2.9     8.1    92.8    16.0    63.7 -99.000 -99.000   0.096 -99.000   0.377    10.9    12.1    12.1    13.0    15.6
53877 20161119  2.422  -82.61   35.49    10.8     0.7     5.7     4.9     0.0    10.16 C    22.0    -1.9     4.9    92.1    28.1    60.0 -99.000 -99.000   0.096 -99.000   0.378    10.1    11.8    12.0    13.0    15.5
53877 20161120  2.422  -82.61   35.49     7.4    -2.1     2.6     2.6     0.0    10.52 C    20.6    -5.5     2.2    60.3    21.9    36.5 -99.000 -99.000   0.093 -99.000   0.377     8.1    10.3    11.1    12.7    15.4
53877 20161121  2.422  -82.61   35.49    10.3    -3.4     3.5     2.6     0.0    10.29 C    22.8    -6.4     1.7    59.8    12.3    33.3 -99.000 -99.000   0.093 -99.000   0.378     7.6     9.7    10.4    12.1    15.2
53877 20161122  2.422  -82.61   35.49    15.5    -4.6     5.4     3.4     0.0     8.85 C    28.1    -6.6     3.3    68.4    16.6    45.9 -99.000 -99.000   0.093 -99.000   0.377     7.7     9.6    10.1    11.7    15.0
53877 20161123  2.422  -82.61   35.49    17.3    -0.2     8.6     7.5     0.0     8.24 C    29.5    -1.8     7.6    72.0    15.2    48.8 -99.000 -99.000   0.093 -99.000   0.377     9.1    10.4    10.5    11.5    14.8
53877 20161124  2.422  -82.61   35.49    20.3     3.3    11.8    10.9     0.0     5.93 C    27.6     0.3     9.9    90.2    38.0    64.9 -99.000 -99.000   0.092 -99.000   0.376    11.1    11.9    11.6    11.8    14.6
53877 20161125  2.422  -82.61   35.49    19.2     0.1     9.6     8.0     0.0     8.41 C    28.4    -1.3     7.6    94.4    39.1    75.9 -99.000 -99.000   0.092 -99.000   0.376    10.3    11.6    11.6    12.0    14.5
53877 20161126  2.422  -82.61   35.49    10.7    -4.2     3.3     4.0     0.0     9.77 C    21.9    -7.2     3.2    82.4    26.6    62.8 -99.000 -99.000   0.093 -99.000   0.376     9.2    11.1    11.4    12.1    14.4
53877 20161127  2.422  -82.61   35.49    12.6    -8.5     2.1     1.1     0.0     8.69 C    23.1   -10.0     0.7    89.3    24.5    63.9 -99.000 -99.000   0.090 -99.000   0.376     6.8     9.2    10.0    11.7    14.3
53877 20161128  2.422  -82.61   35.49    11.6     0.0     5.8     6.3    11.4     1.49 C    13.2    -0.8     6.2    90.5    46.0    68.5 -99.000 -99.000   0.090 -99.000   0.376     8.0     9.7    10.1    11.2    14.2
53877 20161129  2.422  -82.61   35.49    19.9    10.2    15.1    14.3    28.2     8.04 C    25.3     9.3    14.0    93.6    57.0    84.6 -99.000 -99.000   0.107 -99.000   0.376    12.5    12.5    11.6    11.4    14.0
53877 20161130  2.422  -82.61   35.49    20.2     7.5    13.9    15.7    16.7     2.86 C    24.8     4.5    13.9    94.1    61.7    82.5 -99.000 -99.000   0.182 -99.000   0.375    13.6    13.9    13.0    12.2    13.9
53877 20161201  2.422  -82.61   35.49    11.8    -2.0     4.9     4.8     0.0     9.42 C    18.9    -2.6     4.3    94.5    36.7    70.3 -99.000   0.173   0.233   0.263   0.376    10.1    12.1    12.4    12.7    14.0
53877 20161202  2.422  -82.61   35.49    12.1    -2.7     4.7     3.3     0.0     7.08 C    19.0    -3.7     2.2    92.4    24.0    65.7 -99.000   0.162   0.231   0.228   0.376     7.7    10.1    10.9    12.0    14.0
53877 20161203  2.422  -82.61   35.49     8.6    -0.8     3.9     5.0     0.2     4.65 C    15.9    -2.1     5.2    91.5    45.7    62.1 -99.000   0.153   0.228   0.217   0.376     7.8     9.8    10.3    11.4    14.0
53877 20161204  2.422  -82.61   35.49     4.7     3.2     3.9     4.0    21.2     0.63 C     6.8     3.9     5.0    93.7    89.2    92.0 -99.000   0.195   0.245   0.344   0.376     7.7     9.8    10.2    11.1    13.8
53877 20161205  2.422  -82.61   35.49    12.2     4.5     8.3     8.2     6.6     3.36 C    16.8     5.1     9.0    94.3    70.8    89.1 -99.000   0.196   0.251   0.458   0.376     9.3    10.4    10.3    10.8    13.6
53877 20161206  2.422  -82.61   35.49     9.4     5.9     7.6     7.1    14.8     2.99 C    14.4     5.5     8.0    93.8    82.4    89.4 -99.000   0.212   0.258   0.461   0.410     9.8    11.0    10.8    11.1    13.4
53877 20161207  2.422  -82.61   35.49    14.3     0.8     7.6     7.2     0.0     8.77 C    20.4    -0.2     6.6    94.3    47.9    77.9 -99.000   0.192   0.251   0.464   0.441     9.4    10.7    10.7    11.1    13.2
53877 20161208  2.422  -82.61   35.49     5.1    -2.4     1.3     2.6     0.0     2.91 C     7.7    -5.0     2.2    93.7    33.3    55.9 -99.000   0.184   0.247   0.441   0.442     7.1     9.7    10.3    11.0    13.2
53877 20161209  2.422  -82.61   35.49     0.2    -8.5    -4.1    -3.9     0.0     9.05 C    11.6    -8.6    -3.1    83.3    43.4    58.0 -99.000   0.181   0.244   0.373   0.423     4.0     7.2     8.7    10.3    13.1
53877 20161210  2.422  -82.61   35.49     4.2   -11.2    -3.5    -4.7     0.0     8.89 C    13.3   -10.4    -3.7    87.4    21.7    64.4 -99.000   0.176   0.242   0.342   0.404     2.8     5.8     7.3     9.4    13.0
53877 20161211  2.422  -82.61   35.49     6.6    -7.2    -0.3    -0.6     0.0     4.74 C    16.6    -7.7    -0.7    88.7    35.7    67.9 -99.000   0.170   0.240   0.329   0.393     2.7     5.5     6.7     8.6    12.7
53877 20161212  2.422  -82.61   35.49    14.3    -0.8     6.8     8.0     2.6     5.76 C    19.9    -1.8     6.8    94.3    66.0    83.7 -99.000   0.175   0.240   0.322   0.389     6.9     7.8     7.7     8.3    12.3
53877 20161213  2.422  -82.61   35.49     8.4    -1.4     3.5     3.9     0.3     2.63 C    14.1    -2.8     4.2    94.4    62.7    87.6 -99.000   0.178   0.241   0.315   0.388     6.0     7.7     8.0     8.7    12.0
53877 20161214  2.422  -82.61   35.49     6.5    -3.5     1.5     3.2     0.0     4.19 C    13.2    -5.0     3.4    92.6    61.4    80.8 -99.000   0.173   0.241   0.311   0.388     6.8     8.5     8.5     8.9    11.9
53877 20161215  2.422  -82.61   35.49     0.3    -8.0    -3.9    -3.5     0.0     8.57 C     9.8    -8.5    -2.8    91.6    24.3    50.9 -99.000   0.171   0.239   0.306   0.388     3.7     6.4     7.5     8.8    11.7
53877 20161216  2.422  -82.61   35.49     1.6    -9.5    -3.9    -4.2     0.0     4.24 C     9.2    -8.8    -2.6    66.5    25.0    41.9 -99.000   0.168   0.237   0.304   0.388     2.1     5.1     6.2     8.1    11.6
53877 20161217  2.422  -82.61   35.49    17.3    -2.2     7.5     8.4     0.0     5.40 C    24.7    -1.0     8.3    88.1    58.2    74.9 -99.000   0.161   0.236   0.300   0.388     5.9     6.8     6.8     7.6    11.4
53877 20161218  2.422  -82.61   35.49    17.8     1.4     9.6     9.7     1.7     0.60 C    15.1     1.4     8.6    92.5    63.7    82.3 -99.000   0.159   0.234   0.299   0.388     8.7     9.3     8.7     8.3    11.2
53877 20161219  2.422  -82.61   35.49     6.6    -0.4     3.1     2.2     0.0     3.85 C    10.6     0.1     3.7    83.8    63.1    77.8 -99.000   0.165   0.236   0.296   0.388     6.7     8.3     8.4     8.7    11.1
53877 20161220  2.422  -82.61   35.49     8.3    -4.9     1.7     1.6     0.0     8.84 C    15.8    -6.5     2.5    90.7    40.5    74.2 -99.000   0.160   0.234   0.295   0.388     6.6     8.2     8.3     8.7    11.1
53877 20161221  2.422  -82.61   35.49    14.3    -6.0     4.1     2.6     0.0     8.45 C    20.2    -7.0     2.5    90.4    19.6    64.8 -99.000   0.155   0.234   0.273   0.388     5.2     6.9     7.4     8.5    11.1
53877 20161222  2.422  -82.61   35.49    14.6    -2.1     6.2     4.8     0.0     8.31 C    22.6    -3.6     3.4    91.4    30.1    63.4 -99.000   0.148   0.231   0.264   0.388     6.1     7.6     7.8     8.3    11.0
53877 20161223  2.422  -82.61   35.49    11.1    -0.7     5.2     5.5     0.0     8.91 C    19.7    -3.1     5.9    78.7    25.5    48.2 -99.000   0.141   0.229   0.261   0.388     6.3     7.6     7.7     8.3    10.9
53877 20161224  2.422  -82.61   35.49    16.7     2.9     9.8     9.4     0.0     4.87 C    25.1     1.5     8.9    85.4    46.2    65.8 -99.000   0.130   0.227   0.259   0.387     8.1     8.8     8.4     8.4    10.8
53877 20161225  2.422  -82.61   35.49    18.4     7.3    12.9    12.2     0.0     6.96 C    27.0     4.5    11.5    88.7    54.3    74.8 -99.000   0.121   0.224   0.252   0.387    10.0    10.2     9.4     8.9    10.7
53877 20161226  2.422  -82.61   35.49    12.6     9.4    11.0    10.7     0.2     3.62 C    17.7     8.2    11.1    92.4    78.8    86.8 -99.000   0.114   0.223   0.247   0.387    10.7    11.1    10.3     9.5    10.8
53877 20161227  2.422  -82.61   35.49    15.8     4.4    10.1    10.2     0.0     3.22 C    19.7     1.1     9.5    93.6    71.2    86.2 -99.000   0.113   0.221   0.243   0.388    10.5    11.3    10.6     9.9    10.9
53877 20161228  2.422  -82.61   35.49    16.1    -2.1     7.0     5.7     0.0     8.85 C    21.2    -3.4     4.7    93.2    24.1    68.4 -99.000   0.107   0.220   0.242   0.388     8.4     9.9    10.0    10.1    11.0
53877 20161229  2.422  -82.61   35.49    10.3     2.5     6.4     6.1     6.7     9.13 C    17.0    -0.9     5.8    94.5    19.7    58.0 -99.000   0.158   0.223   0.241   0.388     8.1     9.6     9.7     9.8    11.1
53877 20161230  2.422  -82.61   35.49     6.1    -5.2     0.4     1.3     0.0     9.17 C    15.6    -6.5     0.9    69.9    20.7    38.8 -99.000   0.162   0.229   0.240   0.388     5.3     7.9     8.7     9.5    11.2
53877 20161231  2.422  -82.61   35.49     9.0    -7.6     0.7     0.2     0.0     3.46 C    11.4    -7.6     0.6    83.0    23.4    60.0 -99.000   0.159   0.229   0.239   0.388     4.1     6.6     7.5     8.7    11.1
