53877 20170101  2.422  -82.61   35.49    13.1     1.8     7.4     7.4     1.2     4.19 C    21.5     0.8     8.2    91.9    69.6    80.9 -99.000   0.150   0.228   0.236   0.388     7.3     8.2     8.1     8.3    11.0
53877 20170102  2.422  -82.61   35.49    12.2     7.7     9.9     9.7    10.8     1.76 C    13.8     7.6     9.8    94.2    85.8    91.2 -99.000   0.199   0.247   0.277   0.388     9.2     9.8     9.2     8.8    10.8
53877 20170103  2.422  -82.61   35.49    16.1     7.5    11.8    10.4     7.6     4.94 C    19.2     4.7    10.0    94.2    70.8    89.5 -99.000   0.208   0.259   0.415   0.400    10.4    10.7     9.9     9.3    10.7
53877 20170104  2.422  -82.61   35.49    11.6    -2.5     4.6     5.6     0.0     3.41 C     9.3    -3.6     4.3    93.2    37.1    65.9 -99.000   0.192   0.251   0.421   0.445     8.1     9.9     9.8     9.7    10.7
53877 20170105  2.422  -82.61   35.49     7.2    -5.6     0.8     1.0     0.0     4.75 C    12.3    -5.9     1.6    88.4    33.8    59.8 -99.000   0.188   0.248   0.387   0.447     5.3     7.8     8.4     9.3    10.8
53877 20170106  2.422  -82.61   35.49     1.3    -4.1    -1.4    -2.0     9.3     1.46 C     4.0    -4.3    -0.4    90.4    58.8    77.2 -99.000   0.182   0.246   0.356   0.423     4.8     7.3     7.9     8.8    10.8
53877 20170107  2.422  -82.61   35.49    -4.0   -11.3    -7.7    -7.4     6.4     2.55 C    -4.3   -18.9   -10.1    90.6    54.1    69.2 -99.000   0.188   0.246   0.347   0.413     4.2     6.7     7.4     8.3    10.7
53877 20170108  2.422  -82.61   35.49    -5.4   -15.4   -10.4   -11.1     0.0     9.12 C    -5.2   -24.4   -16.4    80.2    32.3    61.0 -99.000   0.196   0.249   0.346   0.404     3.9     6.3     7.0     7.9    10.6
53877 20170109  2.422  -82.61   35.49     1.0   -12.7    -5.9    -5.3     0.0     9.37 C    -1.1   -14.3    -7.2    75.8    28.5    52.6 -99.000   0.197   0.249   0.351   0.398     3.6     6.0     6.6     7.5    10.4
53877 20170110  2.422  -82.61   35.49     6.3    -6.2     0.0     1.4     0.0     9.14 C     3.2    -9.0    -1.7    77.3    19.8    53.1 -99.000   0.207   0.255   0.364   0.396     3.5     5.8     6.4     7.3    10.2
53877 20170111  2.422  -82.61   35.49    15.2     0.2     7.7     7.4     0.0     3.90 C    15.8    -0.3     6.6    91.6    58.7    77.1 -99.000   0.214   0.259   0.448   0.451     5.9     6.7     6.6     7.1    10.0
53877 20170112  2.422  -82.61   35.49    20.1     6.4    13.3    12.5     0.0     6.34 C    27.2     3.6    10.4    91.1    42.3    72.0 -99.000   0.200   0.254   0.451   0.454     8.9     8.9     8.0     7.5     9.8
53877 20170113  2.422  -82.61   35.49    18.7     2.7    10.7     9.5     0.0     5.97 C    27.5     1.3     8.6    93.5    63.6    86.0 -99.000   0.189   0.250   0.422   0.456     9.0     9.5     8.7     8.2     9.7
53877 20170114  2.422  -82.61   35.49    14.2     5.5     9.8     9.4     0.0     4.78 C    22.8     3.2     9.5    94.4    75.3    89.2 -99.000   0.183   0.248   0.389   0.456     9.9    10.3     9.4     8.7     9.8
53877 20170115  2.422  -82.61   35.49    17.5     5.5    11.5    10.4     0.9     5.02 C    23.0     4.4    10.3    94.2    67.6    87.8 -99.000   0.180   0.246   0.374   0.457    10.4    10.6     9.7     9.1     9.9
53877 20170116  2.422  -82.61   35.49    15.8     8.9    12.3    11.9     0.0     5.41 C    25.6     5.7    11.8    92.8    65.7    83.8 -99.000   0.176   0.245   0.363   0.446    11.2    11.4    10.4     9.6    10.0
53877 20170117  2.422  -82.61   35.49    17.5     8.4    12.9    13.0     0.4     2.80 C    18.9     6.9    11.9    93.0    60.6    82.8 -99.000   0.173   0.244   0.359   0.419    11.4    11.7    10.8    10.0    10.2
53877 20170118  2.422  -82.61   35.49    17.3     1.8     9.5    11.1     0.0     9.39 C    22.7     0.6     9.9    93.2    39.8    70.0 -99.000   0.168   0.242   0.351   0.409    11.8    12.1    11.2    10.4    10.3
53877 20170119  2.422  -82.61   35.49    17.3    -0.1     8.6     8.3     0.0     6.52 C    26.0    -0.3     7.7    93.3    29.2    62.9 -99.000   0.161   0.240   0.342   0.400     9.4    10.6    10.4    10.4    10.5
53877 20170120  2.422  -82.61   35.49    18.6     5.6    12.1    11.0     3.7     8.10 C    24.9     3.9    10.6    93.8    50.3    80.6 -99.000   0.173   0.241   0.337   0.396    11.4    11.7    10.8    10.3    10.7
53877 20170121  2.422  -82.61   35.49    11.4     4.4     7.9     8.4     4.7     1.83 C    12.9     3.2     8.3    94.3    82.4    92.4 -99.000   0.188   0.245   0.337   0.396     9.8    11.0    10.7    10.4    10.7
53877 20170122  2.422  -82.61   35.49    13.0    10.3    11.7    11.4    20.3     2.62 C    16.3     9.6    11.5    94.2    80.6    90.2 -99.000   0.213   0.258   0.378   0.401    11.3    11.8    11.0    10.4    10.8
53877 20170123  2.422  -82.61   35.49    11.4     7.8     9.6     9.1    23.7     2.68 C    14.2     7.1     9.4    93.9    71.6    86.7 -99.000   0.227   0.279   0.453   0.452    10.7    11.7    11.2    10.7    10.9
53877 20170124  2.422  -82.61   35.49    10.0    -0.4     4.8     6.0     0.0    11.29 C    17.8    -1.1     6.1    93.6    62.6    76.6 -99.000   0.206   0.257   0.459   0.452     9.7    10.9    10.8    10.6    11.0
53877 20170125  2.422  -82.61   35.49    21.6    -2.1     9.7     6.7     0.0    10.98 C    25.5    -2.1     6.7    94.7    15.1    71.1 -99.000   0.194   0.252   0.463   0.454     8.9    10.0     9.9    10.3    11.0
53877 20170126  2.422  -82.61   35.49    12.1    -2.3     4.9     6.7     0.7    11.47 C    20.5    -3.3     6.4    94.1    25.9    64.2 -99.000   0.187   0.250   0.443   0.455     9.4    10.5    10.3    10.2    11.0
53877 20170127  2.422  -82.61   35.49     4.0    -4.0     0.0    -0.6     0.0     9.10 C    15.4    -4.9     0.6    86.0    45.4    67.3 -99.000   0.183   0.248   0.406   0.456     6.1     8.5     9.1     9.9    11.0
53877 20170128  2.422  -82.61   35.49     9.0    -3.5     2.8     1.4     0.0    11.46 C    18.5    -5.6     0.8    77.4    23.9    50.2 -99.000   0.177   0.246   0.384   0.457     5.1     7.3     8.0     9.1    10.9
53877 20170129  2.422  -82.61   35.49     7.1    -1.2     3.0     2.3     0.7     7.09 C    17.5    -2.7     2.9    88.8    36.7    57.0 -99.000   0.171   0.243   0.373   0.436     5.4     7.4     7.8     8.6    10.8
53877 20170130  2.422  -82.61   35.49     6.5    -4.5     1.0     0.0     0.0    11.75 C    15.9    -6.5    -0.2    76.6    22.9    48.4 -99.000   0.168   0.241   0.364   0.412     4.9     7.0     7.5     8.3    10.6
53877 20170131  2.422  -82.61   35.49    17.8    -5.7     6.0     3.7     0.0     9.73 C    24.4    -5.9     2.6    85.1    15.1    58.4 -99.000   0.162   0.238   0.356   0.400     5.1     6.6     7.0     7.9    10.4
53877 20170201  2.422  -82.61   35.49    20.0    -1.8     9.1     8.4     0.0    11.96 C    27.3    -2.7     7.0    87.3    25.1    58.7 -99.000   0.151   0.236   0.348   0.395     7.2     7.8     7.6     7.8    10.2
53877 20170202  2.422  -82.61   35.49     9.4     3.7     6.5     7.1     0.8     2.60 C    11.8     1.9     6.6    92.0    52.0    71.8 -99.000   0.141   0.233   0.342   0.395     7.6     8.7     8.4     8.2    10.1
53877 20170203  2.422  -82.61   35.49     5.6    -2.8     1.4     2.4     0.2     2.93 C     8.7    -5.0     2.8    93.2    27.4    58.2 -99.000   0.143   0.231   0.337   0.394     6.3     8.2     8.4     8.4    10.0
53877 20170204  2.422  -82.61   35.49     5.6    -8.0    -1.2    -0.9     0.0    12.46 C    17.7    -9.4    -1.0    58.2     8.1    31.0 -99.000   0.143   0.231   0.335   0.394     3.9     6.2     7.0     8.0    10.0
53877 20170205  2.422  -82.61   35.49    13.7    -2.8     5.4     3.5     0.0    12.11 C    23.0    -3.9     3.9    87.9    30.1    58.2 -99.000   0.136   0.229   0.334   0.393     5.8     6.8     6.8     7.5     9.9
53877 20170206  2.422  -82.61   35.49    21.0    -4.1     8.4     6.0     0.4    10.53 C    28.9    -5.4     5.5    91.7    20.7    71.2 -99.000   0.129   0.226   0.304   0.392     6.6     7.3     7.1     7.5     9.7
53877 20170207  2.422  -82.61   35.49    20.0     2.7    11.3    10.3     0.5     7.23 C    25.2     1.1     9.2    93.3    34.2    75.9 -99.000   0.120   0.225   0.284   0.392     8.6     8.9     8.2     7.8     9.7
53877 20170208  2.422  -82.61   35.49    18.4     2.4    10.4     9.9     1.9     7.43 C    25.3     0.9     9.5    94.3    50.8    83.8 -99.000   0.114   0.223   0.277   0.391     9.6     9.8     9.0     8.3     9.6
53877 20170209  2.422  -82.61   35.49    10.6    -3.7     3.4     2.4     3.0    11.53 C    17.3    -5.2     3.5    93.6    36.0    57.7 -99.000   0.142   0.223   0.271   0.391     8.0     9.5     9.2     8.8     9.6
53877 20170210  2.422  -82.61   35.49    12.8    -8.0     2.4     0.6     0.0    12.19 C    21.2    -7.3     1.5    79.4    19.0    52.8 -99.000   0.149   0.225   0.268   0.391     5.5     7.3     7.7     8.5     9.7
53877 20170211  2.422  -82.61   35.49    18.9    -2.4     8.2     9.2     0.0     3.22 C    17.8    -3.1     7.2    86.1    50.4    66.1 -99.000   0.142   0.226   0.264   0.391     6.9     7.9     7.7     8.1     9.7
53877 20170212  2.422  -82.61   35.49    25.2     7.2    16.2    15.3     0.0     9.00 C    33.5     4.0    13.4    89.5    37.2    62.6 -99.000   0.131   0.225   0.260   0.390    11.0    10.5     9.2     8.4     9.7
53877 20170213  2.422  -82.61   35.49    13.7    -2.3     5.7     6.2     0.0    13.50 C    22.5    -3.5     5.1    62.5     8.2    35.6 -99.000   0.121   0.223   0.257   0.390     8.9    10.0     9.6     9.1     9.7
53877 20170214  2.422  -82.61   35.49    14.3    -5.5     4.4     4.4     0.0     7.65 C    23.3    -5.9     4.6    78.3    13.7    45.4 -99.000   0.111   0.222   0.255   0.390     7.1     8.5     8.5     8.9     9.7
53877 20170215  2.422  -82.61   35.49     9.2     1.9     5.5     4.7     6.7    12.09 C    20.2    -1.6     5.5    93.5    40.1    61.4 -99.000   0.134   0.220   0.253   0.391     8.4     9.2     8.7     8.8     9.8
53877 20170216  2.422  -82.61   35.49    11.2    -2.7     4.2     3.4     0.0    14.07 C    22.6    -4.7     3.2    74.0    21.1    44.0 -99.000   0.153   0.223   0.248   0.391     6.9     8.2     8.1     8.6     9.8
53877 20170217  2.422  -82.61   35.49    18.9    -4.2     7.3     5.1     0.0    14.28 C    27.5    -4.7     4.7    85.7    15.6    55.7 -99.000   0.145   0.224   0.246   0.390     7.8     8.3     7.8     8.4     9.8
53877 20170218  2.422  -82.61   35.49    14.6    -1.6     6.5     5.3     0.0     4.94 C    16.8    -2.6     4.5    90.3    26.8    67.0 -99.000   0.137   0.224   0.244   0.390     7.0     8.3     8.0     8.4     9.8
53877 20170219  2.422  -82.61   35.49    15.6     0.1     7.9     7.2     0.0     6.56 C    21.9    -0.9     6.1    92.0    44.8    76.3 -99.000   0.130   0.223   0.243   0.390     7.8     8.6     8.2     8.4     9.7
53877 20170220  2.422  -82.61   35.49    21.2    -2.2     9.5     8.8     0.0    12.76 C    29.4    -3.6     7.2    93.0    13.9    60.9 -99.000   0.121   0.221   0.241   0.391     8.6     9.0     8.3     8.4     9.7
53877 20170221  2.422  -82.61   35.49    15.8     1.8     8.8    10.2     0.0     8.33 C    25.5     0.0     9.5    88.0    49.4    66.7 -99.000   0.105   0.219   0.239   0.390     9.5     9.8     9.0     8.7     9.7
53877 20170222  2.422  -82.61   35.49    14.0     9.6    11.8    11.3     4.4     3.76 C    17.6     7.1    11.4    93.8    63.3    88.7 -99.000   0.108   0.219   0.239   0.390    11.1    11.1    10.0     9.2     9.7
53877 20170223  2.422  -82.61   35.49    20.9     7.6    14.3    12.8     0.0    14.30 C    31.1     5.6    13.5    99.3    45.6    79.2 -99.000   0.124   0.218   0.236   0.389    13.4    12.5    10.8     9.7     9.7
53877 20170224  2.422  -82.61   35.49    22.0     3.1    12.5    12.7     0.0    15.57 C    31.5     1.9    12.6    93.3    43.3    71.4 -99.000   0.114   0.218   0.230   0.389    13.2    12.7    11.3    10.3     9.9
53877 20170225  2.422  -82.61   35.49    17.3     1.8     9.5    11.4     0.6    15.39 C    27.7    -1.2    11.1    92.1    12.0    52.9 -99.000   0.098   0.218   0.227   0.389    13.3    13.2    11.9    10.9    10.1
53877 20170226  2.422  -82.61   35.49    10.9    -2.7     4.1     2.2     0.0    16.64 C    22.7    -4.0     3.8    64.2    15.3    44.8 -99.000   0.089   0.216   0.226   0.390     9.5    10.8    10.6    10.9    10.3
53877 20170227  2.422  -82.61   35.49    12.5    -3.2     4.6     6.1     0.0     5.22 C    14.4    -3.7     5.9    75.8    24.0    50.3 -99.000   0.077   0.213   0.223   0.390     8.2     9.7     9.6    10.3    10.4
53877 20170228  2.422  -82.61   35.49    20.9    -0.2    10.3    10.1     1.8     6.96 C    26.0    -0.8     9.3    93.0    46.3    77.5 -99.000   0.059   0.211   0.223   0.390     9.7    10.4     9.8     9.9    10.4
53877 20170301  2.422  -82.61   35.49    22.8     7.3    15.1    14.0    13.0     4.73 C    23.9     4.9    12.5    93.6    47.6    81.6 -99.000   0.092   0.211   0.221   0.389    11.9    12.0    10.8    10.1    10.4
53877 20170302  2.422  -82.61   35.49    10.5     0.6     5.6     5.3     0.0    17.71 C    22.1    -1.7     5.7    68.2    17.9    43.7 -99.000   0.183   0.235   0.232   0.389    10.5    11.4    10.9    10.5    10.5
53877 20170303  2.422  -82.61   35.49     8.0    -4.9     1.5     1.4     0.0    17.85 C    21.6    -5.2     2.9    81.0    18.7    48.6 -99.000   0.175   0.237   0.234   0.389     8.3     9.8     9.7    10.2    10.5
53877 20170304  2.422  -82.61   35.49    14.4    -6.4     4.0     2.4     0.0    17.34 C    24.6    -6.5     3.8    79.6    20.5    51.6 -99.000   0.162   0.235   0.232   0.389     8.0     9.1     8.9     9.7    10.5
53877 20170305  2.422  -82.61   35.49    14.6    -5.1     4.7     5.0     0.0    14.14 C    27.4    -5.4     5.8    86.5    24.3    54.1 -99.000   0.149   0.232   0.232   0.389     8.3     9.2     8.9     9.4    10.5
53877 20170306  2.422  -82.61   35.49    16.0     4.4    10.2    10.0     0.2     7.35 C    24.7     4.2    10.2    90.1    42.6    63.4 -99.000   0.135   0.229   0.231   0.389    10.0    10.4     9.5     9.5    10.4
53877 20170307  2.422  -82.61   35.49    16.2    10.9    13.5    12.8     3.5     3.11 C    20.5     8.9    11.7    93.5    57.2    74.3 -99.000   0.126   0.226   0.226   0.388    11.1    11.4    10.4     9.8    10.3
53877 20170308  2.422  -82.61   35.49    17.2    -0.4     8.4     9.5     0.8    19.00 C    27.1    -1.3     9.7    93.4    12.4    52.0 -99.000   0.141   0.225   0.224   0.388    12.0    11.9    10.9    10.2    10.3
53877 20170309  2.422  -82.61   35.49    21.6    -3.7     8.9     7.7     0.0    18.80 C    30.3    -4.0     8.1    85.6    10.6    50.8 -99.000   0.134   0.225   0.219   0.388    10.9    11.2    10.5    10.4    10.4
53877 20170310  2.422  -82.61   35.49    15.4     2.1     8.7     7.1     5.8    14.55 C    23.5    -0.8     8.1    94.5    34.0    59.5 -99.000   0.149   0.224   0.218   0.388    10.9    11.4    10.7    10.4    10.5
53877 20170311  2.422  -82.61   35.49     4.0    -2.3     0.9     1.2     0.4     7.22 C    13.6    -3.1     2.7    83.0    33.4    55.2 -99.000   0.159   0.228   0.219   0.388     7.3     9.6     9.8    10.3    10.6
53877 20170312  2.422  -82.61   35.49     9.8    -3.6     3.1     1.7     5.7    17.86 C    21.4    -5.7     3.1    91.1    27.7    66.5 -99.000   0.164   0.231   0.219   0.387     8.3     9.5     9.3     9.7    10.6
53877 20170313  2.422  -82.61   35.49     6.1    -4.3     0.9     1.2     3.4     9.07 C    16.5    -5.1     3.0    94.2    34.8    74.0 -99.000   0.173   0.236   0.225   0.387     6.4     8.5     8.7     9.4    10.6
53877 20170314  2.422  -82.61   35.49     3.9    -6.0    -1.1     0.1     2.6     5.71 C    12.2    -5.1     1.8    94.1    47.1    73.0 -99.000   0.203   0.244   0.225   0.387     6.0     8.3     8.5     9.1    10.5
53877 20170315  2.422  -82.61   35.49    -0.4    -7.7    -4.1    -4.4     0.8    19.76 C    16.7   -10.9    -2.0    83.9    32.5    43.9 -99.000   0.204   0.249   0.230   0.387     5.4     7.4     7.8     8.6    10.3
53877 20170316  2.422  -82.61   35.49     7.0    -6.1     0.5    -1.1     0.0    20.05 C    21.6    -7.6     1.4    68.2    17.9    39.2 -99.000   0.196   0.248   0.233   0.387     5.4     6.9     7.2     8.2    10.2
53877 20170317  2.422  -82.61   35.49    15.5    -8.2     3.7     3.4     2.0    12.84 C    26.9    -7.9     5.3    90.8    25.2    52.2 -99.000   0.187   0.245   0.234   0.387     6.6     7.3     7.0     7.9    10.0
53877 20170318  2.422  -82.61   35.49    18.2     5.9    12.0    10.2     7.0    10.77 C    26.3     2.5     9.8    94.6    21.0    65.5 -99.000   0.215   0.255   0.245   0.387     9.8     9.7     8.6     8.3     9.8
53877 20170319  2.422  -82.61   35.49     8.7    -2.3     3.2     3.9     0.0    13.18 C    20.6    -3.0     5.4    82.2    39.1    56.9 -99.000   0.202   0.253   0.264   0.387     8.5     9.4     8.8     8.8     9.8
53877 20170320  2.422  -82.61   35.49    19.6    -5.0     7.3     7.0     0.0    15.67 C    29.5    -4.9     7.9    90.1    25.0    62.5 -99.000   0.190   0.249   0.263   0.387     9.0     9.3     8.6     8.8     9.8
53877 20170321  2.422  -82.61   35.49    25.8     3.2    14.5    14.5     5.3    17.62 C    34.7     2.2    14.7    93.7    35.5    67.8 -99.000   0.172   0.245   0.260   0.387    13.0    11.7    10.0     9.2     9.8
53877 20170322  2.422  -82.61   35.49    13.5    -0.8     6.4     8.9     0.0    13.55 C    22.2    -1.2     8.6    93.2    19.0    56.0 -99.000   0.185   0.245   0.256   0.387    11.8    12.3    11.1    10.1     9.8
53877 20170323  2.422  -82.61   35.49    14.8    -2.4     6.2     6.6     0.0    20.34 C    26.7    -2.5     8.2    80.7    26.3    45.5 -99.000   0.177   0.244   0.251   0.387    10.7    11.2    10.4    10.2    10.0
53877 20170324  2.422  -82.61   35.49    18.6     6.2    12.4    12.2     0.0    19.26 C    30.6     2.9    13.1    79.5    39.8    54.6 -99.000   0.160   0.241   0.245   0.387    12.9    12.4    11.1    10.4    10.2
53877 20170325  2.422  -82.61   35.49    18.6     7.6    13.1    13.3     0.0     8.50 C    24.9     6.5    12.9    85.0    45.9    66.2 -99.000   0.143   0.236   0.241   0.387    12.9    13.0    11.8    10.9    10.3
53877 20170326  2.422  -82.61   35.49    20.6    11.5    16.0    15.7     5.9    18.51 C    32.6     9.3    17.0    93.1    50.6    72.1 -99.000   0.144   0.233   0.240   0.387    15.7    14.6    12.7    11.3    10.4
53877 20170327  2.422  -82.61   35.49    23.2     8.2    15.7    15.6     4.3    11.72 C    32.0     6.8    15.3    93.7    41.8    72.7 -99.000   0.147   0.233   0.237   0.387    15.5    15.1    13.6    12.1    10.6
53877 20170328  2.422  -82.61   35.49    21.5     8.3    14.9    14.3     2.5    13.55 C    28.8     6.6    14.4    94.4    42.3    77.0 -99.000   0.190   0.239   0.233   0.387    15.6    15.4    14.0    12.5    10.9
53877 20170329  2.422  -82.61   35.49    24.0     4.3    14.1    14.0     0.0    19.82 C    32.7     3.6    14.6    93.4    36.8    68.9 -99.000   0.176   0.241   0.229   0.387    15.8    15.4    14.0    12.8    11.1
53877 20170330  2.422  -82.61   35.49    15.8     9.9    12.9    13.9    27.8     1.89 C    17.3     8.1    13.2    94.2    62.4    85.1 -99.000   0.170   0.240   0.234   0.388    14.1    15.0    14.1    13.1    11.3
53877 20170331  2.422  -82.61   35.49    20.0    10.6    15.3    14.5    15.4    15.74 C    31.0     8.8    15.7    94.4    40.1    67.9 -99.000   0.246   0.289   0.409   0.452    15.9    15.7    14.4    13.2    11.6
53877 20170401  2.422  -82.61   35.49    17.6     5.7    11.7    11.6     0.0    17.77 C    28.0     4.1    12.6    88.0    43.6    66.2 -99.000   0.207   0.258   0.418   0.452    15.4    15.6    14.5    13.4    11.9
53877 20170402  2.422  -82.61   35.49    22.2     1.2    11.7    12.3     0.0    21.92 C    31.3     1.2    13.1    92.9    34.9    63.9 -99.000   0.186   0.250   0.394   0.453    15.2    15.3    14.2    13.5    12.0
53877 20170403  2.422  -82.61   35.49    16.8     7.6    12.2    13.5    37.6     2.11 C    17.9     6.1    12.4    94.2    55.9    82.8 -99.000   0.253   0.282   0.408   0.455    14.0    15.1    14.4    13.7    12.1
53877 20170404  2.422  -82.61   35.49    24.8     6.9    15.9    14.9     0.0    22.32 C    31.7     5.7    15.0    94.5    28.7    66.2 -99.000   0.241   0.276   0.446   0.456    15.9    15.6    14.4    13.5    12.3
53877 20170405  2.422  -82.61   35.49    15.3     4.8    10.0    10.6    20.7     1.91 C    19.4     4.3    10.4    93.5    76.3    88.7 -99.000   0.237   0.268   0.455   0.457    13.1    14.6    14.2    13.7    12.4
53877 20170406  2.422  -82.61   35.49    15.3     4.1     9.7     8.4     0.5    13.02 C    26.3     3.5     9.9    94.2    45.2    69.0 -99.000   0.264   0.294   0.462   0.459    13.2    14.4    13.9    13.4    12.6
53877 20170407  2.422  -82.61   35.49    12.5     1.9     7.2     7.5     1.0    19.71 C    25.2     1.0     8.5    86.0    23.3    44.8 -99.000   0.233   0.264   0.468   0.459    12.1    13.5    13.2    13.2    12.6
53877 20170408  2.422  -82.61   35.49    17.2     1.1     9.2     8.6     0.0    21.39 C    29.0    -0.2     9.5    72.1    12.9    38.6 -99.000   0.215   0.256   0.453   0.460    12.6    13.4    12.8    12.9    12.6
53877 20170409  2.422  -82.61   35.49    22.9    -2.5    10.2    10.9     0.0    23.75 C    33.3    -2.5    11.6    85.4    14.2    45.8 -99.000   0.194   0.250   0.398   0.459    13.4    13.8    12.9    12.8    12.6
53877 20170410  2.422  -82.61   35.49    24.4     3.2    13.8    14.3     0.0    21.95 C    34.2     2.5    14.6    81.2    24.9    51.2 -99.000   0.173   0.243   0.373   0.460    15.1    15.0    13.7    13.0    12.5
53877 20170411  2.422  -82.61   35.49    25.9     4.6    15.2    16.0     0.4    20.32 C    35.7     3.5    16.3    90.5    26.7    58.8 -99.000   0.149   0.237   0.362   0.459    16.4    16.1    14.6    13.4    12.5
53877 20170412  2.422  -82.61   35.49    24.4     9.6    17.0    17.0     0.0    21.06 C    34.4     7.1    17.1    86.8    19.7    55.8 -99.000   0.121   0.230   0.353   0.426    17.7    17.2    15.6    14.0    12.6
53877 20170413  2.422  -82.61   35.49    25.1     5.4    15.3    15.3     0.2    20.57 C    36.0     4.5    15.8    90.1    28.6    59.4 -99.000   0.089   0.224   0.344   0.408    17.0    17.1    15.7    14.4    12.7
53877 20170414  2.422  -82.61   35.49    26.8     6.1    16.5    16.4     0.0    21.44 C    36.8     5.2    17.3    91.2    19.8    61.1 -99.000 -99.000   0.216   0.336   0.397    17.5    17.5    16.0    14.7    12.9
53877 20170415  2.422  -82.61   35.49    26.2    10.3    18.2    18.3     0.0    20.04 C    38.0     9.2    18.6    88.9    25.0    57.0 -99.000 -99.000   0.208   0.328   0.395    18.6    18.3    16.7    15.1    13.1
53877 20170416  2.422  -82.61   35.49    24.1     9.9    17.0    17.6     0.0    13.78 C    37.2     8.1    17.5    86.9    40.6    61.8 -99.000 -99.000   0.200   0.298   0.394    18.0    18.2    17.0    15.5    13.3
53877 20170417  2.422  -82.61   35.49    24.7     8.6    16.6    15.7     1.7    11.95 C    35.2     7.6    16.2    93.2    37.0    75.2 -99.000 -99.000   0.193   0.269   0.392    17.3    17.9    16.8    15.6    13.5
53877 20170418  2.422  -82.61   35.49    16.3    12.4    14.4    14.4     0.5     5.28 C    22.0    11.3    15.2    93.6    61.4    79.0 -99.000 -99.000   0.189   0.261   0.392    16.6    17.5    16.7    15.6    13.7
53877 20170419  2.422  -82.61   35.49    19.7    12.4    16.0    14.3     2.2     6.37 C    25.8    12.0    15.5    93.6    71.7    88.2 -99.000 -99.000   0.186   0.253   0.393    16.6    17.3    16.5    15.5    13.8
53877 20170420  2.422  -82.61   35.49    22.3    11.8    17.0    16.0     5.1    11.22 C    32.9    10.4    17.4    94.0    56.1    87.1 -99.000 -99.000   0.185   0.250   0.392    17.8    18.0    16.8    15.5    13.9
53877 20170421  2.422  -82.61   35.49    26.3    10.2    18.2    17.0    31.8    14.57 C    35.5     9.5    18.3    94.4    43.6    82.1 -99.000 -99.000   0.205   0.283   0.392    18.2    18.5    17.2    15.8    14.0
53877 20170422  2.422  -82.61   35.49    23.8    12.9    18.3    17.3    17.8    10.39 C    28.0    12.9    18.1    94.4    39.7    79.1 -99.000 -99.000   0.253   0.427   0.431    18.7    19.1    17.8    16.3    14.1
53877 20170423  2.422  -82.61   35.49    12.9     7.9    10.4    10.3    44.7     2.12 C    13.9     8.7    11.8    94.1    88.1    91.5 -99.000 -99.000   0.303   0.446   0.459    15.5    17.3    17.0    16.4    14.4
53877 20170424  2.422  -82.61   35.49    13.2     8.0    10.6    10.7    17.8     3.54 C    15.6     8.9    12.2    94.1    84.1    92.0 -99.000 -99.000   0.312   0.458   0.460    14.6    15.8    15.5    15.7    14.6
53877 20170425  2.422  -82.61   35.49    21.9    10.4    16.2    15.1     0.0    21.94 C    32.0     9.5    17.3    94.3    50.4    78.2 -99.000 -99.000   0.267   0.463   0.460    17.5    17.4    16.2    15.4    14.6
53877 20170426  2.422  -82.61   35.49    26.9     6.7    16.8    17.1     0.0    25.03 C    34.5     6.3    18.1    95.3    25.7    67.6 -99.000 -99.000   0.256   0.468   0.461    18.4    18.5    17.0    15.8    14.6
53877 20170427  2.422  -82.61   35.49    18.7    12.4    15.5    16.1     1.2    10.26 C    25.9    11.0    16.3    93.6    58.6    80.2 -99.000 -99.000   0.250   0.411   0.460    18.1    18.7    17.5    16.4    14.6
53877 20170428  2.422  -82.61   35.49    26.9    12.9    19.9    19.0     0.0    23.62 C    35.6    13.9    20.8    94.1    47.7    75.2 -99.000 -99.000   0.246   0.385   0.461    20.0    19.7    18.1    16.5    14.7
53877 20170429  2.422  -82.61   35.49    30.0    13.4    21.7    22.0     0.5    23.84 C    36.8    12.1    22.7    93.0    40.6    71.2 -99.000 -99.000   0.238   0.363   0.461    21.4    21.0    19.2    17.2    14.8
53877 20170430  2.422  -82.61   35.49    25.5    18.0    21.8    21.5     0.2    18.03 C    34.6    15.7    22.0    91.3    42.9    67.0 -99.000 -99.000   0.231   0.352   0.431    22.0    21.7    20.1    17.9    15.0
53877 20170501  2.422  -82.61   35.49    23.9     9.9    16.9    18.3    15.8    12.01 C    29.7     9.4    18.2    90.3    25.5    75.6 -99.000 -99.000   0.239   0.355   0.409    20.7    21.2    20.0    18.3    15.3
53877 20170502  2.422  -82.61   35.49    24.2     9.9    17.0    16.1     0.0    25.99 C    31.8     8.3    16.4    75.2    19.0    43.3 -99.000 -99.000   0.251   0.373   0.398    19.0    20.0    19.2    18.2    15.6
53877 20170503  2.422  -82.61   35.49    24.2     5.6    14.9    15.8     0.0    24.92 C    32.8     5.9    17.2    91.8    30.7    57.7 -99.000 -99.000   0.243   0.357   0.396    18.8    19.7    18.9    17.9    15.8
53877 20170504  2.422  -82.61   35.49    19.9    13.6    16.8    15.9    50.3     9.34 C    27.1    12.3    16.4    92.8    50.4    73.8 -99.000 -99.000   0.250   0.365   0.402    18.2    19.4    18.7    17.9    15.9
53877 20170505  2.422  -82.61   35.49    16.4     7.8    12.1    11.4     7.0    13.59 C    27.9     8.3    13.7    94.1    56.7    82.1 -99.000 -99.000   0.294   0.457   0.459    17.2    18.4    17.9    17.6    16.0
53877 20170506  2.422  -82.61   35.49    13.9     3.7     8.8     7.6     1.9    13.08 C    23.7     3.7     9.9    93.8    36.7    73.8 -99.000 -99.000   0.262   0.463   0.460    15.1    17.3    17.3    17.3    16.1
53877 20170507  2.422  -82.61   35.49    16.7     1.6     9.2    10.0     0.0    26.69 C    27.5     1.9    11.8    94.3    20.9    58.4 -99.000 -99.000   0.257   0.468   0.460    15.0    16.6    16.5    16.6    16.1
53877 20170508  2.422  -82.61   35.49    20.6     5.6    13.1    13.6     0.0    26.24 C    30.3     5.0    14.7    86.5    28.9    53.9 -99.000 -99.000   0.250   0.408   0.461    16.2    17.4    16.9    16.4    16.0
53877 20170509  2.422  -82.61   35.49    27.1     9.9    18.5    17.5     0.0    19.68 C    33.0    10.0    17.9    89.2    28.8    63.3 -99.000 -99.000   0.242   0.375   0.462    18.0    18.4    17.5    16.6    15.9
53877 20170510  2.422  -82.61   35.49    27.5    10.5    19.0    19.4     0.0    25.22 C    34.1     9.5    19.2    90.7    33.3    62.2 -99.000 -99.000   0.234   0.360   0.431    19.1    19.4    18.2    16.9    15.8
53877 20170511  2.422  -82.61   35.49    26.1    10.3    18.2    17.7     0.0    14.36 C    30.8     9.7    17.2    92.6    26.4    66.0 -99.000 -99.000   0.225   0.350   0.407    18.6    19.4    18.5    17.3    15.9
53877 20170512  2.422  -82.61   35.49    21.1    12.0    16.6    15.5     7.0    10.68 C    28.7    11.5    17.0    93.6    64.1    85.2 -99.000 -99.000   0.219   0.339   0.397    18.2    19.0    18.3    17.4    16.0
53877 20170513  2.422  -82.61   35.49    20.6     8.2    14.4    15.3     0.4    17.34 C    30.1     7.8    16.7    93.9    48.8    79.1 -99.000 -99.000   0.215   0.333   0.396    18.7    19.3    18.4    17.4    16.1
53877 20170514  2.422  -82.61   35.49    24.4     4.9    14.7    14.8     0.0    25.95 C    31.6     5.2    16.1    93.4    38.0    68.6 -99.000 -99.000   0.212   0.327   0.395    17.9    18.8    18.2    17.4    16.1
53877 20170515  2.422  -82.61   35.49    26.9     6.9    16.9    17.0     0.0    25.58 C    33.5     6.7    17.8    92.9    31.7    66.7 -99.000 -99.000   0.204   0.296   0.394    18.8    19.3    18.5    17.5    16.2
53877 20170516  2.422  -82.61   35.49    29.5     9.1    19.3    19.4     0.0    24.97 C    40.2     8.7    20.4    92.6    30.1    66.5 -99.000 -99.000   0.195   0.262   0.394    20.5    20.4    19.1    17.7    16.2
53877 20170517  2.422  -82.61   35.49    28.6    11.7    20.1    20.1     0.0    24.68 C    41.8    10.2    22.0    92.7    33.0    64.9 -99.000 -99.000   0.188   0.251   0.394    22.2    21.8    20.1    18.2    16.3
53877 20170518  2.422  -82.61   35.49    26.3    12.9    19.6    19.7     0.6    14.46 C    38.9    11.5    20.9    91.2    56.9    76.9 -99.000 -99.000   0.182   0.244   0.392    21.8    21.9    20.5    18.8    16.5
53877 20170519  2.422  -82.61   35.49    28.0    14.9    21.4    19.9     0.3    15.20 C    42.8    13.1    21.4    92.7    48.2    79.2 -99.000 -99.000   0.179   0.238   0.392    21.9    22.1    20.7    19.1    16.7
53877 20170520  2.422  -82.61   35.49    28.7    16.1    22.4    21.5     0.0    25.84 C    42.4    15.0    24.7    93.7    35.5    68.2 -99.000 -99.000   0.175   0.231   0.393    24.0    23.3    21.4    19.4    16.8
53877 20170521  2.422  -82.61   35.49    18.9    15.9    17.4    17.3    79.2     3.12 C    21.5    15.3    18.1   100.0    83.0    95.0 -99.000 -99.000   0.259   0.416   0.444    20.3    21.3    20.7    19.9    17.1
53877 20170522  2.422  -82.61   35.49    22.7    14.5    18.6    17.8     0.8    11.58 C    30.3    13.9    19.9    94.2    64.0    88.2 -99.000 -99.000   0.261   0.470   0.460    21.0    21.4    20.4    19.4    17.3
53877 20170523  2.422  -82.61   35.49    19.1    15.4    17.2    16.8    29.1     4.35 C    22.4    15.6    18.0    94.1    87.0    92.7 -99.000 -99.000   0.283   0.479   0.462    19.9    20.9    20.3    19.4    17.5
53877 20170524  2.422  -82.61   35.49    20.4    13.4    16.9    15.8    10.2     7.13 C    26.9    13.2    17.2    94.2    68.6    90.3 -99.000 -99.000   0.293   0.484   0.461    19.4    20.5    19.9    19.2    17.6
53877 20170525  2.422  -82.61   35.49    17.8     9.4    13.6    13.5     0.0    12.40 C    31.3     9.0    15.3    94.0    53.5    75.3 -99.000 -99.000   0.275   0.489   0.461    18.8    20.1    19.5    19.0    17.6
53877 20170526  2.422  -82.61   35.49    24.5    10.4    17.5    17.2     0.0    26.09 C    37.1     8.8    19.7    91.5    33.9    65.4 -99.000 -99.000   0.260   0.486   0.461    20.7    20.9    19.7    18.8    17.6
53877 20170527  2.422  -82.61   35.49    26.9     9.8    18.3    18.8     3.2    17.43 C    36.7    10.1    20.7    92.9    50.2    77.3 -99.000 -99.000   0.253   0.417   0.461    21.4    21.6    20.2    19.2    17.6
53877 20170528  2.422  -82.61   35.49    24.9    13.7    19.3    18.3     2.0    15.79 C    35.2    13.0    20.4    93.8    56.5    83.8 -99.000 -99.000   0.254   0.382   0.462    22.1    22.3    20.9    19.5    17.6
53877 20170529  2.422  -82.61   35.49    25.0    12.3    18.6    18.1     1.9    14.40 C    37.9    12.1    20.2    93.5    55.6    83.8 -99.000 -99.000   0.252   0.366   0.461    21.5    22.0    20.9    19.8    17.7
53877 20170530  2.422  -82.61   35.49    25.2    14.6    19.9    18.9     0.0    17.97 C    35.7    14.3    21.1    93.7    42.8    80.0 -99.000 -99.000   0.251   0.357   0.430    22.7    22.7    21.3    19.9    17.8
53877 20170531  2.422  -82.61   35.49    25.5    12.4    19.0    18.6     0.0    22.47 C    38.7    12.8    21.0    92.9    44.1    72.9 -99.000 -99.000   0.246   0.350   0.410    22.8    23.0    21.6    20.2    17.9
53877 20170601  2.422  -82.61   35.49    25.5    10.1    17.8    17.8     0.0    20.20 C    35.2    10.5    20.1    92.8    35.0    70.4 -99.000 -99.000   0.240   0.340   0.399    22.1    22.6    21.4    20.4    18.0
53877 20170602  2.422  -82.61   35.49    26.6    10.8    18.7    18.8     0.0    23.56 C    37.1    11.2    20.9    92.6    37.2    69.1 -99.000 -99.000   0.234   0.331   0.395    22.7    23.0    21.6    20.5    18.1
53877 20170603  2.422  -82.61   35.49    27.8    11.4    19.6    19.3     0.0    23.74 C    38.9    11.7    21.6    92.7    36.9    69.8 -99.000 -99.000   0.227 -99.000   0.396    23.1    23.3    21.8    20.6    18.2
53877 20170604  2.422  -82.61   35.49    24.0    12.8    18.4    18.8     1.2    10.85 C    32.3    13.0    20.2    91.5    63.2    83.1 -99.000 -99.000   0.220 -99.000   0.396    22.1    22.8    21.7    20.8    18.4
53877 20170605  2.422  -82.61   35.49    25.9    17.0    21.5    19.7     4.1    14.29 C    35.5    17.5    21.6    93.6    57.1    85.5 -99.000 -99.000   0.215 -99.000   0.395    23.0    23.3    22.0    20.8    18.5
53877 20170606  2.422  -82.61   35.49    25.0    16.2    20.6    19.9     0.0    19.12 C    33.6    14.7    21.2    93.6    37.1    69.7 -99.000 -99.000   0.212 -99.000   0.395    23.1    23.3    22.1    20.9    18.6
53877 20170607  2.422  -82.61   35.49    24.3    10.0    17.2    16.8     7.7    26.55 C    35.1    10.1    20.1    94.0    25.3    69.2 -99.000 -99.000   0.207 -99.000   0.395    22.5    23.1    22.0    21.0    18.7
53877 20170608  2.422  -82.61   35.49    20.9    11.7    16.3    16.0     0.9    15.60 C    31.4    11.7    18.3    93.6    55.0    80.9 -99.000 -99.000   0.202 -99.000   0.394    21.5    22.5    21.6    21.0    18.8
53877 20170609  2.422  -82.61   35.49    24.3    11.9    18.1    17.0     0.0    20.51 C    35.4    11.8    19.7    94.0    47.5    78.1 -99.000 -99.000   0.202 -99.000   0.394    21.8    22.4    21.5    20.8    18.8
53877 20170610  2.422  -82.61   35.49    26.6    10.0    18.3    19.2     0.0    22.16 C    37.1    10.1    20.4    92.8    42.6    69.2 -99.000 -99.000   0.199 -99.000   0.393    22.0    22.6    21.6    20.8    18.9
53877 20170611  2.422  -82.61   35.49    27.5    11.6    19.6    19.9     0.0    21.32 C    37.0    11.4    21.1    92.4    42.3    71.1 -99.000 -99.000   0.194 -99.000   0.392    22.5    23.0    21.8    20.9    18.9
53877 20170612  2.422  -82.61   35.49    28.3    14.6    21.5    20.9     0.0    22.09 C    39.7    14.3    23.0    92.3    47.7    76.5 -99.000 -99.000   0.188 -99.000   0.392    23.6    23.7    22.3    21.1    18.9
53877 20170613  2.422  -82.61   35.49    29.3    14.9    22.1    21.4     1.5    22.65 C    39.1    14.4    23.4    93.4    45.4    75.9 -99.000 -99.000   0.180 -99.000   0.393    24.0    24.3    22.8    21.4    19.0
53877 20170614  2.422  -82.61   35.49    28.6    16.1    22.4    21.4     7.4    18.99 C    37.8    15.8    23.2    93.8    48.6    81.4 -99.000 -99.000   0.173 -99.000   0.393    24.3    24.5    23.1    21.7    19.1
53877 20170615  2.422  -82.61   35.49    28.0    15.3    21.6    20.5     0.0    15.64 C    36.6    15.4    21.8    94.0    54.5    83.4 -99.000 -99.000   0.169 -99.000   0.394    23.6    24.2    23.2    21.9    19.3
53877 20170616  2.422  -82.61   35.49    26.5    15.6    21.1    20.4     1.3    17.42 C    35.9    15.3    22.2    93.7    54.8    82.9 -99.000 -99.000   0.168 -99.000   0.393    23.5    24.1    23.0    21.9    19.4
53877 20170617  2.422  -82.61   35.49    26.6    16.7    21.7    20.8     2.7    17.15 C    35.9    16.0    22.3    93.9    60.5    84.8 -99.000 -99.000   0.167 -99.000   0.393    23.9    24.3    23.1    21.9    19.5
53877 20170618  2.422  -82.61   35.49    28.0    16.2    22.1    22.0     0.0    20.91 C    37.5    15.7    23.5    93.2    54.5    75.4 -99.000 -99.000   0.165 -99.000   0.393    24.2    24.6    23.4    22.1    19.6
53877 20170619  2.422  -82.61   35.49    27.1    15.9    21.5    21.2     3.2    11.34 C    33.8    15.4    22.1    93.6    55.7    82.1 -99.000 -99.000   0.162 -99.000   0.393    23.8    24.5    23.4    22.3    19.7
53877 20170620  2.422  -82.61   35.49    24.6    14.5    19.5    19.4     0.0    16.59 C    30.0    14.3    20.8    94.0    46.4    79.3 -99.000 -99.000   0.161 -99.000   0.392    23.0    23.8    23.0    22.1    19.8
53877 20170621  2.422  -82.61   35.49    25.6    17.0    21.3    20.2     0.5    14.46 C    33.1    16.5    21.7    92.8    55.4    82.6 -99.000 -99.000   0.158 -99.000   0.392    23.3    23.9    23.0    22.0    19.9
53877 20170622  2.422  -82.61   35.49    21.7    16.5    19.1    19.7     7.7     5.62 C    24.0    16.7    20.4    93.3    85.3    90.1 -99.000 -99.000   0.158 -99.000   0.392    22.3    23.3    22.7    22.0    19.9
53877 20170623  2.422  -82.61   35.49    29.2    19.3    24.3    23.7     3.3    22.37 C    36.1    18.8    24.8    93.8    47.6    74.8 -99.000 -99.000   0.158 -99.000   0.392    24.5    24.5    23.2    21.9    20.0
53877 20170624  2.422  -82.61   35.49    25.9    16.5    21.2    21.4     3.1    10.71 C    33.0    15.9    22.4    93.5    67.4    87.9 -99.000 -99.000   0.158 -99.000   0.392    24.2    24.8    23.7    22.3    20.0
53877 20170625  2.422  -82.61   35.49    22.4    11.2    16.8    17.7     0.0    12.82 C    28.7    10.8    18.4    93.3    52.1    77.5 -99.000 -99.000   0.161 -99.000   0.392    22.3    23.6    23.0    22.3    20.0
53877 20170626  2.422  -82.61   35.49    25.4     7.5    16.5    16.5     0.0    25.72 C    34.1     7.8    18.4    93.2    33.5    68.8 -99.000 -99.000   0.159 -99.000   0.392    21.4    22.7    22.2    21.9    20.1
53877 20170627  2.422  -82.61   35.49    22.5     9.2    15.9    15.8     0.0    18.72 C    31.7     8.9    16.7    92.6    33.4    69.2 -99.000 -99.000   0.157 -99.000   0.391    20.9    22.3    21.9    21.6    20.1
53877 20170628  2.422  -82.61   35.49    25.3     6.3    15.8    16.7     0.0    22.65 C    33.6     6.6    17.9    92.7    43.7    68.7 -99.000 -99.000   0.155 -99.000   0.391    20.8    21.9    21.2    21.3    20.1
53877 20170629  2.422  -82.61   35.49    27.9    11.7    19.8    20.5     4.6    25.47 C    37.0    11.3    22.4    92.4    44.7    71.9 -99.000 -99.000   0.150 -99.000   0.391    22.9    23.1    21.8    21.2    20.0
53877 20170630  2.422  -82.61   35.49    25.0    18.8    21.9    21.2     4.4    14.38 C    29.8    19.0    22.6    93.3    72.2    87.1 -99.000 -99.000   0.147 -99.000   0.390    24.1    24.1    22.8    21.6    20.0
53877 20170701  2.422  -82.61   35.49    29.1    17.5    23.3    21.7     9.8    19.60 C    36.1    16.9    23.1    93.7    52.1    81.9 -99.000 -99.000   0.146 -99.000   0.390    25.0    24.8    23.3    22.0    20.0
53877 20170702  2.422  -82.61   35.49    27.2    16.7    21.9    21.3     2.3    19.15 C    34.8    16.1    23.0    93.8    57.9    82.1 -99.000 -99.000   0.149 -99.000   0.390    25.1    24.8    23.4    22.3    20.0
53877 20170703  2.422  -82.61   35.49    28.1    16.6    22.4    21.6     0.0    17.67 C    35.3    16.5    22.9    93.7    50.3    82.9 -99.000 -99.000   0.151 -99.000   0.390    25.3    25.1    23.7    22.5    20.1
53877 20170704  2.422  -82.61   35.49    27.8    17.2    22.5    22.0     0.0    16.44 C    34.4    16.8    23.1    93.7    50.5    80.3 -99.000 -99.000   0.154 -99.000   0.391    25.2    25.1    23.8    22.6    20.2
53877 20170705  2.422  -82.61   35.49    30.6    16.0    23.3    21.9     0.0    22.12 C    37.5    15.6    23.3    93.1    44.1    78.5 -99.000 -99.000   0.152 -99.000   0.391    25.7    25.4    23.9    22.8    20.4
53877 20170706  2.422  -82.61   35.49    29.9    15.6    22.7    21.9     0.0    21.52 C    37.6    15.4    23.5    93.8    44.0    77.3 -99.000 -99.000   0.150 -99.000   0.390    26.0    25.6    24.1    23.0    20.5
53877 20170707  2.422  -82.61   35.49    28.5    16.7    22.6    22.3     0.0    18.66 C    37.0    16.4    23.6    92.8    55.1    78.9 -99.000 -99.000   0.147 -99.000   0.391    26.0    25.7    24.3    23.2    20.6
53877 20170708  2.422  -82.61   35.49    29.2    14.3    21.7    20.2    12.7    16.07 C    37.6    14.0    21.3    93.8    43.2    82.0 -99.000 -99.000   0.143 -99.000   0.390    24.9    25.2    24.1    23.2    20.7
53877 20170709  2.422  -82.61   35.49    27.3    12.9    20.1    19.8     0.0    24.07 C    34.4    13.0    21.7    94.0    44.9    77.0 -99.000 -99.000   0.141 -99.000   0.391    24.7    24.7    23.6    23.0    20.8
53877 20170710  2.422  -82.61   35.49    28.9    14.4    21.7    21.3     0.0    21.28 C    35.7    14.2    22.4    92.8    40.6    74.0 -99.000 -99.000   0.142 -99.000   0.390    25.2    25.1    23.8    23.0    20.9
53877 20170711  2.422  -82.61   35.49    30.3    14.4    22.3    21.8     0.0    20.57 C    39.0    13.7    22.8    93.4    45.0    76.8 -99.000 -99.000   0.139 -99.000   0.390    25.2    25.1    23.8    23.1    20.9
53877 20170712  2.422  -82.61   35.49    30.1    16.7    23.4    22.9     0.0    20.19 C    38.1    15.9    24.0    93.0    46.3    76.7 -99.000 -99.000   0.137 -99.000   0.390    25.9    25.4    24.1    23.2    20.9
53877 20170713  2.422  -82.61   35.49    31.9    16.8    24.4    23.1     0.8    22.74 C    40.2    16.3    24.8    92.6    42.3    77.4 -99.000 -99.000   0.133 -99.000   0.389    26.7    26.0    24.4    23.3    21.0
53877 20170714  2.422  -82.61   35.49    31.8    17.6    24.7    22.6    18.2    19.29 C    39.5    17.1    24.3    93.7    48.2    82.0 -99.000 -99.000   0.128 -99.000   0.389    26.4    26.1    24.5    23.6    21.1
53877 20170715  2.422  -82.61   35.49    27.1    17.7    22.4    20.9     7.4    10.02 C    34.7    17.6    21.7    93.9    64.0    89.8 -99.000 -99.000   0.132 -99.000   0.390    25.0    25.4    24.3    23.7    21.2
53877 20170716  2.422  -82.61   35.49    28.7    15.9    22.3    21.7     0.0    19.47 C    35.1    15.6    22.9    93.8    50.3    79.8 -99.000 -99.000   0.139 -99.000   0.390    25.3    25.2    24.0    23.4    21.2
53877 20170717  2.422  -82.61   35.49    28.9    15.4    22.1    21.5     0.0    17.49 C    35.8    15.0    22.4    93.0    42.9    76.8 -99.000 -99.000   0.144 -99.000   0.389    25.2    25.3    24.2    23.4    21.3
53877 20170718  2.422  -82.61   35.49    30.5    13.4    21.9    21.1     0.0    24.47 C    36.7    13.4    22.5    93.3    34.9    73.1 -99.000 -99.000   0.146 -99.000   0.389    25.4    25.3    24.1    23.4    21.3
53877 20170719  2.422  -82.61   35.49    30.5    14.2    22.3    21.8     0.0    21.92 C    37.3    14.0    22.8    92.9    40.5    73.5 -99.000 -99.000   0.145 -99.000   0.388    25.7    25.5    24.2    23.5    21.4
53877 20170720  2.422  -82.61   35.49    31.2    14.5    22.9    22.5     0.0    22.78 C    37.7    14.2    23.4    92.7    33.4    71.6 -99.000 -99.000   0.142 -99.000   0.388    25.9    25.5    24.2    23.5    21.4
53877 20170721  2.422  -82.61   35.49    32.1    16.6    24.3    23.9     0.0    21.85 C    39.6    16.0    24.9    92.5    37.6    72.8 -99.000 -99.000   0.137 -99.000   0.388    26.7    26.1    24.5    23.7    21.4
53877 20170722  2.422  -82.61   35.49    32.4    17.6    25.0    23.8     0.0    19.19 C    41.1    17.0    24.8    92.7    45.7    76.4 -99.000 -99.000   0.132 -99.000   0.387    26.9    26.2    24.8    23.9    21.5
53877 20170723  2.422  -82.61   35.49    31.0    18.6    24.8    22.3     8.1    12.95 C    39.1    17.8    23.1    93.5    50.6    85.9 -99.000 -99.000   0.128 -99.000   0.387    25.6    25.8    24.6    24.0    21.6
53877 20170724  2.422  -82.61   35.49    29.2    18.6    23.9    22.4     0.5    18.79 C    34.8    17.8    23.4    93.4    33.6    77.2 -99.000 -99.000   0.128 -99.000   0.387    26.1    25.8    24.5    23.8    21.6
53877 20170725  2.422  -82.61   35.49    31.1    16.1    23.6    23.2     0.0    22.40 C    37.6    15.6    24.3    92.9    39.4    73.4 -99.000 -99.000   0.128 -99.000   0.387    26.3    25.7    24.5    23.9    21.7
53877 20170726  2.422  -82.61   35.49    28.9    17.1    23.0    22.4     0.0    19.03 C    36.9    16.8    23.7    92.8    54.6    79.3 -99.000 -99.000   0.126 -99.000   0.386    26.4    25.9    24.6    23.9    21.7
53877 20170727  2.422  -82.61   35.49    28.3    18.8    23.5    22.0    22.9    14.35 C    37.3    17.9    23.3    93.4    57.5    86.2 -99.000 -99.000   0.139 -99.000   0.387    25.8    25.7    24.6    23.9    21.7
53877 20170728  2.422  -82.61   35.49    24.9    19.3    22.1    21.6     2.2     7.80 C    31.1    19.1    22.3    93.8    75.1    90.6 -99.000 -99.000   0.160 -99.000   0.387    24.9    25.2    24.3    23.8    21.8
53877 20170729  2.422  -82.61   35.49    26.2    15.1    20.6    21.3     2.3    20.46 C    34.1    14.8    22.2    93.5    45.0    72.0 -99.000 -99.000   0.161 -99.000   0.387    25.5    25.5    24.4    23.7    21.8
53877 20170730  2.422  -82.61   35.49    26.8    13.5    20.2    19.5     0.0    24.62 C    35.3    13.2    21.3    92.7    41.8    72.2 -99.000 -99.000   0.161 -99.000   0.387    24.7    24.7    24.0    23.6    21.8
53877 20170731  2.422  -82.61   35.49    27.3    10.0    18.7    18.7     0.0    25.37 C    35.6     9.9    20.3    92.6    32.2    71.1 -99.000 -99.000   0.161   0.106   0.387    24.3    24.5    23.6    23.4    21.8
53877 20170801  2.422  -82.61   35.49    27.4    11.9    19.6    18.8    17.5    16.05 C    34.8    11.7    20.0    93.7    44.4    79.7 -99.000 -99.000   0.160   0.090   0.387    23.5    24.0    23.3    23.2    21.8
53877 20170802  2.422  -82.61   35.49    26.2    15.0    20.6    19.4     0.0    11.66 C    30.9    14.3    20.2    93.7    53.0    85.6 -99.000 -99.000   0.170   0.107   0.387    23.3    23.7    23.0    23.0    21.8
53877 20170803  2.422  -82.61   35.49    27.6    11.8    19.7    19.2     0.0    20.83 C    34.8    11.9    20.4    93.5    42.3    76.1 -99.000 -99.000   0.175   0.114   0.387    23.5    23.7    22.8    22.8    21.7
53877 20170804  2.422  -82.61   35.49    27.9    13.2    20.6    19.6     2.7    18.11 C    35.2    12.8    21.0    93.4    47.5    80.5 -99.000 -99.000   0.176   0.104   0.387    23.9    24.0    23.0    22.8    21.7
53877 20170805  2.422  -82.61   35.49    25.9    12.6    19.3    19.1     0.0    22.07 C    33.7    12.3    20.6    93.7    38.2    75.6 -99.000 -99.000   0.175   0.107   0.387    24.3    24.3    23.2    22.8    21.6
53877 20170806  2.422  -82.61   35.49    28.1     9.7    18.9    19.6     1.2    21.05 C    35.7     9.9    21.0    93.0    49.4    74.2 -99.000 -99.000   0.174   0.096   0.387    23.7    23.7    22.8    22.7    21.6
53877 20170807  2.422  -82.61   35.49    24.4    18.0    21.2    21.2     8.5     7.36 C    27.4    18.9    21.9    93.4    76.5    90.2 -99.000 -99.000   0.172   0.092   0.387    24.0    24.1    23.2    22.8    21.6
53877 20170808  2.422  -82.61   35.49    25.3    18.2    21.7    20.6    10.1    12.87 C    30.9    18.5    21.7    93.5    56.6    85.3 -99.000 -99.000   0.180   0.097   0.387    24.3    24.4    23.3    22.9    21.6
53877 20170809  2.422  -82.61   35.49    24.3    16.6    20.4    19.9     0.0    17.13 C    38.6    16.0    22.7    93.0    55.5    77.2 -99.000 -99.000   0.198   0.110   0.387    24.6    24.6    23.5    22.9    21.6
53877 20170810  2.422  -82.61   35.49    22.3    16.5    19.4    19.8     0.8     5.91 C    28.5    15.5    20.8    92.2    76.0    85.6 -99.000 -99.000   0.200   0.114   0.387    23.4    24.1    23.3    23.0    21.6
53877 20170811  2.422  -82.61   35.49    23.9    18.5    21.2    20.8    12.7     7.54 C    32.9    17.2    22.0    93.5    79.7    90.7 -99.000 -99.000   0.208   0.117   0.387    23.9    24.2    23.3    22.8    21.6
53877 20170812  2.422  -82.61   35.49    28.3    19.7    24.0    22.2     1.5    14.90 C    42.1    19.3    24.6    93.6    57.7    86.4 -99.000 -99.000   0.245   0.181   0.387    25.5    25.2    23.9    22.9    21.6
53877 20170813  2.422  -82.61   35.49    27.8    17.8    22.8    21.9    16.4    16.19 C    41.0    17.0    24.5    93.9    60.1    84.2 -99.000 -99.000   0.248   0.226   0.387    25.8    25.7    24.3    23.3    21.6
53877 20170814  2.422  -82.61   35.49    27.8    19.3    23.5    22.4     1.8    14.45 C    40.8    19.0    24.6    93.7    58.1    86.7 -99.000 -99.000   0.257   0.407   0.387    26.2    26.0    24.6    23.6    21.6
53877 20170815  2.422  -82.61   35.49    28.2    19.0    23.6    22.6     0.9    14.75 C    38.3    18.2    24.4    93.5    55.4    83.4 -99.000 -99.000   0.253   0.351   0.387    26.2    26.1    24.8    23.8    21.7
53877 20170816  2.422  -82.61   35.49    30.2    16.4    23.3    22.4     0.0    19.14 C    42.4    16.2    24.9    93.1    47.1    80.9 -99.000 -99.000   0.248   0.345   0.387    26.3    26.1    24.8    23.9    21.8
53877 20170817  2.422  -82.61   35.49    30.7    17.9    24.3    23.3     0.0    20.14 C    44.0    17.6    26.1    93.7    54.7    80.6 -99.000 -99.000   0.242   0.340   0.387    27.2    26.7    25.1    24.0    21.9
53877 20170818  2.422  -82.61   35.49    29.2    18.0    23.6    22.4     0.0    15.13 C    42.8    17.1    24.3    93.6    53.7    82.2 -99.000 -99.000   0.236   0.334   0.387    26.6    26.5    25.2    24.3    22.0
53877 20170819  2.422  -82.61   35.49    28.8    14.8    21.8    20.8     0.0    22.44 C    41.5    14.2    23.2    93.2    35.1    74.7 -99.000 -99.000   0.230   0.325   0.387    26.2    26.1    24.9    24.2    22.1
53877 20170820  2.422  -82.61   35.49    30.1    13.7    21.9    21.5     0.0    21.61 C    41.4    13.4    23.8    92.7    43.9    74.9 -99.000 -99.000   0.224   0.295   0.387    26.4    26.0    24.7    24.1    22.2
53877 20170821  2.422  -82.61   35.49    29.9    16.2    23.1    22.4     0.0    18.24 C    41.6    15.8    24.4    92.6    39.2    77.2 -99.000 -99.000   0.217   0.263   0.388    26.5    26.1    24.8    24.2    22.2
53877 20170822  2.422  -82.61   35.49    30.4    17.4    23.9    22.8     0.0    21.66 C    43.1    16.6    25.5    93.6    43.1    76.8 -99.000 -99.000   0.209   0.256   0.388    27.4    26.6    25.0    24.2    22.2
53877 20170823  2.422  -82.61   35.49    27.8    15.6    21.7    20.6     0.0    14.73 C    38.4    15.5    21.8    92.4    46.2    77.0 -99.000 -99.000   0.202   0.249   0.387    25.5    25.7    24.7    24.3    22.2
53877 20170824  2.422  -82.61   35.49    26.9    14.6    20.7    19.8     0.0    21.21 C    40.2    13.8    22.2    92.8    34.6    69.8 -99.000 -99.000   0.193   0.242   0.387    25.7    25.1    24.2    24.1    22.4
53877 20170825  2.422  -82.61   35.49    25.8    13.4    19.6    19.1     0.0    16.18 C    38.9    12.8    21.6    91.5    53.2    76.0 -99.000 -99.000   0.186   0.236   0.388    25.0    24.5    23.9    23.8    22.4
53877 20170826  2.422  -82.61   35.49    27.0    15.3    21.2    20.6     0.0    17.08 C    39.6    14.6    23.1    92.5    48.0    76.2 -99.000 -99.000   0.176   0.228   0.387    25.3    24.9    23.9    23.7    22.3
53877 20170827  2.422  -82.61   35.49    25.1    14.8    19.9    19.6     0.0    11.79 C    37.3    14.0    21.1    91.1    49.2    76.5 -99.000 -99.000   0.168   0.219   0.387    24.5    24.7    23.8    23.6    22.3
53877 20170828  2.422  -82.61   35.49    21.1    12.9    17.0    17.2     0.0    13.54 C    35.9    11.8    19.4    92.3    53.2    74.7 -99.000 -99.000   0.162   0.212   0.387    23.2    23.8    23.2    23.4    22.2
53877 20170829  2.422  -82.61   35.49    25.5    15.6    20.5    18.9     0.5    13.43 C    39.1    14.5    20.8    92.1    49.6    78.8 -99.000 -99.000   0.156   0.208   0.387    23.9    23.9    23.0    23.1    22.2
53877 20170830  2.422  -82.61   35.49    26.9    15.5    21.2    20.0     3.9    15.38 C    42.3    14.6    22.8    93.4    49.7    80.7 -99.000 -99.000   0.150   0.199   0.387    24.6    24.2    23.2    23.0    22.1
53877 20170831  2.422  -82.61   35.49    20.2    17.5    18.9    18.7    23.4     3.49 C    23.5    17.1    19.6    93.6    86.5    92.5 -99.000 -99.000   0.147   0.193   0.387    22.6    23.6    23.0    23.0    22.0
53877 20170901  2.422  -82.61   35.49    24.0    17.4    20.7    20.4    17.9    10.74 C    31.8    15.6    20.7    93.4    67.9    83.2 -99.000 -99.000   0.204   0.283   0.388    23.2    23.5    22.7    22.7    21.9
53877 20170902  2.422  -82.61   35.49    21.3    13.5    17.4    17.2     0.0     7.78 C    28.1    12.8    17.9    92.3    61.4    78.7 -99.000 -99.000   0.244   0.346   0.387    21.6    22.8    22.4    22.6    21.8
53877 20170903  2.422  -82.61   35.49    24.8     9.7    17.3    16.1     0.0    22.22 C    34.2     8.8    18.0    93.5    35.8    74.4 -99.000 -99.000   0.241   0.327   0.387    22.1    22.6    21.9    22.2    21.8
53877 20170904  2.422  -82.61   35.49    26.4     8.7    17.6    16.9     0.0    20.49 C    34.8     9.0    18.5    92.8    44.7    75.8 -99.000 -99.000   0.235   0.289   0.388    22.2    22.5    21.7    22.0    21.7
53877 20170905  2.422  -82.61   35.49    27.3    10.4    18.9    17.2     7.8    14.55 C    35.9    10.2    18.8    93.4    52.9    82.3 -99.000 -99.000   0.229   0.274   0.388    22.0    22.5    21.7    22.0    21.6
53877 20170906  2.422  -82.61   35.49    19.0     8.8    13.9    14.0     7.9     7.98 C    25.6     8.0    15.2    93.5    58.2    86.9 -99.000 -99.000   0.243   0.295   0.388    20.2    21.7    21.4    21.8    21.5
53877 20170907  2.422  -82.61   35.49    20.2     4.4    12.3    11.5     0.0    18.01 C    30.7     4.9    13.5    93.8    42.9    78.2 -99.000 -99.000   0.251   0.339   0.388    19.3    20.6    20.4    21.3    21.4
53877 20170908  2.422  -82.61   35.49    22.1     4.3    13.2    12.6     0.0    20.86 C    32.1     4.8    14.8    93.3    41.2    77.3 -99.000 -99.000   0.245   0.326   0.389    19.7    20.5    20.0    20.9    21.3
53877 20170909  2.422  -82.61   35.49    22.3     6.1    14.2    14.0     0.0    17.02 C    32.0     6.2    15.7    93.2    41.7    75.3 -99.000 -99.000   0.239   0.290   0.389    19.8    20.5    19.9    20.7    21.1
53877 20170910  2.422  -82.61   35.49    17.2     7.0    12.1    12.2     0.0    12.49 C    26.4     6.4    13.6    92.7    46.7    76.1 -99.000 -99.000   0.233   0.280   0.388    18.6    20.0    19.6    20.5    21.0
53877 20170911  2.422  -82.61   35.49    14.2    11.6    12.9    12.9    18.1     1.06 C    15.0    11.7    13.2    93.5    66.6    85.8 -99.000 -99.000   0.235   0.282   0.388    17.1    19.1    19.1    20.2    20.8
53877 20170912  2.422  -82.61   35.49    17.4    13.8    15.6    15.7    10.7     2.98 C    19.1    13.9    15.9    93.1    74.8    87.0 -99.000 -99.000   0.263   0.460   0.390    17.9    19.0    18.7    19.7    20.6
53877 20170913  2.422  -82.61   35.49    21.8    11.9    16.9    16.2     0.4    14.34 C    30.6    10.1    17.6    93.4    55.1    78.7 -99.000 -99.000   0.256   0.477   0.404    19.9    20.0    19.2    19.6    20.4
53877 20170914  2.422  -82.61   35.49    22.9    12.5    17.7    16.7     0.0     9.83 C    30.0    11.2    17.6    93.1    60.5    83.5 -99.000 -99.000   0.250   0.419   0.396    20.2    20.6    19.7    19.8    20.2
53877 20170915  2.422  -82.61   35.49    22.8    11.0    16.9    16.0     0.0    12.12 C    32.2    10.2    17.0    94.2    57.2    85.3 -99.000 -99.000   0.247   0.384   0.392    19.9    20.3    19.7    19.9    20.2
53877 20170916  2.422  -82.61   35.49    26.1    11.7    18.9    17.0     0.0    18.54 C    33.8    10.6    18.6    94.2    41.4    80.3 -99.000 -99.000   0.241   0.371   0.392    21.1    20.8    20.0    20.0    20.1
53877 20170917  2.422  -82.61   35.49    26.9    11.2    19.0    17.5     0.0    18.87 C    33.5    10.7    18.3    93.8    38.9    78.3 -99.000 -99.000   0.236   0.360   0.392    21.3    21.2    20.2    20.2    20.1
53877 20170918  2.422  -82.61   35.49    26.3    10.2    18.3    17.0     0.0    17.58 C    33.4     9.6    17.6    92.9    40.8    77.7 -99.000 -99.000   0.231   0.353   0.392    20.9    21.2    20.3    20.3    20.1
53877 20170919  2.422  -82.61   35.49    27.0    10.7    18.8    18.0     0.0    16.36 C    34.2     9.9    18.9    92.8    47.2    79.8 -99.000 -99.000   0.225   0.319   0.391    21.2    21.2    20.3    20.4    20.1
53877 20170920  2.422  -82.61   35.49    27.8    12.8    20.3    19.1     0.0    16.58 C    34.6    11.6    19.4    93.1    46.8    79.3 -99.000 -99.000   0.219   0.293   0.392    21.8    21.8    20.7    20.5    20.1
53877 20170921  2.422  -82.61   35.49    27.9    12.1    20.0    18.9     0.0    18.20 C    35.0    11.2    19.4    92.9    43.5    77.6 -99.000 -99.000   0.213   0.286   0.392    21.8    21.7    20.8    20.6    20.1
53877 20170922  2.422  -82.61   35.49    28.1    13.0    20.6    19.3     9.6    17.54 C    34.0    12.1    20.4    93.7    42.7    80.8 -99.000 -99.000   0.206   0.280   0.391    22.1    22.1    21.0    20.7    20.1
53877 20170923  2.422  -82.61   35.49    27.5    15.2    21.4    19.6     0.0    15.25 C    34.4    14.2    20.8    94.1    46.6    83.8 -99.000 -99.000   0.204   0.271   0.392    22.7    22.6    21.4    20.9    20.1
53877 20170924  2.422  -82.61   35.49    26.4    14.2    20.3    18.8     0.0    17.86 C    33.0    12.8    19.6    94.2    42.9    79.3 -99.000 -99.000   0.203   0.264   0.391    22.6    22.7    21.6    21.2    20.2
53877 20170925  2.422  -82.61   35.49    26.8    11.7    19.2    17.9     0.0    15.96 C    32.7    11.0    18.2    92.9    41.3    78.9 -99.000 -99.000   0.200   0.260   0.391    21.6    22.1    21.3    21.2    20.4
53877 20170926  2.422  -82.61   35.49    27.5    11.9    19.7    18.5     0.0    17.51 C    33.5    11.0    18.9    93.7    41.7    76.8 -99.000 -99.000   0.198   0.255   0.391    21.7    22.0    21.1    21.1    20.4
53877 20170927  2.422  -82.61   35.49    28.9    11.6    20.2    19.3     0.0    17.21 C    34.6    10.7    19.2    93.0    41.3    76.0 -99.000 -99.000   0.193   0.247   0.390    21.7    22.0    21.1    21.0    20.4
53877 20170928  2.422  -82.61   35.49    28.4    13.4    20.9    20.0     0.0    15.86 C    34.6    11.5    19.6    93.4    40.7    75.6 -99.000 -99.000   0.187   0.242   0.391    21.8    22.1    21.2    21.0    20.4
53877 20170929  2.422  -82.61   35.49    24.7    14.0    19.4    18.6     0.0    13.69 C    31.6    12.5    19.1    92.9    47.4    75.3 -99.000 -99.000   0.181   0.235   0.391    21.7    22.1    21.3    21.1    20.4
53877 20170930  2.422  -82.61   35.49    23.5     7.7    15.6    15.4     0.0    18.14 C    30.9     6.2    15.8    92.3    24.1    65.1 -99.000 -99.000   0.175   0.232   0.390    20.6    21.4    20.9    21.0    20.4
53877 20171001  2.422  -82.61   35.49    19.0     5.4    12.2    10.9     0.0    17.36 C    28.2     4.2    11.8    91.7    37.6    70.5 -99.000 -99.000   0.168   0.225   0.390    18.2    19.9    19.7    20.6    20.4
53877 20171002  2.422  -82.61   35.49    21.9     1.7    11.8    11.0     0.0    18.55 C    30.7     1.4    12.0    93.4    39.1    75.3 -99.000 -99.000   0.162   0.218   0.390    17.6    18.9    18.7    20.0    20.4
53877 20171003  2.422  -82.61   35.49    21.5     5.2    13.3    12.4     0.2    15.92 C    32.3     4.4    13.1    93.0    48.3    77.9 -99.000 -99.000   0.157   0.213   0.390    17.8    18.9    18.5    19.5    20.2
53877 20171004  2.422  -82.61   35.49    24.8     5.2    15.0    13.2     0.0    17.81 C    32.0     4.1    13.5    94.2    28.7    73.9 -99.000 -99.000   0.152   0.212   0.390    17.8    18.8    18.3    19.2    20.0
53877 20171005  2.422  -82.61   35.49    26.0     4.1    15.1    13.1     0.0    17.70 C    33.3     3.2    13.2    94.3    32.2    73.1 -99.000 -99.000   0.147   0.209   0.390    17.8    18.6    18.1    19.0    19.8
53877 20171006  2.422  -82.61   35.49    25.3     5.1    15.2    14.9     0.0    17.32 C    32.9     3.9    15.1    93.1    39.6    73.7 -99.000 -99.000   0.142   0.196   0.389    18.2    18.7    18.1    18.9    19.6
53877 20171007  2.422  -82.61   35.49    23.6    13.9    18.7    19.4     0.0     6.96 C    27.9    11.4    19.5    90.6    68.1    80.8 -99.000 -99.000   0.140   0.188   0.388    19.6    19.7    18.8    19.0    19.5
53877 20171008  2.422  -82.61   35.49    22.3    18.5    20.4    20.4    66.2     1.07 C    22.3    17.9    19.9    98.8    85.9    92.5 -99.000 -99.000   0.177   0.264   0.401    20.3    20.6    19.7    19.2    19.4
53877 20171009  2.422  -82.61   35.49    26.9    18.7    22.8    22.3     1.1     8.86 C    32.0    16.6    22.1   100.0    63.5    88.6 -99.000 -99.000   0.250   0.449   0.457    21.7    21.5    20.4    19.7    19.3
53877 20171010  2.422  -82.61   35.49    25.7    18.6    22.1    21.4    12.8     7.68 C    31.7    16.4    21.5    94.0    71.8    90.9 -99.000 -99.000   0.261   0.461   0.460    22.3    22.1    21.1    20.1    19.5
53877 20171011  2.422  -82.61   35.49    27.8    15.8    21.8    20.3     0.0    13.87 C    32.3    14.2    20.6    94.1    52.9    84.7 -99.000 -99.000   0.256   0.469   0.460    22.5    22.3    21.3    20.5    19.6
53877 20171012  2.422  -82.61   35.49    27.2    13.3    20.2    19.6     0.0    15.36 C    31.6    12.0    19.4    94.1    41.5    78.2 -99.000 -99.000   0.250   0.463   0.462    21.8    22.0    21.1    20.7    19.7
53877 20171013  2.422  -82.61   35.49    23.0    17.2    20.1    19.0     0.0     9.42 C    29.3    16.1    19.8    88.5    65.7    81.8 -99.000 -99.000   0.246   0.395   0.461    21.9    22.2    21.1    20.7    19.9
53877 20171014  2.422  -82.61   35.49    25.5    13.9    19.7    18.9     0.0    12.41 C    31.1    12.1    19.4    92.7    46.4    79.7 -99.000 -99.000   0.242   0.370   0.461    21.9    22.2    21.1    20.8    19.9
53877 20171015  2.422  -82.61   35.49    26.6    13.2    19.9    17.8     0.0    12.71 C    31.7    11.5    18.8    93.9    43.2    80.8 -99.000 -99.000   0.237   0.362   0.456    21.2    21.7    20.9    20.8    20.0
53877 20171016  2.422  -82.61   35.49    17.0     5.3    11.2    11.9     7.2    13.36 C    21.2     4.0    12.6    92.8    52.1    73.7 -99.000 -99.000   0.236   0.357   0.422    19.6    20.9    20.4    20.7    20.0
53877 20171017  2.422  -82.61   35.49    17.7    -0.5     8.6     7.2     0.0    15.53 C    24.3    -0.1     7.9    94.3    28.9    74.6 -99.000 -99.000   0.238   0.351   0.407    16.1    18.2    18.4    20.0    20.0
53877 20171018  2.422  -82.61   35.49    18.9    -0.5     9.2     8.1     0.0    14.88 C    25.8    -0.1     8.3    93.8    32.7    74.6 -99.000 -99.000   0.236   0.325   0.398    15.0    16.9    17.1    19.0    19.9
53877 20171019  2.422  -82.61   35.49    22.4     0.0    11.2     8.8     0.0    15.30 C    27.1     0.0     8.4    95.1    11.8    70.2 -99.000 -99.000   0.234   0.301   0.398    14.7    16.4    16.5    18.2    19.7
53877 20171020  2.422  -82.61   35.49    24.9     0.5    12.7    10.5     0.0    14.78 C    28.6     0.3     9.6    93.4    17.1    70.1 -99.000 -99.000   0.230   0.296   0.396    14.6    16.1    16.0    17.7    19.4
53877 20171021  2.422  -82.61   35.49    22.6     2.7    12.6    11.7     0.0    12.50 C    27.6     1.7    10.8    93.4    37.7    74.7 -99.000 -99.000   0.226   0.292   0.396    14.9    16.2    15.9    17.3    19.1
53877 20171022  2.422  -82.61   35.49    20.3     4.0    12.2    13.4     0.9     7.13 C    26.9     3.2    12.7    93.5    58.9    79.0 -99.000 -99.000   0.223   0.289   0.395    15.1    16.4    16.1    17.2    18.8
53877 20171023  2.422  -82.61   35.49    18.7     9.1    13.9    15.4   111.4     1.42 C    22.6     7.2    14.5    93.8    84.1    91.2 -99.000 -99.000   0.279   0.408   0.431    16.7    17.7    17.0    17.2    18.6
53877 20171024  2.422  -82.61   35.49    16.4     3.8    10.1     9.4     0.0    13.14 C    23.5     2.0     8.7    94.4    30.6    72.6 -99.000 -99.000   0.267   0.474   0.451    15.6    16.7    16.4    17.3    18.4
53877 20171025  2.422  -82.61   35.49    12.1    -0.9     5.6     4.8     0.0     9.69 C    20.8    -0.6     5.1    93.6    43.1    74.6 -99.000 -99.000   0.258   0.483   0.453    13.2    15.0    15.2    17.0    18.2
53877 20171026  2.422  -82.61   35.49    16.1    -2.0     7.1     5.9     0.0    12.62 C    21.8    -2.0     5.5    92.5    33.1    71.0 -99.000 -99.000   0.254   0.486   0.452    12.2    14.0    14.2    16.2    18.1
53877 20171027  2.422  -82.61   35.49    21.2    -1.0    10.1     9.0     0.0    12.24 C    26.3    -0.9     8.2    93.6    31.7    71.0 -99.000 -99.000   0.250   0.451   0.454    12.3    13.8    13.8    15.6    17.9
53877 20171028  2.422  -82.61   35.49    13.4     5.1     9.2    11.5    39.4     3.66 C    15.0     5.2    10.8   100.0    64.4    83.9 -99.000 -99.000   0.266   0.416   0.454    13.3    14.6    14.3    15.4    17.6
53877 20171029  2.422  -82.61   35.49     6.3     0.3     3.3     3.1     1.0     8.15 C    11.5    -0.3     3.7   100.0    58.0    76.6 -99.000 -99.000   0.304   0.468   0.456    12.7    14.1    14.0    15.3    17.3
53877 20171030  2.422  -82.61   35.49    13.7    -1.0     6.3     4.5     0.0    11.92 C    21.2    -1.7     5.1    92.5    30.0    64.2 -99.000 -99.000   0.269   0.477   0.455    11.4    12.9    13.0    14.9    17.0
53877 20171031  2.422  -82.61   35.49    18.1    -1.2     8.5     6.7     0.0    11.64 C    23.2    -1.6     6.6    93.6    39.0    76.9 -99.000 -99.000   0.260   0.483   0.457    11.1    12.5    12.5    14.3    16.8
53877 20171101  2.422  -82.61   35.49    19.6     2.0    10.8    10.4     0.0     9.29 C    26.4     0.9    10.1    93.4    38.1    72.6 -99.000 -99.000   0.256   0.465   0.457    12.0    13.1    12.8    14.1    16.6
53877 20171102  2.422  -82.61   35.49    22.3     8.5    15.4    14.5     0.0     9.41 C    27.1     6.1    12.8    92.3    41.3    70.4 -99.000 -99.000   0.252   0.409   0.457    13.9    14.5    13.8    14.2    16.4
53877 20171103  2.422  -82.61   35.49    22.2     6.9    14.5    14.1     0.4     6.34 C    26.6     5.4    13.4    93.6    54.8    83.1 -99.000 -99.000   0.250   0.392   0.457    14.1    14.8    14.1    14.6    16.2
53877 20171104  2.422  -82.61   35.49    19.5    14.2    16.8    16.3     0.0     5.73 C    25.3    12.6    16.0    93.5    72.3    85.3 -99.000 -99.000   0.247   0.384   0.429    15.7    16.1    15.1    15.0    16.2
53877 20171105  2.422  -82.61   35.49    22.5    13.7    18.1    16.6     0.0     9.11 C    27.8    10.8    16.0    90.3    56.3    79.0 -99.000 -99.000   0.245   0.375   0.412    16.5    16.8    15.8    15.5    16.2
53877 20171106  2.422  -82.61   35.49    20.8    11.9    16.3    15.2     0.0     3.17 C    22.8     9.7    14.1    93.1    65.7    85.2 -99.000 -99.000   0.242   0.369   0.402    15.9    16.6    16.0    15.9    16.3
53877 20171107  2.422  -82.61   35.49    18.3    11.7    15.0    14.1    21.6     3.30 C    23.7     9.1    13.6    94.5    82.4    92.2 -99.000 -99.000   0.258   0.420   0.414    15.5    16.4    15.9    15.9    16.4
53877 20171108  2.422  -82.61   35.49    13.4     7.6    10.5    10.3     1.8     1.41 C    13.4     8.4    11.1    93.9    86.1    91.3 -99.000 -99.000   0.264   0.471   0.454    14.8    16.1    15.7    15.9    16.4
53877 20171109  2.422  -82.61   35.49    13.2     4.8     9.0     8.6     0.0     4.38 C    17.1     2.7     8.9    93.3    70.5    85.4 -99.000 -99.000   0.262   0.477   0.457    13.9    15.3    15.1    15.7    16.4
53877 20171110  2.422  -82.61   35.49    12.4    -1.3     5.5     6.2     0.0    10.82 C    18.1    -1.3     5.2    91.8    26.1    62.7 -99.000 -99.000   0.259   0.454   0.458    12.3    14.0    14.2    15.3    16.4
53877 20171111  2.422  -82.61   35.49     9.5    -1.8     3.9     3.2     0.0    10.22 C    15.5    -1.7     3.4    92.7    41.9    64.4 -99.000 -99.000   0.255   0.407   0.458    10.4    12.4    12.9    14.6    16.3
53877 20171112  2.422  -82.61   35.49     9.3     3.2     6.3     6.3     0.0     3.00 C    12.5     3.3     7.1    93.1    57.1    73.6 -99.000 -99.000   0.254   0.393   0.455    10.8    12.4    12.5    14.0    16.1
53877 20171113  2.422  -82.61   35.49    11.6    -0.5     5.6     5.9     0.0     8.82 C    17.5    -1.3     5.4    94.0    55.1    80.4 -99.000 -99.000   0.251   0.384   0.421    10.9    12.5    12.5    13.7    15.9
53877 20171114  2.422  -82.61   35.49    12.1    -1.1     5.5     5.7     0.0     9.94 C    19.1    -1.6     6.4    92.8    49.3    76.7 -99.000 -99.000   0.249   0.377   0.407    10.5    12.0    12.0    13.4    15.7
53877 20171115  2.422  -82.61   35.49    12.7     4.8     8.7     7.6     0.0     9.30 C    18.9     3.4     8.0    85.3    48.8    68.8 -99.000 -99.000   0.246   0.370   0.400    11.3    12.5    12.3    13.3    15.6
53877 20171116  2.422  -82.61   35.49    16.0    -0.5     7.8     7.9     0.0    10.19 C    20.5    -1.7     6.5    92.4    30.5    67.8 -99.000 -99.000   0.242   0.366   0.397    11.0    12.4    12.3    13.3    15.4
53877 20171117  2.422  -82.61   35.49    17.4    -3.1     7.1     6.2     0.0    10.15 C    21.5    -3.9     4.2    92.2    23.2    62.1 -99.000 -99.000   0.240   0.363   0.397     9.3    11.2    11.5    13.0    15.2
53877 20171118  2.422  -82.61   35.49    17.2     1.7     9.4    10.1     4.6     7.01 C    23.4     0.1     9.4    93.0    52.0    73.1 -99.000 -99.000   0.237   0.360   0.397    10.5    11.7    11.6    12.7    15.1
53877 20171119  2.422  -82.61   35.49    12.9     0.1     6.5     4.8     0.3     9.98 C    14.4    -2.4     4.1    90.4    47.2    63.5 -99.000 -99.000   0.236   0.355   0.395    10.5    12.1    12.0    12.7    14.9
53877 20171120  2.422  -82.61   35.49    12.5    -4.6     4.0     3.1     0.0     9.97 C    17.3    -5.4     1.8    90.6    21.4    61.6 -99.000 -99.000   0.237   0.348   0.394     8.2    10.3    10.8    12.4    14.8
53877 20171121  2.422  -82.61   35.49    14.7    -1.6     6.6     5.9     0.0     3.68 C    17.5    -2.4     4.7    93.1    59.7    78.7 -99.000 -99.000   0.236   0.316   0.394     8.3    10.1    10.4    11.8    14.6
53877 20171122  2.422  -82.61   35.49    12.7    -1.7     5.5     5.2     0.0     9.94 C    17.8    -3.0     3.7    93.8    25.3    65.4 -99.000 -99.000   0.234   0.312   0.394     8.6    10.3    10.5    11.6    14.4
53877 20171123  2.422  -82.61   35.49    13.0    -4.7     4.1     2.1     0.0     9.71 C    18.0    -5.3     1.3    90.3    34.2    71.5 -99.000 -99.000   0.233   0.310   0.394     7.1     9.2     9.7    11.4    14.2
53877 20171124  2.422  -82.61   35.49    15.7    -4.4     5.6     3.7     0.0     9.64 C    19.0    -5.1     2.3    91.3    29.3    71.8 -99.000 -99.000   0.232   0.307   0.394     6.9     8.8     9.3    10.9    14.0
53877 20171125  2.422  -82.61   35.49    15.4    -2.4     6.5     6.0     0.0     5.10 C    17.9    -3.4     3.9    92.3    37.5    68.0 -99.000 -99.000   0.230   0.306   0.394     7.2     9.0     9.2    10.7    13.7
53877 20171126  2.422  -82.61   35.49    12.8     0.8     6.8     6.9     0.0     9.76 C    17.2    -2.8     3.5    68.6    20.7    42.6 -99.000 -99.000   0.228   0.302   0.394     7.6     9.3     9.5    10.6    13.5
53877 20171127  2.422  -82.61   35.49    15.6    -3.7     6.0     3.2     0.0     9.67 C    18.6    -5.9     1.0    82.4    12.0    57.2 -99.000 -99.000   0.226   0.298   0.394     6.4     8.5     9.0    10.4    13.4
53877 20171128  2.422  -82.61   35.49    16.1    -5.8     5.2     3.2     0.0     9.51 C    19.3    -6.7     1.0    88.5    17.4    58.7 -99.000 -99.000   0.224   0.297   0.394     5.8     7.9     8.4    10.0    13.2
53877 20171129  2.422  -82.61   35.49    17.6    -4.1     6.7     4.5     0.0     9.08 C    21.0    -5.1     2.5    89.6    33.2    68.7 -99.000 -99.000   0.222   0.297   0.393     6.0     7.9     8.3     9.7    13.0
53877 20171130  2.422  -82.61   35.49    16.6    -1.9     7.4     6.8     0.6     5.91 C    21.8    -3.2     5.7    93.2    41.7    78.2 -99.000 -99.000   0.219   0.295   0.392     7.0     8.5     8.5     9.6    12.8
53877 20171201  2.422  -82.61   35.49    17.1     6.7    11.9    12.0     0.0     5.76 C    20.6     3.9    10.8    93.9    52.4    74.4 -99.000 -99.000   0.217   0.292   0.393     9.5    10.2     9.7     9.9    12.7
53877 20171202  2.422  -82.61   35.49    16.0     3.6     9.8    10.8     0.0     6.54 C    20.2     1.3     9.0    91.8    52.5    69.0 -99.000 -99.000   0.215   0.290   0.392    10.3    11.1    10.6    10.4    12.5
53877 20171203  2.422  -82.61   35.49    16.2    -0.5     7.9     6.1     0.0     8.95 C    20.1    -1.6     4.3    93.4    34.3    72.2 -99.000 -99.000   0.213   0.288   0.392     8.5    10.2    10.2    10.7    12.5
53877 20171204  2.422  -82.61   35.49    13.5    -2.2     5.6     5.6     0.0     8.29 C    18.6    -3.4     4.2    92.4    45.9    75.1 -99.000 -99.000   0.211   0.286   0.392     7.7     9.5     9.6    10.5    12.5
53877 20171205  2.422  -82.61   35.49    15.1     8.9    12.0    11.0     9.0     1.87 C    15.7     5.5     9.8    94.2    55.8    79.0 -99.000 -99.000   0.210   0.286   0.392     9.4    10.4    10.1    10.4    12.5
53877 20171206  2.422  -82.61   35.49     9.6     0.6     5.1     2.6     0.0     1.90 C     9.2     0.0     3.0    94.2    46.5    68.6 -99.000 -99.000   0.211   0.283   0.392     8.5    10.2    10.2    10.6    12.5
53877 20171207  2.422  -82.61   35.49     7.4    -2.3     2.5     2.2     0.0     6.37 C    12.5    -2.6     2.5    84.4    35.7    62.9 -99.000 -99.000   0.213   0.280   0.392     7.3     9.1     9.3    10.4    12.4
53877 20171208  2.422  -82.61   35.49     1.8    -0.9     0.4    -0.2    20.8     0.12 C     1.5    -1.5    -0.5    93.9    61.4    87.5 -99.000 -99.000   0.215   0.281   0.392     6.2     8.4     8.7    10.0    12.4
53877 20171209  2.422  -82.61   35.49     0.0    -4.0    -2.0    -1.2     4.0     0.46 C    -0.5    -9.0    -2.9    93.9    61.8    87.1 -99.000 -99.000   0.217   0.281   0.392     5.9     7.9     8.3     9.6    12.2
53877 20171210  2.422  -82.61   35.49     2.5    -7.6    -2.6    -3.2     0.0     9.00 C    -0.7   -15.5    -8.4    90.0    44.1    71.0 -99.000 -99.000   0.219   0.278   0.392     5.6     7.5     7.9     9.2    12.1
53877 20171211  2.422  -82.61   35.49    10.0    -8.4     0.8    -1.7     0.0     8.64 C     0.4   -13.3    -6.6    92.3    33.4    78.2 -99.000 -99.000   0.229   0.280   0.391     5.3     7.2     7.6     8.9    11.9
53877 20171212  2.422  -82.61   35.49 -9999.0 -9999.0 -9999.0 -9999.0 -9999.0 -9999.00 U -9999.0 -9999.0 -9999.0 -9999.0 -9999.0 -9999.0 -99.000 -99.000 -99.000 -99.000 -99.000 -9999.0 -9999.0 -9999.0 -9999.0 -9999.0
53877 20171213  2.422  -82.61   35.49     5.8    -6.8    -0.5    -2.2     0.0     8.08 C     9.4    -8.5    -3.1    83.3    30.0    49.0 -99.000 -99.000   0.260   0.459   0.443     3.9     5.8     6.3     8.1    11.4
53877 20171214  2.422  -82.61   35.49     9.6    -3.4     3.1     2.1     0.0     8.02 C    14.5    -5.6    -0.2    96.1    40.0    70.0 -99.000 -99.000   0.265   0.464   0.445     3.8     5.6     5.9     7.6    11.2
53877 20171215  2.422  -82.61   35.49     2.5    -3.9    -0.7    -1.3     0.0     4.57 C     7.5    -6.0    -1.4    97.5    65.8    80.2 -99.000 -99.000   0.264   0.470   0.447     3.4     5.4     5.7     7.4    11.0
53877 20171216  2.422  -82.61   35.49     8.4    -4.7     1.9     0.0     0.0     7.97 C    15.0    -6.9    -0.9    93.2    36.0    69.2 -99.000 -99.000   0.261   0.474   0.438     3.4     5.1     5.4     7.1    10.7
53877 20171217  2.422  -82.61   35.49     8.1    -4.8     1.6     0.5     0.0     3.05 C    14.0    -6.3     0.9    96.1    44.3    82.5 -99.000 -99.000   0.259   0.433   0.414     3.5     5.1     5.3     6.9    10.5
53877 20171218  2.422  -82.61   35.49    13.6    -1.6     6.0     4.4     0.0     5.77 C    20.9    -3.2     3.9    98.7    64.3    87.7 -99.000 -99.000   0.258   0.404   0.401     5.3     6.3     6.0     6.9    10.3
53877 20171219  2.422  -82.61   35.49    17.2    -1.2     8.0     5.7     0.0     4.43 C    17.9    -3.1     4.2    99.3    44.6    87.5 -99.000 -99.000   0.256   0.389   0.395     5.2     6.4     6.3     7.2    10.2
53877 20171220  2.422  -82.61   35.49    12.9     5.8     9.3     9.4    24.8     1.49 C    14.8     3.3     8.7    99.8    85.6    97.0 -99.000 -99.000   0.271   0.430   0.406     7.5     8.1     7.4     7.4    10.1
53877 20171221  2.422  -82.61   35.49    12.1     4.7     8.4     8.0     0.0     5.95 C    17.8     3.7     8.3    99.7    51.5    84.2 -99.000 -99.000   0.271   0.465   0.443     8.3     8.9     8.2     8.1     9.9
53877 20171222  2.422  -82.61   35.49    15.4     5.3    10.4     9.6     0.0     6.32 C    22.9     4.2    10.0    97.6    55.7    85.1 -99.000 -99.000   0.264   0.471   0.444     8.7     9.2     8.5     8.4     9.9
53877 20171223  2.422  -82.61   35.49    18.1     4.7    11.4    11.2     3.3     2.30 C    19.5     3.6    10.5    99.3    69.7    90.7 -99.000 -99.000   0.263   0.474   0.446     9.4    10.0     9.2     8.9    10.0
53877 20171224  2.422  -82.61   35.49    10.9     3.2     7.1     6.7     0.0     4.43 C    14.1     1.5     6.1    98.5    63.3    86.3 -99.000 -99.000   0.265   0.477   0.447     8.6     9.7     9.2     9.2    10.2
53877 20171225  2.422  -82.61   35.49     3.6    -4.8    -0.6    -2.7     0.0     4.24 C     3.0    -5.5    -2.4    66.4    39.7    52.1 -99.000 -99.000   0.263   0.468   0.448     5.8     7.9     8.1     9.1    10.3
53877 20171226  2.422  -82.61   35.49     7.7    -4.5     1.6    -0.1     0.0     8.04 C    14.2    -4.6     0.6    77.9    21.9    49.6 -99.000 -99.000   0.261   0.437   0.449     4.9     6.6     6.9     8.4    10.3
53877 20171227  2.422  -82.61   35.49     3.1    -6.0    -1.4    -1.5     0.0     4.53 C     6.4    -6.9    -1.7    85.3    46.2    65.6 -99.000 -99.000   0.258   0.414   0.450     3.9     5.9     6.2     7.9    10.3
53877 20171228  2.422  -82.61   35.49     2.1    -9.4    -3.7    -3.8     0.0     8.05 C     8.7    -9.9    -3.3    93.8    46.3    67.7 -99.000 -99.000   0.257   0.401   0.451     2.7     4.8     5.4     7.3    10.2
