2015	9.2
2015	10.2
2015	9.9
2015	18.3
2015	5.2
2015	7.2
2015	-0.9
2015	-0.2
2015	1.4
2015	4.4
2015	7.7
2015	9.2
2015	6.7
2015	4.9
2015	3.1
2015	8.6
2015	11.7
2015	11.4
2015	17.0
2015	18.2
2015	13.5
2015	11.8
2015	4.9
2015	5.5
2015	12.9
2015	4.2
2015	3.6
2015	7.6
2015	10.8
2015	6.0
2015	9.0
2015	10.0
2015	10.1
2015	7.1
2015	11.7
2015	4.0
2015	8.7
2015	17.9
2015	20.8
2015	11.0
2015	7.8
2015	13.2
2015	5.8
2015	2.2
2015	10.9
2015	-2.0
2015	0.7
2015	-0.8
2015	1.1
2015	-8.2
2015	0.0
2015	6.6
2015	14.5
2015	4.9
2015	0.8
2015	3.3
2015	2.7
2015	2.8
2015	4.4
2015	13.6
2015	11.0
2015	11.8
2015	25.9
2015	16.0
2015	6.9
2015	14.0
2015	19.1
2015	14.2
2015	19.3
2015	16.0
2015	18.9
2015	12.7
2015	21.0
2015	20.0
2015	25.4
2015	23.7
2015	15.6
2015	10.7
2015	14.9
2015	20.0
2015	18.3
2015	19.0
2015	21.1
2015	16.5
2015	22.8
2015	9.8
2015	6.2
2015	12.7
2015	16.9
2015	23.2
2015	21.7
2015	17.6
2015	24.9
2015	14.2
2015	16.2
2015	17.7
2015	18.9
2015	26.3
2015	28.9
2015	23.7
2015	21.5
2015	20.3
2015	16.7
2015	25.9
2015	15.0
2015	15.0
2015	22.3
2015	22.4
2015	18.0
2015	23.5
2015	17.7
2015	22.4
2015	18.1
2015	20.1
2015	23.8
2015	20.5
2015	16.9
2015	19.7
2015	16.9
2015	19.3
2015	15.0
2015	21.7
2015	24.0
2015	25.3
2015	25.4
2015	26.9
2015	25.8
2015	27.4
2015	26.8
2015	28.9
2015	29.3
2015	27.5
2015	25.6
2015	23.2
2015	24.8
2015	25.4
2015	23.8
2015	26.2
2015	26.5
2015	28.5
2015	23.6
2015	22.3
2015	24.3
2015	25.0
2015	26.7
2015	25.8
2015	25.9
2015	25.6
2015	25.9
2015	26.5
2015	26.7
2015	26.5
2015	23.3
2015	23.8
2015	24.6
2015	26.0
2015	27.6
2015	26.7
2015	28.5
2015	26.2
2015	28.8
2015	27.8
2015	26.9
2015	28.9
2015	30.1
2015	30.4
2015	31.2
2015	31.1
2015	30.9
2015	29.5
2015	28.5
2015	31.0
2015	30.7
2015	29.9
2015	31.4
2015	30.7
2015	31.8
2015	26.9
2015	24.1
2015	26.2
2015	27.3
2015	25.5
2015	24.7
2015	25.7
2015	25.8
2015	26.7
2015	27.7
2015	29.7
2015	30.9
2015	33.1
2015	32.3
2015	30.8
2015	29.0
2015	32.0
2015	23.8
2015	26.3
2015	28.9
2015	30.5
2015	30.0
2015	30.8
2015	31.4
2015	29.5
2015	29.3
2015	25.6
2015	27.3
2015	28.9
2015	30.2
2015	30.1
2015	30.8
2015	30.8
2015	30.8
2015	28.1
2015	28.7
2015	29.7
2015	30.6
2015	31.7
2015	32.2
2015	28.4
2015	28.1
2015	30.5
2015	29.6
2015	30.5
2015	29.0
2015	27.7
2015	28.2
2015	28.3
2015	26.1
2015	27.3
2015	27.0
2015	25.8
2015	29.3
2015	27.9
2015	27.6
2015	27.5
2015	25.7
2015	28.9
2015	26.3
2015	26.9
2015	26.3
2015	27.3
2015	28.0
2015	24.9
2015	27.9
2015	30.7
2015	30.7
2015	30.0
2015	31.6
2015	27.3
2015	29.0
2015	29.0
2015	27.5
2015	25.3
2015	25.8
2015	27.0
2015	22.7
2015	19.6
2015	24.0
2015	25.4
2015	23.9
2015	26.8
2015	27.9
2015	28.9
2015	28.7
2015	23.0
2015	26.1
2015	25.4
2015	24.4
2015	16.8
2015	17.5
2015	18.6
2015	22.5
2015	21.7
2015	25.4
2015	19.0
2015	15.0
2015	16.0
2015	20.0
2015	25.4
2015	24.7
2015	25.1
2015	23.6
2015	15.7
2015	20.6
2015	21.7
2015	23.0
2015	20.3
2015	20.9
2015	19.7
2015	15.7
2015	13.3
2015	15.7
2015	20.4
2015	22.4
2015	23.6
2015	24.6
2015	18.7
2015	21.8
2015	15.2
2015	10.6
2015	20.5
2015	17.7
2015	16.7
2015	14.0
2015	17.0
2015	16.1
2015	18.7
2015	18.9
2015	21.4
2015	25.5
2015	17.3
2015	10.6
2015	11.6
2015	17.0
2015	18.9
2015	22.0
2015	13.3
2015	12.5
2015	14.0
2015	17.7
2015	13.4
2015	15.6
2015	18.2
2015	13.1
2015	12.8
2015	7.5
2015	7.7
2015	12.8
2015	11.6
2015	15.9
2015	17.9
2015	18.0
2015	16.3
2015	12.9
2015	13.9
2015	15.1
2015	7.4
2015	11.6
2015	12.6
2015	13.9
2015	14.0
2015	14.5
2015	14.7
2015	17.5
2015	21.0
2015	21.0
2015	20.1
2015	19.2
2015	18.6
2015	18.4
2015	13.6
2015	8.9
2015	7.6
2015	10.5
2015	13.3
2015	18.2
2015	16.5
2015	18.5
2015	20.5
2015	23.2
2015	21.9
2015	19.1
2015	21.3
2015	16.3
2015	12.8
