2008	5.0
2008	-4.8
2008	0.3
2008	7.0
2008	12.8
2008	16.1
2008	19.5
2008	17.2
2008	16.2
2008	12.9
2008	13.3
2008	11.3
2008	9.4
2008	7.4
2008	2.0
2008	4.9
2008	3.1
2008	10.1
2008	2.3
2008	-3.0
2008	1.3
2008	7.6
2008	8.6
2008	3.2
2008	5.0
2008	9.2
2008	8.7
2008	14.9
2008	16.5
2008	9.8
2008	7.7
2008	10.2
2008	16.8
2008	16.7
2008	11.0
2008	22.4
2008	18.1
2008	11.1
2008	13.2
2008	15.6
2008	12.9
2008	12.1
2008	11.7
2008	8.2
2008	12.5
2008	15.5
2008	17.0
2008	14.0
2008	13.1
2008	7.4
2008	14.2
2008	4.5
2008	13.7
2008	11.6
2008	8.0
2008	16.4
2008	16.6
2008	0.6
2008	3.4
2008	10.2
2008	14.7
2008	17.5
2008	18.0
2008	16.5
2008	9.0
2008	18.0
2008	10.7
2008	12.8
2008	9.8
2008	16.0
2008	14.1
2008	17.7
2008	21.6
2008	18.2
2008	15.2
2008	11.9
2008	11.6
2008	12.0
2008	17.4
2008	11.1
2008	18.6
2008	21.4
2008	11.0
2008	5.9
2008	12.4
2008	20.2
2008	22.1
2008	22.5
2008	12.7
2008	6.7
2008	15.8
2008	26.4
2008	20.9
2008	12.3
2008	20.9
2008	15.2
2008	18.9
2008	19.5
2008	14.5
2008	23.3
2008	22.7
2008	24.1
2008	21.9
2008	10.8
2008	7.4
2008	13.6
2008	19.7
2008	23.9
2008	26.0
2008	18.8
2008	15.8
2008	19.6
2008	21.2
2008	23.7
2008	24.8
2008	25.0
2008	24.8
2008	18.7
2008	15.9
2008	12.0
2008	20.4
2008	23.8
2008	24.4
2008	20.2
2008	23.3
2008	23.5
2008	24.3
2008	24.9
2008	25.5
2008	26.1
2008	23.2
2008	21.4
2008	16.8
2008	22.4
2008	19.6
2008	19.2
2008	21.6
2008	22.1
2008	21.3
2008	23.0
2008	27.7
2008	21.4
2008	24.9
2008	27.0
2008	24.6
2008	25.8
2008	27.3
2008	27.6
2008	20.6
2008	25.6
2008	27.9
2008	30.3
2008	25.6
2008	28.0
2008	28.3
2008	33.2
2008	32.3
2008	32.9
2008	32.6
2008	33.5
2008	33.6
2008	31.2
2008	29.7
2008	28.7
2008	29.0
2008	26.5
2008	27.4
2008	29.6
2008	27.6
2008	23.8
2008	25.5
2008	24.7
2008	25.6
2008	26.7
2008	27.9
2008	28.2
2008	29.0
2008	29.2
2008	28.6
2008	29.9
2008	28.4
2008	25.0
2008	24.0
2008	26.6
2008	28.0
2008	28.3
2008	27.0
2008	26.2
2008	29.0
2008	27.0
2008	28.2
2008	24.4
2008	27.9
2008	30.7
2008	27.4
2008	27.3
2008	27.7
2008	27.6
2008	28.1
2008	29.7
2008	30.5
2008	30.6
2008	33.0
2008	32.9
2008	29.3
2008	28.7
2008	26.7
2008	27.4
2008	31.7
2008	31.6
2008	30.0
2008	31.2
2008	28.8
2008	30.3
2008	32.9
2008	31.1
2008	33.1
2008	33.3
2008	33.7
2008	29.9
2008	27.1
2008	28.1
2008	27.8
2008	27.6
2008	26.6
2008	25.2
2008	28.6
2008	28.7
2008	27.7
2008	27.9
2008	30.2
2008	31.5
2008	29.5
2008	28.3
2008	27.5
2008	27.3
2008	28.7
2008	23.9
2008	20.3
2008	25.8
2008	24.9
2008	28.0
2008	29.6
2008	29.7
2008	23.8
2008	27.8
2008	28.2
2008	27.5
2008	28.1
2008	27.8
2008	28.6
2008	29.2
2008	25.2
2008	27.1
2008	24.6
2008	26.6
2008	28.6
2008	29.1
2008	23.5
2008	17.3
2008	21.3
2008	24.5
2008	22.7
2008	23.0
2008	21.6
2008	24.5
2008	22.5
2008	22.0
2008	22.2
2008	17.4
2008	22.0
2008	23.6
2008	24.6
2008	24.6
2008	18.5
2008	17.1
2008	20.9
2008	22.7
2008	24.2
2008	24.5
2008	17.9
2008	14.7
2008	22.3
2008	21.0
2008	22.2
2008	22.0
2008	22.9
2008	25.7
2008	26.8
2008	24.2
2008	17.6
2008	12.4
2008	16.4
2008	18.4
2008	19.4
2008	18.3
2008	12.3
2008	10.6
2008	14.0
2008	17.9
2008	8.8
2008	5.6
2008	19.1
2008	20.2
2008	20.1
2008	18.9
2008	19.8
2008	20.9
2008	21.5
2008	22.7
2008	15.3
2008	10.8
2008	12.5
2008	12.2
2008	12.9
2008	16.4
2008	19.1
2008	16.2
2008	5.0
2008	11.3
2008	0.5
2008	7.3
2008	12.1
2008	1.8
2008	5.5
2008	9.9
2008	9.1
2008	6.5
2008	10.3
2008	14.2
2008	14.4
2008	8.3
2008	5.3
2008	2.6
2008	3.9
2008	9.9
2008	13.1
2008	3.9
2008	2.0
2008	1.7
2008	7.7
2008	12.8
2008	15.5
2008	16.5
2008	5.8
2008	8.5
2008	6.9
2008	14.5
2008	16.2
2008	18.4
2008	14.9
2008	19.6
2008	14.3
2008	11.2
2008	-3.0
2008	3.1
2008	14.7
2008	13.7
2008	10.9
2008	17.2
2008	15.9
2008	10.3
2008	17.4
2008	6.8
