2010	4.3
2010	-5.1
2010	-5.3
2010	-4.4
2010	-3.2
2010	-1.0
2010	4.2
2010	-2.0
2010	-3.0
2010	-1.4
2010	2.0
2010	-1.5
2010	8.7
2010	12.5
2010	14.5
2010	10.7
2010	10.0
2010	13.6
2010	14.6
2010	15.1
2010	8.8
2010	9.2
2010	4.7
2010	14.8
2010	12.4
2010	3.2
2010	5.3
2010	13.4
2010	3.5
2010	-1.6
2010	3.5
2010	8.0
2010	4.2
2010	5.7
2010	2.1
2010	1.7
2010	2.1
2010	1.8
2010	6.5
2010	5.3
2010	-0.6
2010	2.0
2010	0.2
2010	-0.4
2010	3.6
2010	5.3
2010	-0.9
2010	0.1
2010	3.1
2010	9.4
2010	13.2
2010	15.8
2010	14.7
2010	10.2
2010	2.3
2010	-1.4
2010	4.5
2010	5.0
2010	3.2
2010	6.5
2010	0.7
2010	1.2
2010	4.5
2010	5.7
2010	10.9
2010	14.2
2010	18.1
2010	19.7
2010	15.2
2010	11.2
2010	13.1
2010	9.8
2010	8.5
2010	8.3
2010	9.5
2010	10.0
2010	15.8
2010	19.2
2010	21.0
2010	13.3
2010	11.6
2010	15.1
2010	22.5
2010	17.6
2010	11.3
2010	13.0
2010	13.2
2010	13.6
2010	14.2
2010	22.0
2010	28.0
2010	28.7
2010	25.7
2010	25.7
2010	27.9
2010	32.5
2010	28.2
2010	18.9
2010	15.7
2010	20.2
2010	22.6
2010	24.3
2010	25.7
2010	24.7
2010	27.2
2010	26.5
2010	21.1
2010	18.1
2010	19.6
2010	13.2
2010	17.7
2010	22.3
2010	25.8
2010	20.0
2010	24.3
2010	18.1
2010	16.3
2010	16.1
2010	21.2
2010	27.7
2010	27.3
2010	27.0
2010	23.7
2010	25.4
2010	26.8
2010	27.8
2010	27.9
2010	21.8
2010	16.6
2010	15.2
2010	18.5
2010	23.9
2010	27.7
2010	28.0
2010	25.9
2010	25.1
2010	23.7
2010	24.5
2010	21.5
2010	23.0
2010	20.4
2010	25.4
2010	27.2
2010	23.7
2010	24.1
2010	26.5
2010	27.9
2010	27.5
2010	26.4
2010	26.9
2010	23.8
2010	25.7
2010	25.7
2010	28.3
2010	27.3
2010	28.7
2010	28.6
2010	24.8
2010	26.5
2010	27.5
2010	27.2
2010	29.4
2010	29.1
2010	31.1
2010	30.5
2010	30.1
2010	28.9
2010	29.0
2010	28.6
2010	29.8
2010	29.5
2010	30.7
2010	30.4
2010	31.6
2010	31.7
2010	30.0
2010	31.0
2010	30.5
2010	32.0
2010	27.2
2010	28.4
2010	24.5
2010	27.1
2010	29.0
2010	29.7
2010	31.1
2010	32.9
2010	33.4
2010	29.8
2010	29.7
2010	30.5
2010	24.8
2010	30.6
2010	29.0
2010	29.7
2010	31.1
2010	28.6
2010	28.5
2010	29.2
2010	31.1
2010	29.4
2010	30.1
2010	31.3
2010	32.5
2010	32.6
2010	31.1
2010	28.5
2010	30.0
2010	30.0
2010	29.0
2010	25.1
2010	27.4
2010	25.8
2010	30.8
2010	30.6
2010	31.8
2010	27.5
2010	28.5
2010	29.7
2010	30.5
2010	31.3
2010	31.3
2010	31.3
2010	31.6
2010	27.9
2010	29.9
2010	29.4
2010	27.0
2010	28.9
2010	29.5
2010	29.1
2010	22.5
2010	29.0
2010	27.8
2010	27.1
2010	27.4
2010	27.7
2010	27.6
2010	27.6
2010	28.2
2010	28.1
2010	29.6
2010	30.6
2010	30.1
2010	30.0
2010	23.5
2010	25.7
2010	27.0
2010	29.3
2010	22.6
2010	27.3
2010	28.5
2010	21.1
2010	25.2
2010	25.7
2010	28.1
2010	28.7
2010	27.7
2010	27.5
2010	27.2
2010	29.0
2010	28.9
2010	30.0
2010	28.1
2010	30.1
2010	28.9
2010	27.5
2010	18.3
2010	18.4
2010	19.8
2010	19.1
2010	20.6
2010	19.9
2010	21.3
2010	14.4
2010	13.6
2010	15.0
2010	18.8
2010	24.4
2010	24.5
2010	25.2
2010	26.3
2010	25.9
2010	24.5
2010	22.8
2010	17.7
2010	19.6
2010	19.3
2010	23.6
2010	22.3
2010	22.9
2010	19.2
2010	22.0
2010	20.2
2010	23.4
2010	23.0
2010	18.7
2010	23.9
2010	24.1
2010	19.6
2010	16.1
2010	19.3
2010	20.9
2010	17.0
2010	13.5
2010	15.2
2010	11.1
2010	7.7
2010	6.4
2010	11.1
2010	17.2
2010	20.5
2010	22.2
2010	22.0
2010	20.2
2010	18.6
2010	12.0
2010	15.4
2010	12.2
2010	13.0
2010	14.0
2010	16.9
2010	18.3
2010	20.6
2010	21.6
2010	16.9
2010	21.4
2010	16.5
2010	7.3
2010	8.1
2010	6.3
2010	17.0
2010	9.3
2010	4.0
2010	9.2
2010	4.6
2010	3.2
2010	-0.6
2010	-3.0
2010	1.1
2010	5.5
2010	8.3
2010	9.3
2010	3.4
2010	-6.1
2010	-5.2
2010	-0.6
2010	7.5
2010	5.4
2010	3.0
2010	2.4
2010	3.3
2010	5.3
2010	10.1
2010	1.6
2010	7.2
2010	-0.1
2010	-2.3
2010	-2.0
2010	3.1
2010	7.2
2010	11.5
