2005	19.1
2005	17.5
2005	18.2
2005	20.4
2005	17.9
2005	17.4
2005	13.7
2005	14.7
2005	15.8
2005	15.3
2005	17.8
2005	19.0
2005	18.1
2005	10.2
2005	7.8
2005	8.8
2005	-2.6
2005	0.4
2005	2.3
2005	7.0
2005	11.3
2005	4.8
2005	-6.0
2005	4.8
2005	14.0
2005	16.4
2005	6.6
2005	0.6
2005	0.3
2005	5.8
2005	4.8
2005	5.8
2005	2.6
2005	4.7
2005	8.7
2005	15.2
2005	12.9
2005	14.5
2005	17.0
2005	12.7
2005	7.6
2005	5.4
2005	14.2
2005	7.3
2005	10.2
2005	15.9
2005	16.2
2005	7.3
2005	8.0
2005	11.5
2005	5.4
2005	16.2
2005	19.1
2005	19.3
2005	11.1
2005	9.7
2005	13.3
2005	6.7
2005	4.5
2005	1.1
2005	5.5
2005	8.6
2005	14.1
2005	14.5
2005	16.2
2005	19.7
2005	9.8
2005	7.5
2005	9.8
2005	12.4
2005	19.6
2005	23.7
2005	11.1
2005	11.5
2005	4.8
2005	2.9
2005	11.4
2005	13.4
2005	16.7
2005	15.6
2005	9.6
2005	21.4
2005	16.4
2005	20.9
2005	21.2
2005	12.2
2005	12.1
2005	20.3
2005	23.9
2005	18.4
2005	14.8
2005	14.0
2005	15.1
2005	22.6
2005	24.4
2005	22.5
2005	15.9
2005	19.0
2005	21.4
2005	25.0
2005	25.4
2005	17.0
2005	11.4
2005	17.1
2005	20.6
2005	19.1
2005	22.0
2005	23.8
2005	25.3
2005	25.2
2005	24.5
2005	22.1
2005	11.7
2005	9.0
2005	17.9
2005	13.6
2005	15.1
2005	16.4
2005	21.3
2005	19.8
2005	16.4
2005	16.4
2005	16.7
2005	18.3
2005	13.4
2005	20.2
2005	22.6
2005	25.3
2005	27.1
2005	22.9
2005	26.3
2005	28.9
2005	25.2
2005	25.7
2005	17.2
2005	20.4
2005	23.1
2005	24.6
2005	24.4
2005	20.9
2005	21.8
2005	23.6
2005	25.5
2005	19.4
2005	18.4
2005	23.1
2005	24.4
2005	21.6
2005	21.0
2005	21.3
2005	22.9
2005	17.8
2005	16.5
2005	19.4
2005	27.4
2005	28.6
2005	29.4
2005	27.9
2005	25.8
2005	27.0
2005	26.6
2005	23.3
2005	22.7
2005	27.4
2005	30.3
2005	28.4
2005	26.1
2005	24.6
2005	23.4
2005	24.9
2005	20.2
2005	22.9
2005	25.2
2005	27.3
2005	27.4
2005	27.4
2005	22.6
2005	28.2
2005	25.8
2005	28.0
2005	29.3
2005	29.2
2005	25.9
2005	25.7
2005	25.8
2005	28.9
2005	25.5
2005	23.8
2005	26.3
2005	28.5
2005	27.8
2005	25.3
2005	27.7
2005	25.8
2005	27.5
2005	28.1
2005	28.1
2005	29.8
2005	28.7
2005	28.8
2005	28.5
2005	29.2
2005	29.6
2005	29.9
2005	28.3
2005	31.7
2005	32.4
2005	31.6
2005	27.2
2005	23.3
2005	25.9
2005	25.2
2005	27.5
2005	28.3
2005	29.1
2005	29.6
2005	29.2
2005	27.8
2005	20.8
2005	22.1
2005	27.0
2005	27.9
2005	29.8
2005	29.8
2005	30.1
2005	29.0
2005	30.9
2005	30.0
2005	28.5
2005	26.2
2005	28.8
2005	29.6
2005	30.1
2005	28.5
2005	25.9
2005	27.0
2005	26.0
2005	25.7
2005	25.8
2005	28.4
2005	25.1
2005	25.8
2005	26.3
2005	26.1
2005	27.3
2005	26.3
2005	26.3
2005	23.7
2005	23.7
2005	25.3
2005	26.2
2005	26.8
2005	26.3
2005	25.7
2005	26.9
2005	27.5
2005	26.5
2005	28.7
2005	23.7
2005	27.1
2005	27.1
2005	28.7
2005	28.7
2005	27.6
2005	27.7
2005	28.0
2005	27.5
2005	25.5
2005	22.2
2005	25.4
2005	24.2
2005	22.2
2005	21.1
2005	25.5
2005	23.6
2005	25.2
2005	25.0
2005	23.3
2005	19.6
2005	21.4
2005	20.4
2005	21.6
2005	21.3
2005	24.0
2005	23.4
2005	23.9
2005	21.8
2005	23.2
2005	19.6
2005	20.6
2005	24.1
2005	26.0
2005	24.9
2005	24.5
2005	17.0
2005	18.3
2005	9.2
2005	10.0
2005	11.8
2005	12.8
2005	13.0
2005	14.8
2005	20.5
2005	21.0
2005	19.5
2005	16.9
2005	20.3
2005	23.0
2005	21.8
2005	24.7
2005	22.2
2005	23.2
2005	24.8
2005	16.8
2005	16.2
2005	17.6
2005	18.6
2005	22.6
2005	21.1
2005	19.1
2005	4.9
2005	8.9
2005	11.9
2005	10.8
2005	11.0
2005	4.9
2005	10.1
2005	16.9
2005	9.0
2005	12.7
2005	9.2
2005	16.5
2005	20.0
2005	9.1
2005	9.4
2005	6.3
2005	5.3
2005	18.6
2005	7.2
2005	5.4
2005	7.0
2005	3.2
2005	2.9
2005	8.4
2005	6.3
2005	6.9
2005	0.2
2005	1.3
2005	5.5
2005	3.9
2005	10.2
2005	5.3
2005	4.2
2005	4.2
2005	9.4
2005	12.7
2005	14.4
2005	10.5
2005	7.1
2005	13.4
2005	13.2
2005	5.6
2005	12.1
2005	11.8
