2014	7.4
2014	7.4
2014	-3.0
2014	7.1
2014	9.9
2014	9.9
2014	-7.5
2014	7.1
2014	8.1
2014	9.9
2014	14.3
2014	11.3
2014	12.4
2014	11.5
2014	2.3
2014	4.8
2014	10.0
2014	1.2
2014	8.5
2014	15.4
2014	7.5
2014	-3.4
2014	-1.1
2014	-3.4
2014	2.5
2014	11.6
2014	10.5
2014	-5.0
2014	-3.2
2014	3.5
2014	10.4
2014	16.4
2014	18.3
2014	14.8
2014	5.7
2014	13.7
2014	1.0
2014	7.1
2014	11.1
2014	12.4
2014	2.6
2014	0.5
2014	-1.2
2014	2.8
2014	12.1
2014	3.6
2014	12.1
2014	9.3
2014	16.4
2014	20.5
2014	20.9
2014	17.2
2014	16.6
2014	20.0
2014	10.8
2014	11.1
2014	5.1
2014	7.9
2014	7.1
2014	14.0
2014	20.8
2014	10.5
2014	6.6
2014	14.5
2014	4.7
2014	11.3
2014	18.2
2014	16.5
2014	19.4
2014	23.1
2014	21.5
2014	5.1
2014	15.2
2014	18.8
2014	8.1
2014	4.2
2014	8.9
2014	12.9
2014	15.1
2014	17.8
2014	19.4
2014	8.8
2014	11.2
2014	5.1
2014	6.0
2014	14.5
2014	16.0
2014	16.5
2014	11.5
2014	22.5
2014	26.2
2014	27.0
2014	27.1
2014	23.0
2014	16.1
2014	14.0
2014	13.4
2014	11.6
2014	15.7
2014	21.4
2014	23.3
2014	24.6
2014	25.1
2014	18.9
2014	15.0
2014	13.5
2014	15.6
2014	11.8
2014	12.7
2014	20.5
2014	23.9
2014	19.0
2014	19.6
2014	22.2
2014	24.8
2014	25.3
2014	27.2
2014	25.3
2014	22.5
2014	21.4
2014	18.9
2014	19.3
2014	22.3
2014	27.8
2014	30.1
2014	29.0
2014	27.9
2014	28.5
2014	24.1
2014	19.8
2014	27.4
2014	27.1
2014	28.8
2014	26.0
2014	21.1
2014	17.0
2014	16.8
2014	15.3
2014	20.4
2014	24.1
2014	27.9
2014	27.4
2014	26.8
2014	24.9
2014	24.8
2014	27.3
2014	26.0
2014	27.6
2014	25.6
2014	26.2
2014	24.3
2014	22.3
2014	24.4
2014	24.9
2014	29.1
2014	25.9
2014	26.4
2014	26.9
2014	28.4
2014	28.4
2014	29.6
2014	26.4
2014	22.7
2014	26.0
2014	26.8
2014	27.8
2014	27.7
2014	29.4
2014	29.5
2014	30.4
2014	28.6
2014	28.2
2014	28.7
2014	27.0
2014	26.0
2014	27.2
2014	27.6
2014	27.1
2014	24.8
2014	27.6
2014	27.0
2014	30.2
2014	30.6
2014	28.2
2014	24.5
2014	25.3
2014	26.2
2014	28.7
2014	29.9
2014	25.2
2014	24.7
2014	28.5
2014	28.3
2014	29.4
2014	30.2
2014	25.9
2014	24.2
2014	25.0
2014	19.4
2014	18.6
2014	25.0
2014	24.2
2014	25.5
2014	27.6
2014	27.5
2014	26.6
2014	28.3
2014	29.2
2014	26.0
2014	23.6
2014	24.0
2014	20.2
2014	22.8
2014	24.7
2014	26.9
2014	24.2
2014	26.9
2014	27.4
2014	28.0
2014	23.1
2014	26.6
2014	21.3
2014	27.3
2014	27.2
2014	23.1
2014	25.7
2014	26.1
2014	26.6
2014	27.6
2014	26.8
2014	27.3
2014	30.0
2014	29.4
2014	30.5
2014	29.8
2014	25.5
2014	25.7
2014	27.1
2014	28.2
2014	30.6
2014	29.6
2014	28.9
2014	28.8
2014	30.0
2014	28.4
2014	29.0
2014	27.1
2014	28.0
2014	28.4
2014	27.8
2014	22.4
2014	27.3
2014	24.9
2014	26.9
2014	27.4
2014	24.2
2014	18.6
2014	24.4
2014	25.4
2014	22.8
2014	23.4
2014	23.8
2014	26.7
2014	21.3
2014	19.1
2014	20.5
2014	22.2
2014	22.2
2014	22.2
2014	21.7
2014	18.8
2014	24.4
2014	24.5
2014	24.9
2014	22.3
2014	14.7
2014	16.3
2014	20.9
2014	20.1
2014	24.7
2014	25.0
2014	25.5
2014	23.1
2014	16.8
2014	20.7
2014	19.8
2014	16.5
2014	15.4
2014	22.0
2014	18.4
2014	18.5
2014	19.7
2014	18.7
2014	13.2
2014	17.9
2014	21.0
2014	23.8
2014	25.4
2014	25.0
2014	16.9
2014	16.4
2014	12.1
2014	3.7
2014	7.8
2014	17.2
2014	21.7
2014	17.3
2014	20.1
2014	10.0
2014	14.6
2014	16.8
2014	17.7
2014	21.4
2014	17.1
2014	7.4
2014	0.4
2014	5.9
2014	13.2
2014	12.3
2014	-1.3
2014	5.9
2014	12.7
2014	10.4
2014	13.7
2014	12.9
2014	21.9
2014	12.8
2014	9.4
2014	4.0
2014	5.1
2014	14.3
2014	19.0
2014	20.4
2014	13.6
2014	18.5
2014	13.9
2014	9.5
2014	15.9
2014	11.0
2014	3.8
2014	5.4
2014	4.8
2014	5.2
2014	10.4
2014	13.7
2014	12.3
2014	14.1
2014	17.2
2014	8.8
2014	11.5
2014	10.1
2014	7.3
2014	8.8
2014	6.5
2014	10.1
2014	13.9
2014	8.4
2014	14.3
2014	15.1
2014	15.0
2014	12.2
2014	7.1
2014	5.4
