2012	17.4
2012	4.0
2012	-3.6
2012	7.7
2012	10.9
2012	16.2
2012	15.3
2012	10.9
2012	9.1
2012	11.0
2012	11.4
2012	12.8
2012	-0.8
2012	5.8
2012	5.5
2012	8.0
2012	17.8
2012	8.9
2012	6.3
2012	13.1
2012	11.1
2012	8.5
2012	11.0
2012	14.4
2012	17.0
2012	17.4
2012	15.8
2012	13.2
2012	9.4
2012	13.7
2012	18.3
2012	13.7
2012	15.4
2012	14.1
2012	14.3
2012	16.4
2012	11.0
2012	11.9
2012	9.5
2012	9.1
2012	9.6
2012	2.6
2012	0.9
2012	8.5
2012	10.0
2012	16.8
2012	13.5
2012	14.9
2012	15.7
2012	7.5
2012	11.5
2012	12.0
2012	19.8
2012	21.7
2012	22.7
2012	8.9
2012	11.9
2012	16.9
2012	18.4
2012	18.5
2012	14.0
2012	5.8
2012	7.0
2012	13.3
2012	15.6
2012	18.0
2012	12.2
2012	15.4
2012	17.3
2012	16.0
2012	22.2
2012	24.3
2012	25.3
2012	24.2
2012	22.6
2012	22.6
2012	25.1
2012	26.7
2012	23.4
2012	22.3
2012	20.7
2012	19.7
2012	14.7
2012	21.3
2012	20.4
2012	25.4
2012	24.8
2012	23.7
2012	22.5
2012	24.6
2012	26.4
2012	24.9
2012	23.5
2012	22.7
2012	16.8
2012	20.5
2012	22.6
2012	22.8
2012	20.6
2012	13.0
2012	16.3
2012	19.0
2012	22.1
2012	25.5
2012	28.1
2012	23.9
2012	12.6
2012	20.1
2012	21.0
2012	20.2
2012	16.7
2012	10.5
2012	13.8
2012	22.2
2012	22.7
2012	22.8
2012	22.0
2012	26.9
2012	27.8
2012	29.1
2012	28.5
2012	28.3
2012	27.3
2012	25.2
2012	26.1
2012	24.8
2012	23.9
2012	17.1
2012	19.1
2012	21.4
2012	20.2
2012	15.5
2012	23.4
2012	20.1
2012	24.1
2012	25.5
2012	24.2
2012	25.2
2012	25.4
2012	25.5
2012	23.8
2012	22.1
2012	26.0
2012	29.0
2012	28.8
2012	27.6
2012	27.3
2012	27.1
2012	27.3
2012	27.6
2012	23.6
2012	19.1
2012	24.7
2012	24.9
2012	22.7
2012	20.3
2012	24.1
2012	26.0
2012	26.1
2012	20.5
2012	25.1
2012	27.6
2012	28.0
2012	26.4
2012	24.8
2012	25.1
2012	25.9
2012	27.2
2012	28.8
2012	29.8
2012	30.1
2012	28.8
2012	29.8
2012	31.0
2012	31.2
2012	28.3
2012	28.8
2012	34.6
2012	36.2
2012	37.0
2012	37.1
2012	30.0
2012	31.2
2012	31.3
2012	32.6
2012	32.0
2012	33.9
2012	33.1
2012	29.2
2012	27.7
2012	23.0
2012	20.0
2012	27.0
2012	28.7
2012	29.3
2012	29.8
2012	30.3
2012	30.0
2012	28.9
2012	26.2
2012	27.4
2012	30.3
2012	29.8
2012	30.5
2012	30.2
2012	31.2
2012	30.6
2012	30.6
2012	28.4
2012	29.2
2012	23.8
2012	29.3
2012	30.1
2012	28.9
2012	26.6
2012	28.8
2012	28.0
2012	25.6
2012	29.3
2012	27.6
2012	27.0
2012	24.2
2012	26.0
2012	27.1
2012	28.1
2012	26.8
2012	27.3
2012	23.5
2012	24.2
2012	23.5
2012	25.2
2012	25.1
2012	25.9
2012	26.5
2012	25.4
2012	27.3
2012	28.5
2012	28.6
2012	27.8
2012	28.1
2012	26.5
2012	30.1
2012	30.3
2012	28.1
2012	25.4
2012	24.9
2012	28.1
2012	27.8
2012	29.8
2012	27.7
2012	22.8
2012	24.7
2012	24.2
2012	24.7
2012	23.4
2012	25.4
2012	26.3
2012	24.0
2012	20.4
2012	20.2
2012	21.5
2012	22.8
2012	24.2
2012	26.4
2012	20.9
2012	20.4
2012	23.8
2012	26.6
2012	24.8
2012	26.0
2012	22.1
2012	20.0
2012	15.6
2012	23.2
2012	22.9
2012	24.0
2012	21.7
2012	14.0
2012	9.5
2012	15.6
2012	16.3
2012	19.7
2012	19.7
2012	17.5
2012	18.8
2012	20.9
2012	18.7
2012	20.4
2012	18.9
2012	19.5
2012	16.3
2012	19.9
2012	23.6
2012	24.4
2012	24.9
2012	22.8
2012	23.0
2012	19.0
2012	11.1
2012	7.2
2012	5.2
2012	12.1
2012	12.7
2012	18.0
2012	20.4
2012	16.5
2012	13.2
2012	6.2
2012	6.7
2012	12.3
2012	17.2
2012	21.2
2012	18.5
2012	17.3
2012	10.7
2012	9.4
2012	13.7
2012	14.3
2012	14.3
2012	13.0
2012	16.3
2012	16.7
2012	17.1
2012	18.0
2012	16.1
2012	5.6
2012	11.5
2012	17.0
2012	10.4
2012	10.0
2012	13.9
2012	15.6
2012	16.7
2012	18.6
2012	20.9
2012	19.8
2012	14.4
2012	10.9
2012	16.8
2012	19.3
2012	19.3
2012	15.1
2012	6.3
2012	5.6
2012	11.7
2012	14.2
2012	14.8
2012	10.2
2012	12.3
2012	10.5
2012	15.3
2012	9.8
2012	3.3
2012	6.6
2012	7.5
2012	10.0
2012	9.8
2012	7.4
2012	2.0
2012	6.7
2012	8.1
2012	3.5
2012	9.3
