2017	13.1
2017	12.2
2017	16.1
2017	11.6
2017	7.2
2017	1.3
2017	-4.0
2017	-5.4
2017	1.0
2017	6.3
2017	15.2
2017	20.1
2017	18.7
2017	14.2
2017	17.5
2017	15.8
2017	17.5
2017	17.3
2017	17.3
2017	18.6
2017	11.4
2017	13.0
2017	11.4
2017	10.0
2017	21.6
2017	12.1
2017	4.0
2017	9.0
2017	7.1
2017	6.5
2017	17.8
2017	20.0
2017	9.4
2017	5.6
2017	5.6
2017	13.7
2017	21.0
2017	20.0
2017	18.4
2017	10.6
2017	12.8
2017	18.9
2017	25.2
2017	13.7
2017	14.3
2017	9.2
2017	11.2
2017	18.9
2017	14.6
2017	15.6
2017	21.2
2017	15.8
2017	14.0
2017	20.9
2017	22.0
2017	17.3
2017	10.9
2017	12.5
2017	20.9
2017	22.8
2017	10.5
2017	8.0
2017	14.4
2017	14.6
2017	16.0
2017	16.2
2017	17.2
2017	21.6
2017	15.4
2017	4.0
2017	9.8
2017	6.1
2017	3.9
2017	-0.4
2017	7.0
2017	15.5
2017	18.2
2017	8.7
2017	19.6
2017	25.8
2017	13.5
2017	14.8
2017	18.6
2017	18.6
2017	20.6
2017	23.2
2017	21.5
2017	24.0
2017	15.8
2017	20.0
2017	17.6
2017	22.2
2017	16.8
2017	24.8
2017	15.3
2017	15.3
2017	12.5
2017	17.2
2017	22.9
2017	24.4
2017	25.9
2017	24.4
2017	25.1
2017	26.8
2017	26.2
2017	24.1
2017	24.7
2017	16.3
2017	19.7
2017	22.3
2017	26.3
2017	23.8
2017	12.9
2017	13.2
2017	21.9
2017	26.9
2017	18.7
2017	26.9
2017	30.0
2017	25.5
2017	23.9
2017	24.2
2017	24.2
2017	19.9
2017	16.4
2017	13.9
2017	16.7
2017	20.6
2017	27.1
2017	27.5
2017	26.1
2017	21.1
2017	20.6
2017	24.4
2017	26.9
2017	29.5
2017	28.6
2017	26.3
2017	28.0
2017	28.7
2017	18.9
2017	22.7
2017	19.1
2017	20.4
2017	17.8
2017	24.5
2017	26.9
2017	24.9
2017	25.0
2017	25.2
2017	25.5
2017	25.5
2017	26.6
2017	27.8
2017	24.0
2017	25.9
2017	25.0
2017	24.3
2017	20.9
2017	24.3
2017	26.6
2017	27.5
2017	28.3
2017	29.3
2017	28.6
2017	28.0
2017	26.5
2017	26.6
2017	28.0
2017	27.1
2017	24.6
2017	25.6
2017	21.7
2017	29.2
2017	25.9
2017	22.4
2017	25.4
2017	22.5
2017	25.3
2017	27.9
2017	25.0
2017	29.1
2017	27.2
2017	28.1
2017	27.8
2017	30.6
2017	29.9
2017	28.5
2017	29.2
2017	27.3
2017	28.9
2017	30.3
2017	30.1
2017	31.9
2017	31.8
2017	27.1
2017	28.7
2017	28.9
2017	30.5
2017	30.5
2017	31.2
2017	32.1
2017	32.4
2017	31.0
2017	29.2
2017	31.1
2017	28.9
2017	28.3
2017	24.9
2017	26.2
2017	26.8
2017	27.3
2017	27.4
2017	26.2
2017	27.6
2017	27.9
2017	25.9
2017	28.1
2017	24.4
2017	25.3
2017	24.3
2017	22.3
2017	23.9
2017	28.3
2017	27.8
2017	27.8
2017	28.2
2017	30.2
2017	30.7
2017	29.2
2017	28.8
2017	30.1
2017	29.9
2017	30.4
2017	27.8
2017	26.9
2017	25.8
2017	27.0
2017	25.1
2017	21.1
2017	25.5
2017	26.9
2017	20.2
2017	24.0
2017	21.3
2017	24.8
2017	26.4
2017	27.3
2017	19.0
2017	20.2
2017	22.1
2017	22.3
2017	17.2
2017	14.2
2017	17.4
2017	21.8
2017	22.9
2017	22.8
2017	26.1
2017	26.9
2017	26.3
2017	27.0
2017	27.8
2017	27.9
2017	28.1
2017	27.5
2017	26.4
2017	26.8
2017	27.5
2017	28.9
2017	28.4
2017	24.7
2017	23.5
2017	19.0
2017	21.9
2017	21.5
2017	24.8
2017	26.0
2017	25.3
2017	23.6
2017	22.3
2017	26.9
2017	25.7
2017	27.8
2017	27.2
2017	23.0
2017	25.5
2017	26.6
2017	17.0
2017	17.7
2017	18.9
2017	22.4
2017	24.9
2017	22.6
2017	20.3
2017	18.7
2017	16.4
2017	12.1
2017	16.1
2017	21.2
2017	13.4
2017	6.3
2017	13.7
2017	18.1
2017	19.6
2017	22.3
2017	22.2
2017	19.5
2017	22.5
2017	20.8
2017	18.3
2017	13.4
2017	13.2
2017	12.4
2017	9.5
2017	9.3
2017	11.6
2017	12.1
2017	12.7
2017	16.0
2017	17.4
2017	17.2
2017	12.9
2017	12.5
2017	14.7
2017	12.7
2017	13.0
2017	15.7
2017	15.4
2017	12.8
2017	15.6
2017	16.1
2017	17.6
2017	16.6
2017	17.1
2017	16.0
2017	16.2
2017	13.5
2017	15.1
2017	9.6
2017	7.4
2017	1.8
2017	0.0
2017	2.5
2017	10.0
2017	5.8
2017	9.6
2017	2.5
2017	8.4
2017	8.1
2017	13.6
2017	17.2
2017	12.9
2017	12.1
2017	15.4
2017	18.1
2017	10.9
2017	3.6
2017	7.7
2017	3.1
2017	2.1
