2013	5.2
2013	6.2
2013	4.2
2013	5.4
2013	9.4
2013	8.3
2013	10.7
2013	12.0
2013	9.8
2013	17.1
2013	12.6
2013	20.8
2013	20.7
2013	16.3
2013	12.0
2013	14.5
2013	10.7
2013	8.3
2013	12.6
2013	13.9
2013	10.5
2013	0.0
2013	5.7
2013	5.5
2013	0.4
2013	8.1
2013	6.3
2013	18.5
2013	20.7
2013	17.0
2013	7.0
2013	5.5
2013	5.6
2013	8.1
2013	11.4
2013	13.7
2013	14.1
2013	7.1
2013	10.4
2013	13.6
2013	10.1
2013	14.4
2013	11.0
2013	12.4
2013	11.7
2013	14.9
2013	1.2
2013	2.4
2013	11.8
2013	11.7
2013	7.8
2013	15.1
2013	4.5
2013	12.3
2013	12.6
2013	7.2
2013	4.2
2013	13.6
2013	6.4
2013	3.3
2013	5.6
2013	0.4
2013	10.7
2013	10.8
2013	2.3
2013	5.4
2013	10.9
2013	16.8
2013	17.8
2013	12.6
2013	11.0
2013	9.0
2013	7.6
2013	20.3
2013	24.1
2013	22.2
2013	8.4
2013	14.1
2013	12.5
2013	3.0
2013	9.1
2013	12.6
2013	8.0
2013	3.8
2013	4.5
2013	6.4
2013	10.9
2013	14.0
2013	16.4
2013	18.4
2013	17.9
2013	12.5
2013	14.5
2013	8.9
2013	13.6
2013	18.8
2013	20.3
2013	23.2
2013	26.8
2013	28.5
2013	24.2
2013	20.1
2013	21.4
2013	20.3
2013	18.8
2013	24.6
2013	24.0
2013	23.9
2013	19.1
2013	13.8
2013	15.9
2013	17.9
2013	21.6
2013	22.4
2013	18.7
2013	19.0
2013	12.4
2013	11.3
2013	21.8
2013	23.0
2013	18.4
2013	17.9
2013	15.1
2013	12.8
2013	10.9
2013	17.8
2013	20.2
2013	20.6
2013	23.8
2013	25.7
2013	23.9
2013	17.1
2013	16.7
2013	22.3
2013	28.7
2013	24.6
2013	27.2
2013	20.1
2013	24.0
2013	26.9
2013	27.2
2013	24.6
2013	24.7
2013	18.0
2013	22.9
2013	22.6
2013	25.6
2013	27.1
2013	27.4
2013	26.5
2013	27.2
2013	26.4
2013	21.0
2013	25.0
2013	26.0
2013	26.0
2013	25.0
2013	26.9
2013	25.8
2013	26.0
2013	24.4
2013	26.9
2013	31.0
2013	30.8
2013	24.4
2013	26.5
2013	27.3
2013	25.4
2013	24.2
2013	25.5
2013	25.9
2013	26.8
2013	26.7
2013	25.9
2013	27.5
2013	27.7
2013	28.3
2013	28.9
2013	29.4
2013	26.8
2013	27.5
2013	25.1
2013	27.4
2013	24.2
2013	22.8
2013	26.3
2013	26.1
2013	26.4
2013	27.7
2013	29.6
2013	29.0
2013	25.0
2013	26.7
2013	23.5
2013	23.4
2013	27.5
2013	30.0
2013	29.2
2013	28.7
2013	29.2
2013	28.1
2013	27.3
2013	27.6
2013	27.7
2013	28.1
2013	27.6
2013	27.5
2013	26.2
2013	26.4
2013	26.3
2013	26.0
2013	24.1
2013	26.2
2013	27.6
2013	26.8
2013	26.4
2013	27.4
2013	27.6
2013	22.9
2013	25.4
2013	28.4
2013	26.7
2013	28.3
2013	29.0
2013	27.5
2013	23.5
2013	20.0
2013	22.0
2013	20.3
2013	23.5
2013	22.2
2013	25.3
2013	23.5
2013	27.7
2013	27.3
2013	25.4
2013	24.5
2013	25.6
2013	26.8
2013	28.2
2013	29.2
2013	26.8
2013	28.4
2013	28.9
2013	27.0
2013	26.1
2013	27.1
2013	26.9
2013	25.6
2013	26.2
2013	26.8
2013	27.7
2013	28.2
2013	28.8
2013	26.3
2013	24.0
2013	22.4
2013	24.0
2013	24.9
2013	20.6
2013	19.2
2013	24.8
2013	25.5
2013	20.0
2013	21.1
2013	22.5
2013	22.8
2013	16.6
2013	20.9
2013	22.5
2013	20.4
2013	20.7
2013	22.1
2013	23.8
2013	24.6
2013	24.2
2013	25.4
2013	26.5
2013	25.1
2013	17.5
2013	18.8
2013	21.4
2013	21.2
2013	22.4
2013	21.8
2013	21.7
2013	19.8
2013	19.1
2013	19.9
2013	20.1
2013	20.4
2013	17.0
2013	17.5
2013	18.7
2013	18.4
2013	11.5
2013	7.8
2013	13.9
2013	17.1
2013	14.8
2013	19.4
2013	22.4
2013	18.0
2013	24.2
2013	14.6
2013	13.2
2013	12.8
2013	13.7
2013	18.7
2013	12.9
2013	11.1
2013	12.9
2013	18.6
2013	16.5
2013	11.3
2013	6.2
2013	13.7
2013	10.4
2013	15.8
2013	14.8
2013	17.2
2013	10.8
2013	9.3
2013	9.7
2013	18.1
2013	13.1
2013	1.5
2013	4.3
2013	6.2
2013	6.1
2013	7.3
2013	11.0
2013	7.7
2013	13.3
2013	12.6
2013	14.3
2013	18.8
2013	21.1
2013	22.0
2013	10.0
2013	5.9
2013	10.5
2013	7.7
2013	8.8
2013	3.3
2013	9.1
2013	5.8
2013	5.3
2013	11.3
2013	14.6
2013	7.6
2013	15.2
2013	17.6
2013	17.6
2013	19.0
2013	12.9
2013	1.7
2013	3.1
2013	8.1
2013	9.2
2013	6.3
2013	11.8
2013	5.7
2013	4.2
