2011	12.8
2011	11.8
2011	7.1
2011	10.1
2011	4.2
2011	4.2
2011	6.0
2011	-1.3
2011	-0.7
2011	-1.9
2011	1.1
2011	-3.0
2011	-1.6
2011	2.0
2011	6.4
2011	8.7
2011	4.8
2011	8.3
2011	8.4
2011	8.3
2011	0.6
2011	2.0
2011	4.7
2011	7.6
2011	3.3
2011	5.3
2011	6.1
2011	10.0
2011	17.3
2011	19.7
2011	9.1
2011	6.0
2011	9.1
2011	5.9
2011	4.2
2011	13.5
2011	9.7
2011	7.6
2011	3.5
2011	5.1
2011	3.6
2011	6.5
2011	10.2
2011	15.3
2011	19.6
2011	13.8
2011	16.2
2011	18.0
2011	21.6
2011	15.9
2011	14.0
2011	23.2
2011	16.8
2011	14.5
2011	14.1
2011	17.8
2011	15.6
2011	22.7
2011	24.5
2011	14.6
2011	16.5
2011	14.2
2011	10.9
2011	12.0
2011	12.3
2011	11.0
2011	11.0
2011	8.4
2011	10.0
2011	7.2
2011	19.7
2011	20.6
2011	16.2
2011	8.8
2011	11.3
2011	27.3
2011	21.7
2011	14.8
2011	25.9
2011	26.5
2011	24.4
2011	14.1
2011	15.3
2011	8.6
2011	9.2
2011	7.6
2011	11.6
2011	9.3
2011	7.8
2011	10.2
2011	15.6
2011	23.0
2011	28.4
2011	13.3
2011	24.1
2011	25.8
2011	29.0
2011	28.6
2011	27.6
2011	19.6
2011	19.0
2011	21.1
2011	19.7
2011	19.8
2011	20.1
2011	24.6
2011	27.8
2011	24.7
2011	21.1
2011	13.7
2011	28.0
2011	28.7
2011	26.6
2011	24.0
2011	23.5
2011	21.0
2011	21.0
2011	23.5
2011	22.9
2011	24.6
2011	24.7
2011	14.5
2011	17.7
2011	19.3
2011	21.8
2011	25.5
2011	26.3
2011	27.7
2011	27.4
2011	27.6
2011	22.4
2011	19.6
2011	15.1
2011	10.4
2011	13.7
2011	20.4
2011	22.3
2011	27.1
2011	29.4
2011	28.3
2011	29.6
2011	29.0
2011	26.8
2011	22.5
2011	26.4
2011	29.5
2011	30.7
2011	31.2
2011	30.8
2011	30.2
2011	29.2
2011	30.0
2011	31.3
2011	29.5
2011	31.4
2011	31.6
2011	31.5
2011	30.5
2011	31.0
2011	29.0
2011	26.8
2011	25.4
2011	24.1
2011	25.6
2011	29.1
2011	24.9
2011	27.2
2011	30.0
2011	28.9
2011	23.9
2011	28.1
2011	27.3
2011	27.2
2011	29.1
2011	29.8
2011	27.4
2011	28.5
2011	29.6
2011	30.7
2011	30.5
2011	29.7
2011	26.8
2011	28.5
2011	29.3
2011	30.5
2011	28.6
2011	31.6
2011	31.0
2011	31.4
2011	26.5
2011	21.0
2011	22.1
2011	26.8
2011	29.8
2011	30.3
2011	32.0
2011	31.7
2011	30.7
2011	32.0
2011	30.9
2011	29.3
2011	29.7
2011	31.4
2011	31.6
2011	32.1
2011	32.4
2011	30.7
2011	31.3
2011	32.2
2011	33.2
2011	31.5
2011	31.2
2011	28.9
2011	31.5
2011	33.1
2011	30.3
2011	30.6
2011	28.7
2011	29.7
2011	29.0
2011	28.4
2011	25.0
2011	27.7
2011	28.0
2011	28.6
2011	30.5
2011	30.9
2011	29.4
2011	28.6
2011	26.8
2011	29.0
2011	31.7
2011	31.2
2011	27.9
2011	28.3
2011	29.0
2011	28.5
2011	30.5
2011	31.9
2011	32.6
2011	31.9
2011	29.3
2011	22.2
2011	23.4
2011	19.7
2011	21.9
2011	23.7
2011	24.8
2011	25.4
2011	25.2
2011	26.6
2011	28.4
2011	23.0
2011	14.5
2011	20.0
2011	17.5
2011	19.1
2011	19.4
2011	22.1
2011	24.0
2011	25.2
2011	23.0
2011	26.6
2011	26.0
2011	25.4
2011	23.9
2011	24.0
2011	21.0
2011	11.6
2011	13.7
2011	18.2
2011	21.6
2011	25.4
2011	22.7
2011	22.9
2011	21.5
2011	17.9
2011	20.5
2011	15.1
2011	23.0
2011	21.5
2011	20.3
2011	21.4
2011	26.3
2011	27.1
2011	25.2
2011	18.4
2011	11.9
2011	13.5
2011	16.9
2011	18.8
2011	20.4
2011	23.2
2011	22.9
2011	22.1
2011	10.8
2011	8.6
2011	13.0
2011	12.7
2011	16.5
2011	17.2
2011	16.2
2011	12.0
2011	13.1
2011	16.3
2011	19.2
2011	18.8
2011	16.9
2011	10.6
2011	9.5
2011	17.2
2011	14.5
2011	21.2
2011	20.3
2011	20.4
2011	10.6
2011	9.2
2011	14.9
2011	21.0
2011	20.0
2011	20.6
2011	15.0
2011	17.5
2011	19.6
2011	17.8
2011	16.8
2011	15.2
2011	5.1
2011	6.8
2011	13.5
2011	13.8
2011	12.3
2011	11.7
2011	13.2
2011	17.5
2011	14.8
2011	9.4
2011	10.2
2011	6.2
2011	6.3
2011	11.1
2011	15.8
2011	19.3
2011	19.6
2011	11.8
2011	7.4
2011	8.9
2011	14.6
2011	14.6
2011	18.4
2011	18.2
2011	12.0
2011	10.5
2011	7.2
2011	11.6
2011	10.7
2011	6.6
2011	10.8
2011	15.9
2011	13.6
