2001	23.7
2001	27.6
2001	26.5
2001	27.5
2001	25.3
2001	24.2
2001	25.1
2001	25.1
2001	27.7
2001	27.8
2001	28.8
2001	28.5
2001	25.1
2001	23.0
2001	23.8
2001	27.1
2001	27.4
2001	28.4
2001	27.1
2001	27.8
2001	26.2
2001	27.9
2001	27.4
2001	27.0
2001	25.2
2001	29.3
2001	26.2
2001	29.3
2001	29.9
2001	27.1
2001	26.1
2001	25.4
2001	26.2
2001	27.3
2001	28.2
2001	26.7
2001	26.1
2001	22.8
2001	24.0
2001	27.4
2001	28.4
2001	25.0
2001	25.0
2001	27.2
2001	22.7
2001	28.9
2001	27.7
2001	27.1
2001	27.4
2001	26.3
2001	24.6
2001	27.7
2001	28.1
2001	30.5
2001	30.2
2001	30.1
2001	28.9
2001	30.4
2001	28.0
2001	25.3
2001	27.8
2001	26.9
2001	27.6
2001	28.3
2001	28.2
2001	30.3
2001	25.8
2001	26.1
2001	28.0
2001	29.9
2001	27.6
2001	26.7
2001	27.9
2001	27.5
2001	25.9
2001	28.1
2001	24.8
2001	22.8
2001	23.8
2001	21.4
2001	26.2
2001	27.9
2001	27.3
2001	26.3
2001	26.4
2001	24.6
2001	25.9
2001	26.5
2001	24.4
2001	26.0
2001	25.0
2001	20.4
2001	21.6
2001	22.8
2001	24.0
2001	20.2
2001	22.6
2001	25.0
2001	24.5
2001	26.2
2001	17.4
2001	13.8
2001	17.1
2001	20.6
2001	19.0
2001	18.5
2001	17.9
2001	21.1
2001	22.9
2001	23.4
2001	23.6
2001	23.6
2001	15.0
2001	15.0
2001	15.3
2001	15.6
2001	17.3
2001	19.3
2001	19.6
2001	20.2
2001	21.8
2001	19.6
2001	16.5
2001	16.1
2001	19.5
2001	21.8
2001	23.9
2001	24.3
2001	25.0
2001	26.9
2001	19.9
2001	13.7
2001	6.3
2001	12.6
2001	17.5
2001	20.2
2001	18.2
2001	18.9
2001	21.8
2001	21.0
2001	19.9
2001	18.4
2001	18.3
2001	21.7
2001	21.2
2001	20.0
2001	20.4
2001	17.2
2001	14.3
2001	13.0
2001	16.8
2001	18.5
2001	20.4
2001	20.7
2001	18.4
2001	18.6
2001	10.2
2001	12.2
2001	14.2
2001	12.8
2001	16.4
2001	21.4
2001	20.8
2001	21.9
2001	20.6
2001	19.5
2001	19.1
2001	19.5
2001	17.4
2001	17.9
2001	20.4
2001	20.4
2001	20.6
2001	18.7
2001	12.4
2001	8.3
2001	14.7
2001	10.6
2001	14.2
2001	21.6
2001	16.1
2001	11.8
2001	12.8
2001	12.1
2001	15.0
2001	7.5
2001	8.7
2001	11.2
2001	11.6
2001	4.4
2001	4.4
2001	1.1
2001	4.2
2001	11.0
2001	11.9
2001	2.5
2001	1.4
