2006	15.6
2006	10.3
2006	8.3
2006	15.5
2006	7.6
2006	3.2
2006	6.0
2006	17.1
2006	19.0
2006	16.7
2006	18.5
2006	18.3
2006	16.1
2006	4.0
2006	9.7
2006	16.1
2006	12.3
2006	8.9
2006	15.1
2006	15.6
2006	13.1
2006	10.8
2006	12.2
2006	13.3
2006	8.7
2006	7.0
2006	9.9
2006	16.1
2006	14.4
2006	15.2
2006	6.2
2006	10.7
2006	10.3
2006	17.6
2006	13.8
2006	3.4
2006	6.4
2006	7.5
2006	6.5
2006	1.6
2006	9.4
2006	2.1
2006	1.0
2006	1.4
2006	13.1
2006	15.8
2006	17.3
2006	15.2
2006	3.2
2006	2.6
2006	8.9
2006	12.5
2006	13.6
2006	11.5
2006	13.3
2006	12.0
2006	8.6
2006	11.6
2006	18.9
2006	23.2
2006	22.1
2006	10.7
2006	11.0
2006	16.1
2006	13.1
2006	11.1
2006	17.5
2006	18.4
2006	24.8
2006	22.2
2006	25.2
2006	24.7
2006	17.9
2006	12.9
2006	15.0
2006	16.3
2006	12.0
2006	11.7
2006	5.7
2006	10.6
2006	7.6
2006	11.1
2006	5.3
2006	5.1
2006	7.5
2006	14.3
2006	18.4
2006	18.7
2006	18.9
2006	23.3
2006	25.3
2006	23.2
2006	23.1
2006	15.9
2006	18.5
2006	20.3
2006	28.8
2006	17.3
2006	16.0
2006	20.1
2006	22.2
2006	22.3
2006	25.0
2006	29.6
2006	28.7
2006	30.1
2006	29.5
2006	21.6
2006	22.5
2006	22.6
2006	17.7
2006	20.2
2006	23.4
2006	26.3
2006	26.3
2006	17.1
2006	17.5
2006	21.1
2006	14.6
2006	15.2
2006	20.9
2006	23.6
2006	23.9
2006	24.9
2006	21.7
2006	21.0
2006	13.0
2006	16.0
2006	17.1
2006	22.7
2006	20.4
2006	18.9
2006	21.1
2006	20.6
2006	15.5
2006	16.5
2006	17.4
2006	21.2
2006	21.6
2006	23.3
2006	24.5
2006	18.3
2006	23.1
2006	26.2
2006	23.4
2006	27.7
2006	27.3
2006	28.2
2006	28.2
2006	29.8
2006	28.8
2006	27.5
2006	21.6
2006	21.2
2006	23.3
2006	19.5
2006	23.5
2006	24.4
2006	25.7
2006	24.9
2006	29.6
2006	28.9
2006	25.8
2006	19.9
2006	25.4
2006	25.5
2006	26.7
2006	27.5
2006	26.8
2006	25.2
2006	28.9
2006	30.6
2006	31.0
2006	26.0
2006	27.2
2006	23.6
2006	19.8
2006	24.7
2006	26.0
2006	26.4
2006	25.1
2006	27.8
2006	29.3
2006	29.3
2006	28.5
2006	23.6
2006	23.1
2006	22.5
2006	22.8
2006	24.0
2006	26.9
2006	25.6
2006	26.9
2006	28.9
2006	26.5
2006	27.1
2006	26.6
2006	26.6
2006	28.1
2006	29.2
2006	28.2
2006	27.5
2006	24.8
2006	23.4
2006	24.7
2006	24.9
2006	25.9
2006	25.4
2006	28.1
2006	21.7
2006	26.2
2006	28.1
2006	29.4
2006	29.9
2006	28.7
2006	29.9
2006	26.2
2006	27.9
2006	28.4
2006	28.1
2006	28.2
2006	28.3
2006	24.1
2006	19.4
2006	22.8
2006	25.0
2006	24.5
2006	22.1
2006	24.2
2006	25.7
2006	26.2
2006	22.3
2006	23.4
2006	22.4
2006	22.6
2006	23.1
2006	23.9
2006	24.8
2006	25.7
2006	25.8
2006	27.2
2006	24.5
2006	21.4
2006	20.0
2006	20.5
2006	21.1
2006	21.5
2006	16.8
2006	19.1
2006	17.7
2006	18.3
2006	19.4
2006	19.9
2006	17.6
2006	13.9
2006	12.3
2006	15.1
2006	17.8
2006	18.8
2006	19.9
2006	23.0
2006	22.1
2006	17.5
2006	19.1
2006	18.7
2006	25.0
2006	22.1
2006	19.9
2006	19.5
2006	21.0
2006	21.6
2006	15.6
2006	20.9
2006	22.4
2006	22.6
2006	24.1
2006	25.0
2006	26.4
2006	18.1
2006	16.4
2006	17.1
2006	22.8
2006	23.7
2006	22.6
2006	19.3
2006	12.9
2006	16.0
2006	18.2
2006	13.0
2006	16.1
2006	24.8
2006	19.6
2006	15.6
2006	16.8
2006	19.5
2006	6.8
2006	6.3
2006	12.8
2006	16.1
2006	13.5
2006	14.2
2006	20.4
2006	21.9
2006	18.6
2006	21.5
2006	13.5
2006	7.6
2006	10.8
2006	13.4
2006	13.1
2006	10.3
2006	15.9
2006	20.6
2006	24.6
2006	22.0
2006	8.7
2006	19.1
2006	16.9
2006	13.6
2006	15.0
2006	8.6
2006	13.8
2006	7.8
2006	4.7
2006	7.0
2006	14.2
2006	16.7
2006	19.0
2006	19.7
2006	20.7
2006	19.3
2006	15.9
2006	19.2
2006	17.7
2006	22.2
2006	12.6
2006	9.9
2006	2.9
2006	8.5
2006	12.3
2006	7.8
2006	0.1
2006	8.1
2006	11.5
2006	16.3
2006	13.4
2006	17.0
2006	15.3
2006	17.6
2006	20.3
2006	20.2
2006	19.6
2006	16.3
2006	9.0
2006	10.4
2006	13.4
2006	13.7
2006	14.5
2006	10.5
2006	9.3
2006	7.5
2006	12.2
2006	14.8
2006	11.5
2006	15.6
