2009	5.4
2009	7.8
2009	14.6
2009	19.1
2009	17.4
2009	16.8
2009	16.2
2009	6.3
2009	10.4
2009	14.2
2009	8.4
2009	7.3
2009	8.3
2009	7.6
2009	-0.6
2009	-6.1
2009	0.8
2009	6.2
2009	2.7
2009	-4.1
2009	0.0
2009	9.1
2009	17.7
2009	9.3
2009	9.1
2009	11.7
2009	13.9
2009	15.2
2009	8.3
2009	2.9
2009	6.5
2009	14.3
2009	10.8
2009	4.7
2009	-6.3
2009	-0.1
2009	12.8
2009	19.1
2009	18.6
2009	18.9
2009	18.2
2009	15.7
2009	14.4
2009	16.0
2009	12.3
2009	13.0
2009	5.6
2009	9.7
2009	17.8
2009	7.8
2009	2.8
2009	10.1
2009	1.9
2009	2.7
2009	9.5
2009	12.0
2009	18.1
2009	12.5
2009	9.7
2009	3.7
2009	-1.3
2009	3.5
2009	8.9
2009	15.4
2009	20.9
2009	26.0
2009	26.6
2009	23.6
2009	21.4
2009	24.1
2009	12.2
2009	6.3
2009	5.5
2009	12.7
2009	13.0
2009	18.6
2009	19.0
2009	19.3
2009	12.4
2009	13.5
2009	18.6
2009	18.4
2009	18.8
2009	11.0
2009	14.7
2009	13.2
2009	14.5
2009	14.8
2009	17.0
2009	13.8
2009	19.6
2009	16.5
2009	16.7
2009	20.1
2009	23.8
2009	14.9
2009	5.0
2009	14.5
2009	21.1
2009	16.5
2009	12.3
2009	18.2
2009	12.0
2009	17.2
2009	12.1
2009	18.2
2009	22.0
2009	23.3
2009	15.1
2009	20.1
2009	17.8
2009	16.9
2009	25.2
2009	29.1
2009	29.4
2009	27.8
2009	25.7
2009	24.8
2009	24.4
2009	22.7
2009	24.6
2009	20.8
2009	22.5
2009	21.8
2009	24.5
2009	20.8
2009	25.9
2009	24.9
2009	26.8
2009	23.9
2009	14.0
2009	21.4
2009	20.2
2009	24.7
2009	24.3
2009	24.9
2009	16.0
2009	17.2
2009	19.4
2009	23.3
2009	22.4
2009	22.9
2009	23.4
2009	23.2
2009	24.1
2009	22.7
2009	22.9
2009	24.1
2009	24.8
2009	24.8
2009	27.1
2009	27.5
2009	29.1
2009	27.2
2009	22.7
2009	21.8
2009	25.7
2009	27.1
2009	27.4
2009	29.0
2009	27.2
2009	27.0
2009	25.6
2009	27.8
2009	26.5
2009	27.3
2009	27.7
2009	26.8
2009	29.5
2009	31.2
2009	27.8
2009	27.6
2009	27.5
2009	27.1
2009	28.8
2009	29.2
2009	30.0
2009	29.5
2009	26.5
2009	27.6
2009	27.4
2009	26.9
2009	23.8
2009	26.5
2009	24.5
2009	26.6
2009	26.9
2009	22.5
2009	24.1
2009	25.4
2009	26.4
2009	28.2
2009	25.7
2009	27.1
2009	27.5
2009	28.0
2009	26.7
2009	22.7
2009	22.5
2009	22.9
2009	24.9
2009	24.8
2009	26.1
2009	26.7
2009	28.8
2009	27.3
2009	27.2
2009	27.9
2009	26.4
2009	27.1
2009	24.4
2009	28.6
2009	25.8
2009	27.1
2009	27.8
2009	26.9
2009	25.8
2009	27.8
2009	28.3
2009	29.2
2009	29.6
2009	29.3
2009	24.9
2009	27.5
2009	26.8
2009	28.0
2009	26.8
2009	27.5
2009	27.4
2009	26.1
2009	26.4
2009	27.7
2009	25.8
2009	24.4
2009	25.9
2009	27.0
2009	27.4
2009	27.6
2009	24.0
2009	26.2
2009	24.8
2009	19.9
2009	21.8
2009	22.8
2009	24.9
2009	25.6
2009	27.0
2009	24.7
2009	25.8
2009	25.7
2009	23.0
2009	20.2
2009	23.3
2009	25.0
2009	25.5
2009	25.7
2009	23.8
2009	21.3
2009	20.6
2009	24.1
2009	24.6
2009	19.4
2009	19.3
2009	25.1
2009	26.2
2009	27.5
2009	27.2
2009	19.0
2009	22.5
2009	25.1
2009	17.4
2009	18.1
2009	20.3
2009	20.5
2009	20.7
2009	17.8
2009	15.2
2009	20.9
2009	21.4
2009	22.5
2009	26.9
2009	18.7
2009	19.5
2009	14.4
2009	20.8
2009	14.2
2009	13.7
2009	12.5
2009	6.6
2009	7.6
2009	15.9
2009	20.9
2009	22.7
2009	21.4
2009	19.3
2009	20.2
2009	17.9
2009	17.0
2009	11.4
2009	20.5
2009	20.3
2009	15.0
2009	19.8
2009	12.0
2009	17.6
2009	17.3
2009	17.1
2009	14.5
2009	16.8
2009	20.1
2009	23.4
2009	17.3
2009	12.5
2009	11.0
2009	12.9
2009	19.6
2009	22.9
2009	22.5
2009	20.6
2009	15.9
2009	11.1
2009	17.6
2009	14.8
2009	7.3
2009	12.0
2009	12.7
2009	14.7
2009	11.6
2009	11.4
2009	15.2
2009	17.3
2009	11.1
2009	13.0
2009	12.7
2009	7.8
2009	7.3
2009	3.8
2009	4.3
2009	10.9
2009	6.8
2009	18.2
2009	4.5
2009	0.6
2009	3.3
2009	14.4
2009	16.5
2009	12.1
2009	7.3
2009	9.3
2009	1.3
2009	5.3
2009	9.4
