2003	15.5
2003	13.9
2003	6.4
2003	3.4
2003	11.7
2003	4.3
2003	5.3
2003	18.7
2003	18.6
2003	9.3
2003	3.0
2003	1.9
2003	5.2
2003	10.7
2003	1.9
2003	2.5
2003	-1.1
2003	-1.2
2003	3.6
2003	15.5
2003	8.4
2003	7.0
2003	-3.7
2003	-1.6
2003	4.8
2003	4.7
2003	0.2
2003	13.8
2003	8.8
2003	5.7
2003	4.9
2003	8.4
2003	19.5
2003	22.7
2003	14.5
2003	6.4
2003	4.4
2003	2.1
2003	0.4
2003	6.3
2003	8.6
2003	10.3
2003	9.5
2003	10.8
2003	6.3
2003	17.9
2003	5.1
2003	2.0
2003	7.7
2003	13.6
2003	10.1
2003	8.5
2003	15.4
2003	12.0
2003	16.5
2003	10.6
2003	5.1
2003	5.2
2003	13.6
2003	15.3
2003	13.4
2003	10.6
2003	13.1
2003	23.0
2003	18.5
2003	9.2
2003	18.1
2003	19.2
2003	11.9
2003	15.7
2003	22.2
2003	25.1
2003	13.6
2003	11.6
2003	15.3
2003	15.2
2003	13.7
2003	13.1
2003	13.8
2003	22.1
2003	17.4
2003	17.9
2003	20.4
2003	22.8
2003	20.0
2003	16.7
2003	17.9
2003	18.6
2003	3.8
2003	7.3
2003	20.9
2003	25.0
2003	25.5
2003	23.3
2003	23.1
2003	18.9
2003	11.5
2003	8.6
2003	8.3
2003	6.4
2003	9.5
2003	20.6
2003	22.1
2003	23.9
2003	24.6
2003	24.0
2003	21.2
2003	13.7
2003	18.5
2003	21.3
2003	21.5
2003	15.1
2003	19.2
2003	20.4
2003	13.4
2003	20.0
2003	23.7
2003	24.5
2003	26.7
2003	26.6
2003	23.9
2003	25.1
2003	23.2
2003	22.3
2003	15.7
2003	19.6
2003	23.0
2003	28.2
2003	30.4
2003	30.6
2003	25.1
2003	22.0
2003	22.2
2003	21.6
2003	23.3
2003	24.7
2003	17.9
2003	15.0
2003	16.0
2003	20.5
2003	17.6
2003	16.7
2003	21.2
2003	21.6
2003	23.1
2003	22.0
2003	21.3
2003	22.2
2003	21.0
2003	21.9
2003	27.2
2003	20.6
2003	22.1
2003	23.5
2003	26.4
2003	22.0
2003	23.9
2003	21.2
2003	27.0
2003	25.4
2003	27.0
2003	28.3
2003	26.8
2003	26.4
2003	26.3
2003	27.7
2003	26.3
2003	23.1
2003	22.2
2003	25.1
2003	24.7
2003	22.1
2003	24.7
2003	26.9
2003	28.6
2003	29.1
2003	28.3
2003	26.7
2003	23.4
2003	28.2
2003	24.4
2003	19.4
2003	20.9
2003	27.0
2003	29.3
2003	28.1
2003	26.5
2003	25.6
2003	29.4
2003	28.7
2003	26.9
2003	25.3
2003	27.3
2003	25.8
2003	25.7
2003	28.3
2003	29.9
2003	27.9
2003	28.9
2003	27.7
2003	28.8
2003	29.3
2003	27.2
2003	24.4
2003	24.4
2003	26.6
2003	27.9
2003	28.5
2003	29.0
2003	26.0
2003	25.5
2003	26.9
2003	26.8
2003	25.4
2003	22.5
2003	19.1
2003	18.0
2003	16.1
2003	13.3
2003	11.7
2003	24.7
2003	27.4
2003	29.1
2003	29.3
2003	26.8
2003	28.8
2003	28.3
2003	27.4
2003	28.4
2003	28.5
2003	28.0
2003	29.4
2003	25.8
2003	28.9
2003	31.1
2003	30.6
2003	27.6
2003	28.0
2003	26.6
2003	26.8
2003	27.8
2003	27.7
2003	26.0
2003	24.6
2003	25.2
2003	22.8
2003	22.0
2003	24.0
2003	23.9
2003	23.6
2003	23.5
2003	24.3
2003	26.3
2003	26.0
2003	22.8
2003	23.7
2003	23.5
2003	24.2
2003	25.6
2003	27.0
2003	25.0
2003	19.6
2003	22.5
2003	22.6
2003	24.8
2003	24.8
2003	25.1
2003	19.5
2003	15.0
2003	18.1
2003	16.1
2003	14.4
2003	12.9
2003	20.0
2003	20.3
2003	18.6
2003	21.7
2003	17.6
2003	18.0
2003	18.8
2003	20.8
2003	22.2
2003	22.5
2003	23.2
2003	16.6
2003	19.5
2003	18.1
2003	18.8
2003	22.0
2003	22.7
2003	14.3
2003	20.0
2003	15.1
2003	14.7
2003	11.1
2003	17.1
2003	23.8
2003	24.7
2003	25.3
2003	26.3
2003	25.4
2003	23.4
2003	22.8
2003	24.5
2003	20.6
2003	16.3
2003	11.4
2003	15.6
2003	22.4
2003	24.1
2003	13.6
2003	9.8
2003	10.7
2003	16.7
2003	20.9
2003	18.5
2003	19.3
2003	16.7
2003	19.9
2003	21.4
2003	20.7
2003	15.6
2003	9.9
2003	12.8
2003	15.0
2003	17.3
2003	2.4
2003	14.2
2003	14.4
2003	8.9
2003	3.9
2003	1.6
2003	3.5
2003	2.3
2003	6.4
2003	12.1
2003	12.5
2003	10.3
2003	3.7
2003	7.9
2003	4.4
2003	3.5
2003	11.3
2003	10.2
2003	7.0
2003	6.6
2003	1.8
2003	-2.2
2003	8.8
2003	13.1
2003	12.4
2003	9.0
2003	2.9
2003	9.2
2003	16.0
2003	15.0
2003	13.7
2003	11.6
2003	13.6
