2007	17.1
2007	11.8
2007	12.8
2007	17.2
2007	17.0
2007	18.2
2007	11.8
2007	10.6
2007	4.5
2007	4.0
2007	7.5
2007	13.4
2007	18.2
2007	18.7
2007	20.0
2007	11.2
2007	2.6
2007	2.1
2007	7.1
2007	6.9
2007	3.6
2007	6.1
2007	3.1
2007	6.9
2007	3.2
2007	8.6
2007	14.9
2007	6.8
2007	0.7
2007	8.3
2007	3.9
2007	1.4
2007	8.1
2007	3.3
2007	3.9
2007	0.7
2007	6.5
2007	11.2
2007	6.2
2007	2.4
2007	3.8
2007	10.4
2007	17.3
2007	10.1
2007	4.9
2007	0.5
2007	0.9
2007	4.1
2007	4.1
2007	11.5
2007	13.8
2007	17.6
2007	11.5
2007	13.6
2007	11.9
2007	13.7
2007	15.5
2007	17.5
2007	13.2
2007	13.8
2007	14.5
2007	3.3
2007	13.9
2007	14.4
2007	19.0
2007	18.4
2007	14.1
2007	18.9
2007	18.0
2007	19.4
2007	23.3
2007	24.3
2007	20.5
2007	13.2
2007	5.2
2007	7.9
2007	17.5
2007	21.5
2007	16.1
2007	21.8
2007	24.4
2007	25.3
2007	27.4
2007	23.9
2007	24.8
2007	25.6
2007	14.5
2007	18.7
2007	23.9
2007	20.7
2007	25.0
2007	26.2
2007	21.7
2007	10.2
2007	9.8
2007	3.0
2007	8.7
2007	10.2
2007	14.3
2007	10.1
2007	19.2
2007	17.2
2007	19.3
2007	16.6
2007	14.5
2007	19.5
2007	19.3
2007	15.9
2007	18.0
2007	22.4
2007	24.5
2007	24.9
2007	25.5
2007	27.8
2007	21.7
2007	23.7
2007	18.2
2007	23.5
2007	28.5
2007	30.1
2007	28.2
2007	23.3
2007	17.3
2007	16.0
2007	24.4
2007	21.3
2007	24.3
2007	24.8
2007	28.0
2007	28.4
2007	22.5
2007	26.1
2007	22.4
2007	26.2
2007	22.7
2007	20.4
2007	15.5
2007	21.4
2007	25.6
2007	27.2
2007	27.9
2007	25.9
2007	24.6
2007	26.9
2007	29.3
2007	28.6
2007	28.5
2007	29.5
2007	29.4
2007	29.6
2007	28.5
2007	23.9
2007	23.4
2007	27.7
2007	28.0
2007	27.6
2007	30.5
2007	32.6
2007	28.3
2007	30.3
2007	25.3
2007	27.2
2007	25.4
2007	25.9
2007	24.4
2007	25.8
2007	29.4
2007	31.6
2007	29.8
2007	27.5
2007	30.1
2007	29.9
2007	30.9
2007	29.1
2007	28.0
2007	28.9
2007	30.9
2007	30.0
2007	29.7
2007	30.3
2007	29.9
2007	20.4
2007	26.4
2007	28.6
2007	30.3
2007	30.0
2007	28.2
2007	31.2
2007	32.0
2007	30.0
2007	27.1
2007	28.5
2007	21.6
2007	26.1
2007	27.7
2007	29.9
2007	27.9
2007	28.6
2007	30.2
2007	27.2
2007	26.9
2007	25.3
2007	24.8
2007	22.4
2007	25.8
2007	27.2
2007	28.3
2007	22.8
2007	26.3
2007	27.9
2007	28.5
2007	29.0
2007	29.0
2007	29.7
2007	30.6
2007	28.9
2007	30.7
2007	31.7
2007	32.6
2007	33.2
2007	32.6
2007	30.8
2007	29.3
2007	30.2
2007	30.2
2007	32.5
2007	33.9
2007	32.3
2007	32.0
2007	31.1
2007	31.7
2007	33.8
2007	32.9
2007	32.5
2007	33.0
2007	31.9
2007	30.2
2007	29.0
2007	30.8
2007	31.0
2007	28.4
2007	27.7
2007	26.2
2007	25.9
2007	28.7
2007	30.0
2007	30.4
2007	29.3
2007	28.6
2007	30.1
2007	30.9
2007	29.1
2007	28.4
2007	28.2
2007	24.9
2007	22.8
2007	21.5
2007	21.3
2007	23.0
2007	23.9
2007	25.3
2007	22.1
2007	22.6
2007	28.5
2007	29.0
2007	29.1
2007	28.6
2007	28.0
2007	26.8
2007	24.2
2007	24.0
2007	22.4
2007	22.8
2007	23.8
2007	22.9
2007	21.2
2007	24.5
2007	25.8
2007	27.2
2007	27.4
2007	28.1
2007	24.7
2007	14.7
2007	16.5
2007	20.2
2007	23.7
2007	24.1
2007	20.4
2007	23.4
2007	22.3
2007	23.2
2007	20.7
2007	22.7
2007	17.9
2007	22.7
2007	18.8
2007	18.2
2007	20.0
2007	16.9
2007	15.3
2007	15.2
2007	18.9
2007	19.3
2007	20.4
2007	18.2
2007	17.9
2007	16.6
2007	19.8
2007	12.1
2007	8.3
2007	10.1
2007	16.0
2007	10.9
2007	14.2
2007	20.0
2007	17.5
2007	23.0
2007	14.7
2007	8.2
2007	13.1
2007	17.3
2007	18.9
2007	20.0
2007	20.8
2007	17.3
2007	4.2
2007	5.3
2007	8.1
2007	16.5
2007	11.4
2007	14.8
2007	13.7
2007	13.0
2007	15.9
2007	16.5
2007	6.8
2007	14.9
2007	4.0
2007	11.2
2007	19.6
2007	15.8
2007	22.5
2007	22.6
2007	21.5
2007	18.9
2007	14.7
2007	8.3
2007	5.3
2007	4.0
2007	7.2
2007	8.5
2007	7.2
2007	5.3
2007	8.0
2007	16.7
2007	9.6
2007	9.6
2007	11.5
2007	15.5
2007	11.4
2007	12.4
2007	10.4
2007	10.9
