2002	2.3
2002	-1.5
2002	-0.5
2002	5.2
2002	10.2
2002	4.3
2002	1.1
2002	3.6
2002	17.0
2002	17.1
2002	12.6
2002	9.3
2002	9.8
2002	9.1
2002	9.4
2002	9.8
2002	13.9
2002	6.7
2002	4.8
2002	8.6
2002	14.3
2002	12.1
2002	11.4
2002	12.9
2002	9.9
2002	14.8
2002	16.2
2002	21.1
2002	22.5
2002	23.9
2002	23.2
2002	21.3
2002	8.5
2002	4.8
2002	4.1
2002	4.4
2002	2.9
2002	5.5
2002	14.4
2002	15.2
2002	16.6
2002	6.8
2002	12.0
2002	10.2
2002	9.5
2002	13.5
2002	12.6
2002	7.7
2002	13.3
2002	14.9
2002	12.0
2002	15.8
2002	5.6
2002	10.0
2002	16.3
2002	17.7
2002	18.0
2002	-2.1
2002	2.7
2002	8.9
2002	6.4
2002	9.4
2002	-1.9
2002	9.6
2002	15.8
2002	17.7
2002	18.6
2002	17.6
2002	8.3
2002	13.0
2002	9.6
2002	16.9
2002	20.5
2002	24.5
2002	23.3
2002	14.8
2002	19.3
2002	14.1
2002	19.2
2002	16.5
2002	3.9
2002	13.5
2002	19.4
2002	23.4
2002	18.6
2002	8.8
2002	15.6
2002	21.5
2002	19.1
2002	19.9
2002	17.6
2002	25.2
2002	13.3
2002	13.6
2002	12.4
2002	15.3
2002	19.5
2002	18.1
2002	22.8
2002	20.2
2002	15.1
2002	21.6
2002	22.1
2002	26.6
2002	28.2
2002	27.1
2002	29.3
2002	27.4
2002	29.4
2002	29.5
2002	23.1
2002	19.8
2002	18.5
2002	17.6
2002	14.6
2002	19.0
2002	27.4
2002	22.1
2002	22.2
2002	24.2
2002	31.6
2002	18.1
2002	12.5
2002	24.6
2002	24.3
2002	29.3
2002	27.8
2002	29.4
2002	23.5
2002	18.6
2002	27.0
2002	25.9
2002	17.6
2002	22.7
2002	24.7
2002	25.3
2002	18.7
2002	14.3
2002	14.4
2002	13.4
2002	17.5
2002	23.2
2002	25.8
2002	27.1
2002	26.9
2002	25.0
2002	25.2
2002	25.6
2002	24.1
2002	28.1
2002	29.9
2002	29.9
2002	29.8
2002	31.0
2002	28.4
2002	25.1
2002	25.9
2002	23.2
2002	26.8
2002	27.5
2002	28.9
2002	28.8
2002	28.9
2002	22.4
2002	23.4
2002	24.1
2002	25.2
2002	27.8
2002	27.1
2002	26.6
2002	26.1
2002	26.7
2002	24.7
2002	28.2
2002	29.9
2002	28.4
2002	26.5
2002	26.3
2002	28.9
2002	29.4
2002	30.4
2002	30.2
2002	29.8
2002	29.6
2002	31.1
2002	30.1
2002	28.2
2002	28.7
2002	29.7
2002	20.7
2002	26.6
2002	28.2
2002	28.9
2002	29.3
2002	28.6
2002	29.2
2002	27.6
2002	30.5
2002	29.7
2002	29.6
2002	28.6
2002	27.7
2002	29.3
2002	30.8
2002	31.2
2002	31.9
2002	32.6
2002	30.9
2002	31.8
2002	30.7
2002	30.9
2002	31.6
2002	33.3
2002	31.1
2002	29.4
2002	29.3
2002	28.6
2002	29.9
2002	30.7
2002	32.0
2002	31.5
2002	30.9
2002	30.3
2002	27.4
2002	29.7
2002	30.8
2002	30.4
2002	30.7
2002	31.3
2002	31.9
2002	32.6
2002	31.5
2002	27.6
2002	26.7
2002	26.0
2002	25.6
2002	25.0
2002	25.5
2002	22.9
2002	26.6
2002	29.1
2002	29.6
2002	31.7
2002	30.3
2002	29.4
2002	28.3
2002	29.4
2002	31.9
2002	31.7
2002	30.0
2002	26.4
2002	23.6
2002	21.7
2002	20.3
2002	27.0
2002	24.8
2002	23.2
2002	27.1
2002	21.8
2002	22.2
2002	21.2
2002	23.7
2002	22.6
2002	15.2
2002	20.5
2002	25.3
2002	24.5
2002	22.8
2002	20.9
2002	27.2
2002	27.9
2002	27.9
2002	25.6
2002	27.0
2002	25.0
2002	21.7
2002	18.1
2002	18.9
2002	17.3
2002	22.5
2002	24.5
2002	22.8
2002	17.7
2002	10.8
2002	15.6
2002	13.6
2002	15.9
2002	19.2
2002	21.1
2002	18.3
2002	19.6
2002	19.4
2002	13.1
2002	12.8
2002	18.5
2002	16.7
2002	16.7
2002	14.4
2002	16.8
2002	9.4
2002	10.9
2002	10.7
2002	12.9
2002	13.5
2002	10.4
2002	10.6
2002	13.1
2002	18.6
2002	19.2
2002	20.1
2002	20.2
2002	11.9
2002	9.7
2002	14.5
2002	13.1
2002	10.8
2002	5.0
2002	10.7
2002	13.1
2002	12.6
2002	13.3
2002	6.9
2002	9.4
2002	16.3
2002	15.5
2002	15.0
2002	5.8
2002	3.1
2002	11.2
2002	13.3
2002	2.6
2002	9.7
2002	11.6
2002	5.6
2002	4.0
2002	2.6
2002	8.3
2002	7.0
2002	5.2
2002	8.8
2002	8.1
2002	8.9
2002	6.0
2002	5.0
2002	9.3
2002	15.5
2002	10.1
2002	6.2
2002	11.5
2002	11.4
2002	12.2
2002	14.8
2002	9.7
2002	4.6
2002	3.7
2002	1.8
2002	6.9
2002	8.0
2002	15.7
2002	13.7
2002	14.1
