2016	7.0
2016	7.9
2016	8.2
2016	1.6
2016	4.0
2016	6.6
2016	14.7
2016	11.3
2016	8.9
2016	7.2
2016	2.6
2016	8.2
2016	4.8
2016	14.1
2016	4.6
2016	8.2
2016	3.6
2016	-2.2
2016	-2.0
2016	2.3
2016	8.5
2016	0.9
2016	-2.5
2016	7.2
2016	12.3
2016	11.1
2016	6.7
2016	8.6
2016	8.4
2016	13.2
2016	16.3
2016	20.8
2016	11.0
2016	17.4
2016	9.1
2016	4.4
2016	6.8
2016	8.8
2016	8.9
2016	-0.2
2016	-1.7
2016	3.3
2016	4.2
2016	-0.4
2016	-4.6
2016	2.4
2016	9.0
2016	6.4
2016	11.5
2016	13.1
2016	14.2
2016	16.0
2016	17.1
2016	8.6
2016	16.5
2016	6.2
2016	4.6
2016	11.2
2016	19.3
2016	19.2
2016	19.8
2016	6.9
2016	4.4
2016	8.3
2016	12.7
2016	15.1
2016	18.2
2016	22.7
2016	21.8
2016	22.7
2016	23.3
2016	25.2
2016	22.2
2016	22.9
2016	26.2
2016	26.1
2016	22.3
2016	19.1
2016	19.8
2016	8.6
2016	8.8
2016	18.7
2016	23.0
2016	20.4
2016	18.5
2016	17.6
2016	17.7
2016	17.8
2016	17.0
2016	19.0
2016	18.5
2016	23.0
2016	15.7
2016	17.0
2016	23.9
2016	14.0
2016	12.4
2016	17.0
2016	12.2
2016	8.9
2016	14.5
2016	18.4
2016	18.5
2016	16.9
2016	19.5
2016	17.5
2016	20.3
2016	23.5
2016	26.9
2016	25.9
2016	24.3
2016	23.8
2016	17.1
2016	19.5
2016	24.5
2016	25.2
2016	26.9
2016	26.7
2016	29.5
2016	27.3
2016	25.4
2016	25.6
2016	24.0
2016	22.4
2016	17.6
2016	11.8
2016	15.7
2016	24.8
2016	26.6
2016	22.9
2016	26.6
2016	23.6
2016	25.6
2016	21.7
2016	23.4
2016	16.0
2016	19.6
2016	20.8
2016	24.8
2016	16.8
2016	13.6
2016	23.1
2016	20.5
2016	22.0
2016	25.3
2016	27.2
2016	26.0
2016	26.6
2016	27.1
2016	23.3
2016	29.0
2016	28.7
2016	29.3
2016	27.6
2016	28.9
2016	30.7
2016	24.6
2016	24.6
2016	28.2
2016	25.4
2016	27.9
2016	30.3
2016	32.5
2016	31.9
2016	32.0
2016	32.8
2016	29.6
2016	32.0
2016	28.2
2016	27.0
2016	26.6
2016	29.2
2016	31.9
2016	32.2
2016	34.8
2016	30.3
2016	31.9
2016	31.6
2016	29.8
2016	29.5
2016	29.1
2016	29.9
2016	30.2
2016	31.4
2016	31.9
2016	30.8
2016	32.0
2016	32.0
2016	30.6
2016	32.0
2016	29.5
2016	29.8
2016	28.9
2016	29.5
2016	29.3
2016	29.9
2016	28.7
2016	27.8
2016	29.9
2016	28.8
2016	30.3
2016	31.0
2016	30.4
2016	30.0
2016	30.4
2016	31.5
2016	31.6
2016	31.7
2016	31.9
2016	30.5
2016	29.8
2016	29.0
2016	30.4
2016	29.1
2016	27.4
2016	30.3
2016	27.4
2016	28.8
2016	29.3
2016	30.4
2016	27.3
2016	27.2
2016	25.4
2016	28.6
2016	28.5
2016	30.1
2016	30.2
2016	30.2
2016	30.5
2016	29.4
2016	27.7
2016	27.6
2016	25.7
2016	27.6
2016	26.2
2016	26.5
2016	26.4
2016	30.4
2016	30.5
2016	30.4
2016	29.3
2016	29.2
2016	28.7
2016	29.8
2016	28.8
2016	21.6
2016	25.8
2016	27.0
2016	27.5
2016	28.9
2016	29.9
2016	30.6
2016	30.0
2016	29.0
2016	27.9
2016	28.5
2016	28.4
2016	30.0
2016	30.0
2016	28.2
2016	27.1
2016	24.7
2016	27.2
2016	28.7
2016	28.2
2016	27.0
2016	28.6
2016	31.3
2016	31.0
2016	26.3
2016	25.7
2016	25.9
2016	23.6
2016	22.1
2016	22.5
2016	22.6
2016	22.5
2016	23.5
2016	23.4
2016	22.1
2016	18.8
2016	21.7
2016	18.6
2016	22.1
2016	20.6
2016	22.1
2016	23.8
2016	21.0
2016	24.5
2016	23.3
2016	25.8
2016	26.6
2016	28.1
2016	28.4
2016	15.4
2016	12.9
2016	19.7
2016	25.6
2016	21.6
2016	21.3
2016	23.0
2016	24.6
2016	25.9
2016	25.5
2016	26.5
2016	25.0
2016	25.4
2016	24.8
2016	20.4
2016	19.9
2016	20.8
2016	19.5
2016	18.3
2016	15.3
2016	18.8
2016	16.8
2016	13.0
2016	14.2
2016	16.0
2016	16.3
2016	18.6
2016	22.3
2016	24.8
2016	10.8
2016	7.4
2016	10.3
2016	15.5
2016	17.3
2016	20.3
2016	19.2
2016	10.7
2016	12.6
2016	11.6
2016	19.9
2016	20.2
2016	11.8
2016	12.1
2016	8.6
2016	4.7
2016	12.2
2016	9.4
2016	14.3
2016	5.1
2016	0.2
2016	4.2
2016	6.6
2016	14.3
2016	8.4
2016	6.5
2016	0.3
2016	1.6
2016	17.3
2016	17.8
2016	6.6
2016	8.3
2016	14.3
2016	14.6
2016	11.1
2016	16.7
2016	18.4
2016	12.6
2016	15.8
2016	16.1
2016	10.3
2016	6.1
2016	9.0
