2004	17.1
2004	17.6
2004	22.3
2004	22.7
2004	16.4
2004	1.8
2004	-2.3
2004	2.8
2004	1.7
2004	0.1
2004	5.9
2004	15.2
2004	14.0
2004	14.0
2004	10.1
2004	10.9
2004	9.9
2004	13.5
2004	0.4
2004	3.4
2004	6.0
2004	10.4
2004	4.1
2004	14.9
2004	5.5
2004	0.8
2004	5.9
2004	0.5
2004	7.0
2004	8.5
2004	5.5
2004	6.7
2004	0.9
2004	8.4
2004	8.0
2004	2.3
2004	9.1
2004	4.1
2004	5.4
2004	9.8
2004	8.5
2004	7.7
2004	3.9
2004	11.7
2004	7.7
2004	5.2
2004	1.2
2004	3.9
2004	10.1
2004	15.9
2004	18.1
2004	13.4
2004	14.9
2004	10.0
2004	10.1
2004	7.4
2004	4.0
2004	8.5
2004	15.4
2004	17.7
2004	17.6
2004	15.7
2004	19.0
2004	22.5
2004	20.1
2004	19.7
2004	18.0
2004	9.3
2004	5.5
2004	8.8
2004	16.1
2004	14.3
2004	15.6
2004	17.5
2004	14.4
2004	19.2
2004	12.8
2004	12.1
2004	17.8
2004	20.5
2004	14.5
2004	5.3
2004	12.3
2004	18.1
2004	20.7
2004	22.1
2004	23.4
2004	24.4
2004	20.3
2004	13.6
2004	9.0
2004	8.9
2004	9.1
2004	16.2
2004	10.8
2004	13.1
2004	20.0
2004	23.3
2004	20.0
2004	21.7
2004	20.1
2004	18.8
2004	11.0
2004	16.9
2004	8.8
2004	19.4
2004	22.1
2004	25.0
2004	27.5
2004	26.6
2004	23.6
2004	24.3
2004	24.6
2004	27.7
2004	26.5
2004	25.5
2004	20.1
2004	17.2
2004	21.0
2004	21.4
2004	17.9
2004	20.6
2004	21.3
2004	12.2
2004	18.2
2004	23.5
2004	26.8
2004	27.4
2004	26.9
2004	25.4
2004	26.5
2004	26.3
2004	24.6
2004	20.1
2004	24.0
2004	24.6
2004	25.3
2004	23.1
2004	24.5
2004	25.5
2004	26.4
2004	28.9
2004	25.8
2004	24.6
2004	28.0
2004	29.3
2004	27.3
2004	28.4
2004	23.7
2004	26.1
2004	26.6
2004	23.8
2004	24.4
2004	26.7
2004	26.3
2004	23.1
2004	22.2
2004	24.0
2004	25.0
2004	22.3
2004	26.5
2004	27.5
2004	29.2
2004	29.6
2004	21.7
2004	26.4
2004	23.8
2004	28.2
2004	29.2
2004	28.6
2004	28.6
2004	26.2
2004	22.7
2004	26.8
2004	25.0
2004	25.5
2004	22.7
2004	24.9
2004	21.5
2004	23.1
2004	25.6
2004	24.0
2004	25.8
2004	25.8
2004	24.9
2004	27.8
2004	29.9
2004	28.8
2004	28.0
2004	27.9
2004	30.0
2004	30.3
2004	29.6
2004	27.6
2004	29.3
2004	30.4
2004	24.8
2004	26.1
2004	24.8
2004	25.7
2004	26.2
2004	27.1
2004	28.7
2004	27.4
2004	28.3
2004	28.9
2004	28.0
2004	26.0
2004	25.0
2004	27.4
2004	26.0
2004	25.1
2004	27.6
2004	28.6
2004	28.3
2004	27.5
2004	29.2
2004	24.0
2004	22.5
2004	23.3
2004	24.6
2004	25.5
2004	26.8
2004	26.8
2004	21.5
2004	21.1
2004	23.8
2004	23.2
2004	24.8
2004	25.0
2004	26.8
2004	27.8
2004	27.9
2004	26.8
2004	22.9
2004	25.0
2004	26.9
2004	26.1
2004	26.9
2004	28.7
2004	28.9
2004	28.0
2004	27.2
2004	27.1
2004	24.7
2004	20.7
2004	23.3
2004	24.3
2004	24.8
2004	23.8
2004	21.1
2004	22.6
2004	23.9
2004	25.4
2004	25.3
2004	24.7
2004	22.3
2004	23.2
2004	24.8
2004	21.6
2004	22.4
2004	20.9
2004	24.2
2004	20.8
2004	23.4
2004	26.1
2004	27.5
2004	25.0
2004	24.8
2004	23.1
2004	18.2
2004	22.0
2004	23.1
2004	23.2
2004	23.7
2004	23.9
2004	23.2
2004	22.2
2004	23.0
2004	19.5
2004	21.8
2004	20.4
2004	19.1
2004	22.9
2004	23.0
2004	23.5
2004	20.0
2004	17.5
2004	13.9
2004	16.8
2004	18.6
2004	20.1
2004	18.9
2004	22.6
2004	20.3
2004	19.3
2004	14.1
2004	20.9
2004	22.5
2004	21.0
2004	23.1
2004	21.7
2004	25.5
2004	26.3
2004	25.5
2004	24.4
2004	19.7
2004	19.3
2004	13.4
2004	17.5
2004	21.2
2004	15.3
2004	15.9
2004	12.7
2004	10.4
2004	12.9
2004	13.0
2004	11.7
2004	15.6
2004	15.5
2004	18.1
2004	18.3
2004	19.1
2004	17.9
2004	15.7
2004	18.9
2004	14.6
2004	17.3
2004	14.6
2004	9.9
2004	6.3
2004	9.4
2004	12.7
2004	12.4
2004	13.7
2004	14.3
2004	9.7
2004	11.3
2004	14.1
2004	10.1
2004	19.9
2004	16.6
2004	12.2
2004	16.3
2004	6.4
2004	5.9
2004	7.9
2004	-1.3
2004	4.8
2004	10.4
2004	10.0
2004	9.5
2004	3.3
2004	-2.0
2004	10.9
2004	11.3
2004	14.0
2004	0.1
2004	2.0
2004	5.4
2004	7.2
2004	8.8
2004	14.2
2004	16.1
2004	14.8
